132 140 1356 10 3.80776 256
132 148 1358 16 3.79011 256
132 52 824 398 3.6558 1291
132 60 822 402 3.67031 1291
132 68 1704 766 3.6579 813
132 76 286 534 3.62772 1536
132 92 534 638 3.59914 392
132 100 256 582 3.65565 3351
132 108 150 482 3.81271 69
132 116 262 590 3.87837 475
132 124 1106 302 3.71134 1195
140 140 462 382 3.73849 3165
140 148 1366 16 3.76768 256
140 76 856 446 3.65506 1460
140 84 856 456 3.66462 1460
140 92 822 416 3.54455 33238
140 116 266 590 3.87609 475
36 140 1016 304 3.4731 9696
36 148 78 506 3.45104 2090
36 60 1670 720 3.57149 418
36 68 1674 736 3.56539 341
36 76 1670 744 3.58076 341
36 84 574 192 3.54839 1521
36 92 1672 754 3.60602 341
36 108 466 64 3.55445 974
36 124 426 162 3.50182 13188
148 132 1062 84 3.70985 11773
148 140 1350 12 3.73325 378
148 84 234 492 3.41327 162
148 116 202 530 3.71228 8253
44 132 1282 424 3.58078 56508
44 140 1424 306 3.53775 4377
44 76 1682 730 3.58025 418
44 84 1682 740 3.57496 418
44 92 738 572 3.59915 636
44 100 738 578 3.54233 2224
44 108 1082 658 3.55352 2661
44 116 440 142 3.54846 1738
44 124 462 76 3.53709 974
12 76 1232 626 3.49963 13562
12 84 72 444 3.53965 4296
12 92 72 450 3.64351 4296
12 100 70 454 3.61884 2101
52 132 240 114 3.63875 1668
52 140 1286 434 3.53589 56508
52 148 390 386 3.60255 11955
52 12 22 730 4.15872 1
52 52 66 762 3.79032 12
52 4 26 726 4.16051 1
52 76 846 440 3.69659 1491
52 84 754 542 3.53926 2224
52 92 748 574 3.53852 2224
52 100 750 582 3.573 2224
52 108 854 212 3.54322 1989
52 28 30 746 4.14108 1
52 116 472 66 3.58696 974
52 124 1290 418 3.62031 46158
60 140 1178 338 3.57223 42121
60 36 72 742 3.86814 0
60 44 70 746 3.88193 0
60 12 30 730 4.11306 1
60 52 70 752 3.86796 0
60 76 72 768 3.77417 65
60 20 42 736 4.13475 1
60 92 1038 298 3.57662 1020
60 108 158 370 3.54583 1315
60 28 40 744 4.10178 1
60 124 1178 326 3.71748 42121
4 60 10 756 3.93778 0
4 76 1224 624 3.5609 13562
68 132 570 710 3.73203 1448
68 140 1122 86 3.60037 1325
68 148 102 196 3.69473 282
68 12 42 734 4.1557 1
68 52 498 462 3.56658 62267
68 68 80 762 3.76069 65
68 76 80 768 3.76669 65
68 100 164 362 3.59727 1315
68 108 118 470 3.58967 76
68 116 1604 402 3.66961 4900
68 124 1186 330 3.77685 589
76 132 1194 338 3.7638 589
76 140 1376 2 3.62735 962
76 36 38 758 3.68147 24
76 148 112 194 3.68585 282
76 44 62 750 3.71056 13
76 12 48 736 4.16841 1
76 68 90 766 3.59839 39
76 84 114 436 3.59876 144
76 92 114 440 3.57796 142
76 108 142 250 3.58636 1293
76 116 1610 402 3.67402 4900
76 124 1192 330 3.77725 589
20 52 22 752 3.9323 12
20 68 652 480 3.52239 4412
20 76 810 450 3.52573 1491
20 84 1652 744 3.56219 418
20 92 1200 430 3.48876 3073
20 100 1254 660 3.5162 6235
20 108 720 580 3.62323 2258
20 28 10 734 4.13008 1
20 116 134 586 3.60338 2323
84 148 1318 14 3.74287 256
84 4 48 734 4.05163 8
84 68 102 770 3.56639 115
84 76 94 430 3.61751 51
84 92 262 338 3.5749 1059
84 100 1666 308 3.55115 1109
84 108 1132 56 3.65507 802
84 28 50 750 3.75798 8
84 116 198 374 3.55754 773
92 140 1326 2 3.75905 256
92 148 1330 14 3.7422 256
92 44 126 72 3.54116 291
92 52 134 84 3.51679 291
92 60 32 102 3.5404 280
92 68 92 120 3.51613 486
92 76 108 426 3.57151 51
92 92 98 442 3.5983 69
92 108 1142 56 3.64412 802
100 132 106 494 3.84872 69
100 140 160 190 3.68699 286
100 148 434 398 3.7494 1441
100 44 498 40 3.54634 299
100 60 138 84 3.56035 266
100 76 116 430 3.58791 51
100 100 74 138 3.59573 272
100 108 122 474 3.67898 2090
100 124 106 486 3.85713 69
108 132 112 494 3.82484 69
108 140 170 492 3.78169 431
108 36 508 30 3.58233 1227
108 52 514 168 3.5718 447
108 60 146 82 3.60542 334
108 68 1674 766 3.62138 813
108 76 824 472 3.5592 361
108 84 822 256 3.57447 538
108 92 108 138 3.53013 196
108 100 86 144 3.63486 178
108 108 200 516 3.73102 948
108 116 126 484 3.82502 283
108 124 112 486 3.85843 69
28 132 1400 300 3.52605 4377
28 140 684 612 3.47394 3024
28 68 818 442 3.52341 1491
28 84 704 510 3.5272 1478
28 124 142 592 3.56559 2323
116 132 240 602 3.83824 475
116 140 1338 10 3.80312 256
116 36 1210 666 3.54439 995
116 148 1338 18 3.78852 256
116 44 1688 680 3.53607 5942
116 52 1688 750 3.55309 813
116 60 506 68 3.58785 299
116 68 512 40 3.63369 3281
116 76 1680 772 3.58755 813
116 84 832 478 3.57024 361
116 92 166 234 3.57511 919
116 116 194 526 3.82703 4540
116 124 158 482 3.84974 76
124 132 250 602 3.85731 475
124 148 1344 18 3.82128 256
124 44 840 464 3.60686 1338
124 60 1698 734 3.59573 1116
124 68 1698 762 3.60732 813
124 76 842 478 3.62822 361
124 20 1222 662 3.5872 2197
124 84 126 442 3.57144 51
124 100 260 574 3.67687 2488
124 28 848 424 3.65625 587
124 116 258 594 3.85372 258
124 124 162 480 3.85942 76
