132 60 1632 578 3.34298 2858
132 68 1634 584 3.38731 2858
140 12 30 726 4.03711 2
140 52 42 0 3.38152 43476
140 60 1642 576 3.39723 2858
140 4 32 722 3.95843 2
140 68 910 162 3.32128 34694
140 20 42 730 4.01623 2
36 36 1286 534 3.68544 23
36 60 318 536 3.91347 172
36 4 278 506 3.42328 5720
36 68 314 544 3.93684 172
36 28 1662 102 3.69847 4
44 44 928 470 3.78913 8
44 12 932 446 3.57577 90
44 60 322 536 3.92181 172
44 4 1006 328 3.52445 130
44 28 1680 114 3.75445 4
12 36 962 342 3.52187 59
12 44 846 386 3.44858 7937
12 12 1434 174 3.51834 4593
12 52 958 352 3.53651 130
12 60 442 706 3.47218 4251
12 4 1692 514 3.5652 3250
12 20 962 332 3.53618 59
52 36 936 464 3.81224 8
52 44 1686 120 3.81118 4
52 60 334 530 3.88192 20
52 4 1298 610 3.54298 2306
52 68 332 538 3.8298 20
60 36 1122 184 3.7354 7
60 68 342 542 3.72256 259
4 36 952 346 3.62919 59
4 44 950 350 3.59947 59
4 12 1426 174 3.54483 4593
4 28 954 340 3.58381 59
68 60 1142 208 3.65582 177
68 68 1146 214 3.65041 177
76 36 336 528 3.87074 19
76 60 1152 208 3.70686 177
76 68 1154 218 3.68867 177
76 20 1130 164 3.72724 25
76 28 338 522 3.83321 19
20 44 858 386 3.50289 7937
20 12 1442 170 3.54817 4593
20 52 922 434 3.51741 116
20 60 446 702 3.51982 4251
20 4 1442 166 3.56437 4593
20 20 258 442 3.493 304
20 28 1514 314 3.67238 129
84 44 1146 184 3.72649 7
84 52 1150 198 3.73365 177
84 60 1170 206 3.66912 177
84 68 1162 214 3.69698 7
84 20 1138 162 3.6981 25
84 28 346 522 3.82371 19
92 36 1160 174 3.72774 177
92 44 1160 178 3.7459 58
92 52 1154 198 3.78793 177
92 68 1178 216 3.63537 177
92 20 346 590 3.43614 3538
100 36 1630 562 3.62595 455
100 44 1168 180 3.66243 58
100 52 1244 478 3.54333 502
100 68 1120 252 3.58834 91
100 28 1170 166 3.61289 58
108 36 344 594 3.55293 1044
108 44 1630 578 3.44199 1023
108 52 1630 586 3.44951 1023
108 60 458 304 3.36774 2538
108 68 1234 726 3.37286 10584
108 28 10 738 3.99659 3
28 36 1656 110 3.70133 4
28 44 1280 544 3.71824 23
28 12 1452 170 3.58413 4593
28 52 1658 132 3.61616 4
28 4 1452 166 3.52984 4593
28 68 130 582 3.48379 293
116 52 1562 564 3.36419 1128
116 68 466 310 3.38518 2538
116 28 10 734 4.05891 2
124 52 360 608 3.39044 1044
124 60 1446 574 3.38757 723
124 68 1448 580 3.35108 723
124 20 22 728 4.08466 2
