36 36 482 146 3.15575 156
36 44 38 122 3.14954 302
36 20 906 282 3.20405 18964
36 28 1700 332 3.18116 51
44 36 50 130 3.18714 113
44 44 516 206 3.12863 903
44 12 914 274 3.2974 7886
44 52 260 350 3.11723 228
44 28 52 120 3.19363 113
12 36 990 618 3.13308 165
12 44 506 406 3.17994 28
12 12 26 730 3.47786 27
12 4 28 726 3.49989 27
12 20 22 752 3.43203 0
12 28 24 758 3.37084 0
52 44 404 312 3.14375 1388
52 12 56 740 3.17091 71
52 52 402 320 3.16805 1388
52 20 46 766 3.21244 15
52 28 46 772 3.20024 15
60 36 1704 412 3.16903 1223
60 44 1704 420 3.14883 1223
60 12 930 278 3.16338 7886
60 52 410 320 3.08809 1388
60 4 930 268 3.25665 7886
60 20 54 766 3.13936 15
60 28 56 772 3.16806 15
4 36 336 494 3.21108 4454
4 44 0 250 3.10155 132
4 12 22 730 3.49568 27
4 4 22 726 3.49183 27
4 20 42 736 3.42953 124
68 36 258 12 3.06934 1594
68 44 256 18 3.1111 1594
68 52 1704 350 3.05759 3651
68 4 64 738 3.13292 33
68 28 1200 664 3.09049 92
76 36 1208 682 3.08282 92
76 44 274 298 3.1061 1620
76 52 396 344 3.06401 1269
76 28 1208 674 3.09275 92
20 36 516 398 3.14781 28
20 44 1258 658 3.13488 125
20 52 1258 664 3.14278 125
20 4 42 730 3.47368 19
20 28 28 762 3.26734 5
84 36 1198 646 3.11797 9271
84 44 826 460 3.06875 46536
84 12 1222 658 3.18427 92
84 20 1220 664 3.2377 92
84 28 858 462 3.22345 401
92 36 864 466 3.22332 1818
92 44 1208 656 3.19495 971
92 20 1224 654 2.96152 967
92 28 1224 662 3.16072 3225
28 36 476 148 3.14844 156
28 44 424 70 3.14174 359
28 12 50 734 3.48218 19
28 52 178 138 3.13412 151
