36 36 1190 488 3.13265 178
36 44 1058 78 3.13144 715
36 12 46 736 3.48681 36
36 28 210 716 3.04326 209
44 44 1056 84 3.12782 446
44 52 1062 90 3.15268 715
44 28 1200 480 3.11618 178
12 44 1530 350 3.1899 10127
12 12 22 730 3.54523 6
12 60 956 454 3.0531 392
12 4 26 726 3.54702 6
52 36 324 538 3.19792 146
52 44 1198 500 3.13032 142
52 12 56 746 3.10005 89
52 52 914 338 3.0092 497
52 20 1202 476 3.03666 385
52 28 330 526 3.18914 133
60 36 1212 486 3.12883 385
60 44 1210 502 3.13122 142
60 12 1192 478 3.12235 127
60 4 1166 622 2.92658 90958
60 20 1198 482 3.14049 142
60 28 1198 490 3.19266 109
4 44 14 758 3.2798 31
4 52 1522 354 3.18613 10127
4 60 1680 532 3.13617 538
4 28 10 734 3.45579 2
68 36 890 254 3.18835 120
68 44 894 258 3.05187 987
68 4 1422 258 3.0651 12485
68 28 246 710 3.08953 90
76 36 898 254 3.13938 120
76 12 1026 178 3.0338 6683
76 4 1574 556 3.07862 63902
76 20 1150 16 2.86978 12210
20 36 58 738 3.24447 75
20 44 46 760 3.1523 6
20 60 1662 314 3.01566 5631
20 28 36 744 3.45331 0
28 44 74 748 3.09602 59
28 12 30 730 3.50379 6
28 52 36 768 3.0322 20
28 60 898 312 2.99856 709
