36 12 48 734 3.61868 0
36 20 50 740 3.56795 0
36 28 50 748 3.57021 0
44 36 88 546 3.04214 446
44 52 890 256 2.93616 2698
12 12 22 730 3.60979 0
12 52 48 768 3.20745 175
12 4 26 726 3.61158 0
12 28 30 746 3.60532 0
52 20 440 426 3.02764 349
52 28 52 754 3.05114 18
60 44 6 726 2.97432 2198
60 20 106 538 3.07289 446
4 36 32 746 3.46463 5
4 52 40 768 3.18966 175
68 36 896 256 3.0015 554
68 4 890 284 3.17535 10560
68 28 1222 478 3.01135 336
76 12 1218 120 3.0393 30584
76 4 1226 454 3.00525 36300
76 20 1226 472 3.06283 36300
20 44 10 24 3.08164 370
20 12 30 730 3.56413 0
20 20 40 738 3.59876 0
20 28 42 744 3.58523 0
28 44 112 284 3.06499 329
28 4 42 730 3.59573 0
