36 36 820 462 3.16037 2
36 44 358 370 3.14629 325
36 12 1110 240 3.14082 1
36 52 1678 30 3.21177 286
36 60 1680 42 3.2255 286
36 4 1198 642 3.16766 342
36 68 72 326 3.18249 274
36 76 44 340 3.1657 164
36 20 1678 734 3.13947 479
36 92 84 478 3.05956 466
36 28 1118 250 3.14854 0
44 36 1118 242 3.21032 62
44 44 1120 254 3.20169 62
44 52 1126 264 3.21957 1
44 60 1124 272 3.20308 1
44 76 1550 84 3.09791 2970
44 84 154 698 3.04688 10
44 28 1090 610 3.07523 583
12 36 350 480 3.09692 26798
12 44 330 542 3.10908 123
12 52 1086 758 3.16509 203
12 68 954 350 3.2008 10231
12 20 326 502 3.14579 84
12 92 26 730 3.2846 8875
12 28 330 504 3.16471 84
52 44 1132 256 3.17522 1
52 12 1224 662 3.1883 47
52 52 88 324 3.17293 21
52 60 1134 272 3.14061 1
52 76 1556 84 3.12449 2970
52 20 858 454 3.23954 17
52 92 1554 104 3.07186 2970
60 36 1220 670 3.25837 8286
60 44 1634 578 3.0653 1502
60 52 1144 266 3.12972 4663
60 60 1562 78 3.16324 3719
60 68 1558 90 3.17337 3719
60 76 900 250 3.06017 43416
60 84 900 258 3.01249 43416
4 44 70 438 3.18091 1249
4 12 14 734 3.21821 37462
4 52 70 448 3.2893 1422
4 84 22 726 3.30043 8875
4 92 22 730 3.30428 8875
20 12 334 494 3.1752 84
20 52 1662 32 3.15344 286
20 68 42 704 3.09063 436
20 76 1086 280 3.11766 46
20 28 1688 530 3.08014 170
28 44 1110 250 3.17868 1
28 12 1104 238 3.13542 1
28 52 30 316 3.19238 164
28 60 1674 42 3.24298 286
28 4 1688 514 3.12364 558
28 68 126 684 3.15987 20
28 76 158 690 3.17059 52
28 20 1102 250 3.13889 1
28 84 582 344 3.12613 626
28 92 1538 106 3.06859 2970
28 28 814 456 3.1441 2
