36 36 370 478 3.01594 44
36 44 1094 44 3.12799 2349
36 52 1094 50 3.11165 2349
36 4 6 762 3.22095 107
36 20 206 750 3.14986 11
44 36 210 772 3.03384 0
44 44 1066 84 3.03853 469
44 12 210 748 3.15273 0
44 52 952 296 2.88304 1364
44 4 904 274 3.22499 4820
44 20 870 230 3.14169 7
44 28 132 238 3.08251 64
12 12 42 736 3.28967 128
12 52 346 500 3.02435 44
12 4 44 728 3.33025 128
12 28 334 498 3.21368 421
52 36 898 182 3.1215 99
52 44 1078 82 3.01894 469
52 4 1008 192 3.17392 5
52 20 420 486 3.17978 151
60 36 228 772 3.21524 0
60 12 998 422 3.15809 52
60 4 430 410 3.09803 24789
60 20 974 148 3.16483 14
60 28 230 762 3.23367 0
4 36 328 504 3.22226 421
4 44 338 494 3.18823 10268
4 12 22 730 3.33448 540
4 52 1680 140 3.08173 3757
4 4 26 726 3.33627 540
68 36 234 772 3.24413 0
68 12 1490 308 3.1991 1719
68 4 1492 298 3.26302 1719
68 20 980 148 3.10451 14
68 28 238 764 3.21418 0
76 12 1502 306 3.26766 1719
76 4 1502 298 3.19644 1719
76 28 1502 312 3.18873 163
20 36 1680 292 3.07833 23
20 44 360 490 3.10764 42
20 12 0 768 3.27049 107
20 52 138 246 3.03537 142
20 20 1518 134 3.08829 5440
20 28 1680 286 3.0551 23
28 36 914 134 3.03906 383
28 52 1086 50 3.11256 2349
28 4 8 758 3.24099 107
28 20 1698 66 3.09822 36
28 28 1698 74 3.08316 36
