36 36 358 624 3.51096 4
36 44 342 624 3.4457 163
36 68 486 718 3.47418 133
36 20 1022 338 3.46424 16
44 44 1138 166 3.45385 268
44 12 592 706 3.52572 0
44 52 592 720 3.39248 104
44 68 258 634 3.41318 86
44 76 260 642 3.33412 12
44 20 584 706 3.53809 75
44 28 582 710 3.53915 75
12 52 482 698 3.42616 22
12 4 46 728 3.19475 53347
12 68 456 714 3.49207 133
12 20 1200 106 3.15115 349
52 60 1152 192 3.29436 89
52 4 550 666 2.89727 823
52 68 1160 192 3.29274 291
52 76 1556 92 3.22623 3466
52 28 590 712 3.54756 75
4 36 32 396 3.2908 2244
4 44 14 518 3.29962 589
4 52 36 416 3.31634 2244
4 60 38 426 3.29549 2244
4 68 690 634 3.10674 1461
4 28 30 394 3.12239 1845
20 36 338 622 3.49072 39
20 60 462 710 3.48346 133
20 4 1100 436 3.08992 4099
20 76 462 720 3.39815 120
20 20 1132 152 3.39272 183
20 28 350 618 3.49185 85
28 36 354 622 3.53088 4
28 12 584 702 3.48373 0
28 52 544 710 3.37959 175
28 4 1110 436 3.1176 4099
28 68 476 718 3.47694 133
