36 44 892 250 3.15243 16
36 52 902 246 3.14913 2375
36 60 10 734 3.10277 23225
36 4 1308 304 3.03034 102695
36 20 1286 246 3.2342 12
36 28 1288 258 3.2265 12
44 36 906 234 3.16227 1981
44 52 18 726 3.08697 23225
44 60 18 730 3.09729 23225
44 4 1660 520 3.13736 939
44 20 1296 254 3.00059 247
44 28 1600 70 3.05974 931
12 36 978 466 3.0992 1105
12 44 1274 278 3.10674 0
12 12 886 292 3.1364 478
12 52 1276 286 3.12634 0
12 60 1376 112 2.90385 731
12 4 884 282 3.18912 478
12 20 1266 258 3.08479 12
12 28 1264 264 3.09837 12
4 36 1364 110 3.1151 1661
4 44 1448 258 3.05394 2307
4 12 1512 130 3.10482 1887
4 60 480 80 2.90562 35609
4 4 44 732 3.01246 98523
4 28 1512 142 3.11151 5853
20 36 986 466 3.10138 1105
20 44 1286 278 3.15637 0
20 12 892 294 3.1077 478
20 52 1286 282 3.16918 0
20 60 874 274 3.12198 379
20 4 892 282 3.20037 478
20 28 1274 262 3.13113 12
28 44 1290 274 3.04439 0
28 12 1274 242 3.19284 6
28 52 882 264 3.17482 379
28 60 894 256 3.18924 2375
28 4 1598 560 3.06092 17205
28 20 1278 250 3.23232 12
28 28 1282 258 3.22759 12
