36 36 496 202 3.23354 1129
36 12 1668 732 3.26318 0
36 20 1668 742 3.26298 0
36 28 494 196 3.25398 1129
44 36 506 200 3.20966 575
44 12 1674 738 3.19978 74
44 52 1666 488 3.39907 4476
44 60 1670 496 3.28544 4476
44 20 1676 748 3.23582 74
12 12 178 404 3.21592 55746
12 52 28 726 3.39306 10833
12 60 26 730 3.36917 10833
12 4 176 398 3.24415 55746
12 20 1578 580 3.21206 238
12 28 1662 764 3.28201 4
52 44 1686 484 3.18732 2345
52 12 1442 602 3.23346 140
52 60 1680 496 3.39115 2345
52 20 1684 748 3.20753 74
52 28 508 186 3.28119 46
60 36 518 192 3.24416 46
60 44 522 200 3.17887 10731
60 12 1454 606 3.2423 140
60 52 1540 596 3.33141 325
60 60 1688 496 3.37936 2345
60 4 1450 594 3.32874 140
60 20 1450 608 3.21251 62
60 28 1208 674 3.2725 7
4 12 1684 520 3.24093 8273
4 52 22 726 3.385 10833
4 60 22 730 3.38885 10833
4 4 1682 514 3.2351 8273
68 36 526 190 3.16271 10731
68 44 528 196 3.21097 46
68 12 1204 646 3.30809 255
68 52 1690 482 3.23629 4476
68 60 1688 494 3.31138 4476
68 20 1214 664 3.27462 7
76 44 296 28 3.17542 289
76 52 540 200 3.26443 44
76 20 1222 664 3.32702 7
20 36 1654 760 3.35271 0
20 12 1654 738 3.23787 0
20 4 326 6 3.17917 84
20 20 934 736 3.19256 130
20 28 886 706 3.24236 24
28 36 784 632 3.23924 6
28 12 1570 686 3.20189 32
28 20 1530 762 3.2113 1617
28 28 486 198 3.28565 1129
