36 36 102 514 3.11031 42
36 44 610 686 3.10815 294
36 12 878 294 3.18781 303
36 52 1578 128 3.1342 106
36 60 340 614 3.20532 4666
36 20 100 498 3.20098 42
44 36 110 514 3.13008 42
44 44 910 256 3.13647 18
44 12 106 492 3.18789 42
44 52 1582 126 3.15145 106
44 60 1600 150 3.37953 57
44 4 750 362 3.19885 3738
44 68 1600 156 3.38006 57
44 20 106 502 3.12419 42
44 28 108 504 3.1521 42
12 44 338 494 3.23092 1023
12 12 26 730 3.39983 219
12 52 394 590 3.22092 14791
12 4 28 726 3.42372 219
12 68 396 602 3.22424 14791
52 36 118 510 3.06163 42
52 44 114 702 3.14845 46
52 60 1610 150 3.29916 57
52 4 1294 612 3.04306 12855
52 68 1050 90 3.37301 163
52 20 1598 74 3.1466 123
52 28 1600 82 3.1255 123
60 44 934 254 3.22816 169
60 12 1528 536 3.10828 163784
60 52 1056 76 3.28012 163
60 4 1186 628 3.17213 90391
60 68 1058 90 3.37453 163
4 44 328 498 3.25116 1023
4 12 22 730 3.41951 219
4 52 328 504 3.27599 1023
4 60 386 602 3.26841 14791
4 4 22 726 3.41566 219
4 68 70 442 3.1879 3629
4 28 38 734 3.29661 23
68 36 1210 468 3.12161 1944
68 44 938 254 3.28236 169
68 12 1182 628 3.17908 108389
68 52 938 264 3.27767 169
68 60 1060 86 3.35139 3500
68 20 1142 394 3.18149 24179
68 28 1142 404 3.18742 24179
20 44 1424 142 3.06377 273
20 52 232 178 3.08025 192
20 68 1268 318 3.16722 129
28 36 1390 544 3.03757 1316
28 44 666 22 3.06882 403
28 12 46 736 3.4178 219
28 52 1574 126 3.0911 713
28 60 332 614 3.19523 4666
28 4 46 728 3.39822 219
28 68 122 406 3.19187 688
28 28 24 760 2.98739 40
