36 36 1674 230 3.21881 62
36 12 1556 278 3.10015 4546
36 52 1660 244 3.19087 295
36 4 1556 270 3.13749 4546
36 20 1658 312 3.04141 1344
44 12 1594 250 3.10068 271
44 52 1666 244 3.18979 295
44 60 1680 252 3.16682 62
44 68 392 464 3.1216 3186
44 20 1666 314 3.07081 1344
12 36 396 572 3.11961 110
12 44 396 580 3.17839 127
12 12 26 730 3.36714 363
12 52 1002 744 3.12927 91
12 60 200 184 3.109 95
12 4 28 726 3.39103 363
12 28 1510 132 3.08238 298
52 36 1674 232 3.24 122
52 44 1680 242 3.28219 62
52 12 0 354 3.06411 540
52 60 856 254 3.29428 26
52 68 852 278 3.28795 78
52 20 430 22 3.09375 2823
60 36 1686 232 3.30034 62
60 52 862 246 3.34238 4
60 60 862 258 3.34298 6
60 4 1242 352 3.25001 1729
60 68 868 262 3.38449 48
60 20 398 234 3.11913 662
60 28 1686 222 3.12503 295
4 44 282 444 3.07399 459
4 12 22 730 3.38682 363
4 52 1308 288 3.15243 472
4 60 216 738 3.08128 547
4 4 22 726 3.38297 363
4 68 80 756 3.05233 2185
68 44 878 240 3.33914 0
68 52 874 254 3.38004 0
68 60 872 264 3.39877 26
68 4 1246 350 3.24321 1729
68 68 872 274 3.44343 26
68 20 402 236 3.10197 662
68 28 1130 286 3.11695 1028
76 36 886 234 3.33187 4
76 44 886 242 3.33078 6
76 12 350 602 3.00979 33957
76 52 878 258 3.39866 0
76 60 882 266 3.43704 26
76 4 1256 350 3.14382 4323
76 68 882 274 3.39826 26
76 28 426 552 3.1673 151
20 44 1008 738 3.18927 91
20 12 40 736 3.34554 363
20 52 1186 398 3.17839 235
20 60 1658 296 3.12139 309
20 4 42 730 3.33645 363
20 68 208 192 3.1226 95
84 52 898 252 3.40328 6
84 60 10 724 3.28207 10349
84 68 10 734 3.30052 10349
92 20 880 254 3.20693 404
92 28 900 238 3.3853 123
28 36 866 232 3.2055 49
28 52 1198 414 3.16349 164
28 20 46 744 3.17873 429
28 28 866 222 3.1886 49
