36 52 1312 696 3.83657 965
36 60 568 118 3.812 186
36 68 834 602 3.80407 8
36 76 794 526 3.78962 95
36 20 542 350 3.54054 7009
36 84 798 534 3.82371 95
36 100 866 636 3.80821 26
36 108 918 634 3.77667 332
36 28 1298 662 3.58345 149
36 116 798 614 3.76011 145
36 124 794 638 3.70577 476
44 44 1046 590 3.87899 1180
44 12 38 746 3.61749 77033
44 52 1048 596 3.88828 1180
44 60 1022 14 3.79812 38
44 76 724 494 3.79866 72
44 84 698 490 3.82621 4
44 92 710 498 3.78263 89
44 100 790 598 3.7914 48
44 28 1310 674 3.64602 149
12 12 30 726 3.83903 5402
12 60 286 436 3.6367 5218
12 68 286 444 3.64229 5218
12 76 1594 654 3.67175 985
12 84 766 598 3.69354 82
12 92 766 602 3.70174 131
12 100 822 640 3.77331 32
12 116 770 624 3.86167 82
12 124 766 630 3.84121 82
52 132 572 440 3.57673 2284
52 44 1054 590 3.8465 1180
52 12 116 720 3.53645 44155
52 52 922 528 3.85362 1123
52 60 1318 712 3.81207 437
52 4 118 714 3.58904 44155
52 68 862 622 3.76834 32
52 76 862 634 3.80586 32
52 84 846 614 3.77132 8
52 92 864 648 3.76394 32
52 100 808 564 3.76605 229
52 28 470 238 3.69709 4382
52 124 714 520 3.68019 56
60 36 476 248 3.72194 4382
60 52 1328 694 3.87603 437
60 60 972 28 3.8294 16
60 4 102 730 3.60099 5402
60 68 970 36 3.78976 16
60 76 702 478 3.7755 0
60 20 396 18 3.5712 13983
60 84 590 48 3.7755 60
60 92 824 462 3.73575 222
60 100 992 680 3.73476 261
60 108 806 556 3.77471 95
60 28 474 238 3.66712 4382
60 116 730 516 3.7683 115
60 124 596 442 3.61028 1588
4 12 22 728 3.85399 5402
4 92 334 494 3.58655 51267
4 100 2 448 3.58191 15761
4 28 10 734 3.82432 9875
4 124 1670 496 3.55855 193891
68 36 48 598 3.79299 8733
68 44 1336 690 3.86443 437
68 52 326 6 3.84638 1378
68 60 978 28 3.84009 16
68 68 978 34 3.78585 16
68 76 722 474 3.7604 4
68 84 596 46 3.75582 60
68 28 1268 606 3.64441 1568
76 52 364 6 3.84672 4535
76 60 606 34 3.76747 60
76 68 898 36 3.74068 340
76 76 802 494 3.7122 76
76 84 758 404 3.74427 93
76 92 766 400 3.69215 427
76 28 1690 584 3.65634 2930
76 116 750 462 3.70581 202
76 124 714 510 3.71995 56
20 132 1680 498 3.67512 32506
20 36 1590 654 3.57671 7386
20 44 1590 658 3.61738 7386
20 52 722 382 3.68929 3386
20 60 696 184 3.70006 410
20 68 624 388 3.72665 2636
20 76 782 530 3.76541 95
20 100 770 604 3.77307 168
20 108 828 648 3.77567 32
20 116 778 622 3.77436 82
20 124 776 632 3.84956 82
84 132 1036 70 3.62497 1108
84 36 1698 590 3.58749 2930
84 52 338 6 3.77681 1378
84 68 1058 26 3.79931 24
84 76 1002 48 3.75083 16
84 84 878 586 3.70312 159
84 100 786 396 3.68414 427
84 108 880 650 3.71333 8
84 124 724 512 3.73922 56
92 60 830 440 3.78961 30
92 68 850 448 3.75955 4620
92 76 894 624 3.66748 218
92 84 782 390 3.67093 427
92 92 784 402 3.70979 427
92 108 746 522 3.72295 115
92 116 842 518 3.70054 30
100 132 898 256 3.50351 168520
100 52 870 454 3.43731 59076
100 68 858 448 3.72844 4620
100 76 824 394 3.75855 8769
100 84 842 462 3.75057 11635
100 92 844 470 3.74571 11635
100 100 858 506 3.62536 4975
100 116 1042 64 3.69814 15967
100 124 1040 72 3.72982 15967
28 132 1662 772 3.80639 2110
28 52 1038 596 3.82241 1180
28 60 382 130 3.78568 103
28 68 632 56 3.78082 546
28 76 786 526 3.77979 229
28 84 684 482 3.77205 4
28 92 796 600 3.7786 431
28 108 852 638 3.79572 26
28 28 48 738 3.73601 5402
28 116 914 642 3.77703 332
