36 12 1528 356 3.472 0
36 4 1534 344 3.42516 1
44 4 1538 346 3.34284 1
12 12 48 740 3.28931 100
12 20 298 536 3.1244 109
52 12 1290 544 3.33396 14
52 4 98 490 3.33879 23
52 20 604 408 3.31412 27
52 28 602 416 3.31 27
60 12 1126 176 3.38085 6
60 4 1294 612 3.3958 47
60 20 1130 182 3.41008 6
4 12 40 742 3.35182 100
4 4 42 730 3.36166 100
4 20 1188 228 3.06905 19794
4 28 86 548 3.15132 1448
68 12 1296 622 3.36509 2263
68 4 1300 612 3.41665 47
68 20 1138 184 3.34321 6
68 28 1542 370 3.29721 68
76 12 1502 634 3.33962 2957
76 4 1502 630 3.3956 2957
76 20 1266 326 3.26511 66
76 28 154 542 3.20368 427
20 4 50 734 3.34246 100
20 20 1518 366 3.49372 17
20 28 1520 366 3.54967 0
84 12 1510 636 3.41541 2957
84 4 1304 610 3.39447 2263
84 20 1270 330 3.22616 66
84 28 1546 364 3.16675 34
28 12 1522 358 3.50748 0
28 20 1530 362 3.54521 17
28 28 1530 370 3.56009 0
