36 36 830 462 3.21203 43
36 12 1682 670 3.28594 0
36 52 942 0 3.23068 5
36 60 942 8 3.24636 5
36 4 1050 596 3.24869 498
36 76 942 22 3.22131 5
36 20 1686 682 3.26347 0
44 36 1692 764 3.22623 209
44 44 1692 772 3.21913 209
44 12 836 416 3.25234 730
44 60 812 424 3.20881 37
44 4 1058 596 3.29299 498
44 76 1302 254 3.2098 198564
44 20 1694 678 3.2728 0
44 84 1304 258 3.18359 198564
44 28 1694 682 3.28476 15
12 36 1696 552 3.28988 200
12 44 1696 560 3.33275 200
12 12 8 450 3.22193 153
12 52 82 506 3.27121 44780
12 4 1692 514 3.31255 3398
12 20 1690 532 3.207 200
12 28 1692 538 3.20094 200
52 36 822 410 3.33593 2136
52 12 822 386 3.35124 2136
52 52 822 416 3.25804 37
52 60 1704 712 3.2243 35
52 4 1204 638 3.23356 2775
52 68 1704 722 3.20569 27
52 76 1312 252 3.22582 198564
52 20 822 398 3.36058 2136
52 84 872 278 3.25919 71096
52 28 822 404 3.33275 2136
4 36 66 448 3.2461 6684
4 44 64 446 3.28148 6684
4 4 1684 514 3.33254 3398
4 76 44 730 2.86579 299915
4 20 1682 532 3.29326 200
4 84 18 728 2.85635 264284
4 28 1682 538 3.32344 200
20 36 714 506 3.17955 1020
20 44 712 512 3.14052 1020
20 12 1278 632 3.19035 693
20 4 786 364 3.27279 533
20 68 934 26 3.13757 5
20 76 704 556 3.1853 492
20 20 788 608 3.17553 123
20 84 1232 640 3.24503 9995
20 28 646 416 3.15348 67
28 44 226 200 3.18246 790
28 12 1676 674 3.26547 0
28 52 934 0 3.28789 5
28 60 934 8 3.20553 5
28 4 346 4 3.26708 517
28 68 944 24 3.12259 5
28 76 942 32 3.18063 5
28 20 1676 680 3.21659 0
28 28 1682 678 3.19349 0
