36 44 274 526 3.15548 18
36 12 348 590 3.02486 16
36 52 60 368 3.0735 37
36 60 174 418 3.01034 49
36 20 350 598 3.07783 9626
36 28 270 510 3.07767 12
44 36 360 612 3.20651 0
44 44 358 622 3.13447 54
44 52 1168 416 3.12466 4
44 60 1488 250 2.9778 12875
44 4 18 726 3.29856 976
44 20 356 596 3.1517 54
44 28 360 606 3.26839 0
12 36 136 592 3.12905 2292
12 12 1094 120 3.11981 6726
12 4 1432 166 3.06685 25309
12 28 134 582 3.13305 6
52 44 368 618 3.16408 54
52 12 22 730 3.32388 976
52 60 1496 252 3.01815 12875
52 4 26 726 3.32567 976
52 28 370 606 3.24654 0
4 12 124 566 3.12073 681
4 4 1082 104 3.0936 6726
4 20 126 576 3.11755 2292
20 36 6 484 3.09832 14
20 44 1136 406 2.99842 349
20 12 1064 374 3.03047 107
20 52 1220 626 3.07632 944
20 4 1180 624 3.02005 2867
20 20 1066 380 3.0121 107
20 28 146 586 3.08674 2292
28 36 196 518 3.09628 84
28 44 196 524 3.13641 84
28 12 1072 372 3.07725 107
28 52 2 772 3.11352 85
28 60 70 446 3.08929 613
28 20 1072 382 3.00456 107
28 28 260 508 3.08025 12
