36 36 838 414 2.96534 26
36 44 990 402 2.97322 7119
36 52 198 766 3.02835 55
36 60 198 772 3.00228 55
36 68 1142 408 2.91517 173776
36 28 858 458 3.00527 0
44 52 204 766 3.01025 55
44 60 204 772 3.00144 55
44 68 930 270 2.96687 14934
12 36 966 486 3.10202 4
12 44 1398 258 2.98434 195
12 12 1400 222 2.91046 12
12 60 28 726 3.22373 11499
12 4 22 754 3.09346 68
12 68 26 730 3.19983 11499
12 20 968 470 2.95989 97
12 28 842 434 3.05475 32
4 60 22 726 3.21567 11499
4 4 42 736 3.00267 13151
4 68 22 730 3.21951 11499
4 20 1682 532 3.00148 146
4 28 1678 534 2.95979 356
20 36 974 488 3.1328 4
20 4 176 400 2.9146 2294
20 20 1178 352 2.88757 164
20 28 844 460 3.11221 0
28 44 96 504 2.93555 841
28 12 846 440 3.03869 0
28 52 6 622 2.85237 85
28 60 130 574 2.93899 25110
28 4 1506 354 2.95854 155
28 68 130 582 2.95045 25110
28 20 462 452 2.92934 74
28 28 832 406 2.89939 26
