36 36 1026 606 3.26579 9
36 44 1024 610 3.09991 172
36 12 962 530 3.21092 15
36 52 626 408 3.13497 121
36 60 1038 298 3.17168 208
36 68 758 538 3.14361 736
36 76 432 170 3.12006 160
36 20 1024 594 3.23463 9
36 84 990 622 3.0949 315
44 36 838 464 3.13165 7546
44 44 832 418 3.11055 810
44 52 900 642 3.09192 45970
44 60 760 410 3.16329 174
44 68 758 416 3.14589 174
44 84 914 126 3.209 939
12 36 1408 302 3.21268 4
12 12 622 386 3.19464 17
12 52 1694 558 3.28412 311
12 4 1684 514 3.27361 281
12 20 288 610 3.22606 5
12 28 286 614 3.22101 5
52 44 846 434 3.20744 1592
52 52 844 440 3.17552 1592
52 60 1202 658 3.10659 6763
52 68 250 122 3.0963 43
52 76 1392 736 3.13762 128
52 84 922 128 3.14982 939
52 92 1090 48 3.19971 10083
60 36 10 738 3.24013 22
60 52 850 432 3.20943 810
60 68 850 454 3.21362 410
60 76 1402 736 3.12442 128
60 84 1050 60 3.14591 212
60 92 1096 48 3.20792 10083
60 28 10 734 3.40434 0
4 44 66 446 3.27271 5184
4 12 1398 272 3.21792 4
4 60 64 458 3.01739 4823
4 4 42 736 3.02352 48464
4 28 1684 536 3.33056 281
68 60 1222 660 3.24195 287
68 68 1222 666 3.27529 287
68 20 22 728 3.43046 0
68 84 1306 266 3.17332 23702
68 92 1306 274 3.1131 23702
20 36 1010 616 3.18495 9
20 12 1686 736 3.14445 2
20 52 1696 542 3.16164 116
20 60 1696 550 3.13197 116
20 4 1694 516 3.19017 281
20 68 1696 558 3.23781 116
20 28 1684 754 3.19433 2
28 36 1020 608 3.16922 9
28 44 26 470 3.07642 380
28 12 1016 590 3.21929 9
28 60 748 534 3.1558 736
28 4 1214 660 3.20661 1108
28 68 746 538 3.16815 736
28 76 620 430 3.1729 121
28 20 1696 754 3.2419 2
28 28 1694 758 3.16206 2
