36 36 1510 178 3.33249 9
36 44 1116 390 3.23668 338
36 12 278 736 3.06108 1815
36 52 1114 400 3.19938 338
36 4 1166 334 3.12312 11406
36 28 1510 170 3.24252 9
44 36 1516 178 3.27235 9
44 44 1520 186 3.28698 90
44 12 1500 88 3.30154 67
44 52 1124 400 3.23428 338
44 4 1294 346 3.17807 2443
44 20 1500 96 3.20808 67
44 28 1516 174 3.21725 9
12 12 38 738 3.32778 5782
12 52 672 574 3.14015 205
12 20 478 396 3.3184 29
12 28 482 402 3.24673 29
52 36 1528 182 3.23861 14
52 12 1510 90 3.36996 0
52 52 1190 24 3.17961 974
52 4 1540 536 3.33742 10
52 20 1506 96 3.38327 0
52 28 1526 178 3.22566 8
60 36 1534 186 3.20762 8
60 44 1074 764 3.17873 1591
60 12 1518 90 3.35399 0
60 52 1136 36 3.20313 767
60 4 1546 536 3.35401 10
60 20 1514 96 3.39268 0
4 36 476 418 3.26535 29
4 44 476 426 3.27757 29
4 12 22 730 3.35526 5782
4 4 26 726 3.35702 5782
4 28 474 402 3.2103 4
68 44 910 332 3.25783 56
68 12 1530 150 3.38803 9
68 52 912 338 3.23696 56
68 4 1572 550 3.2138 4206
68 20 1526 154 3.40964 9
68 28 1550 558 3.28682 10
76 44 918 332 3.25911 56
76 12 1538 150 3.36882 9
76 4 1570 538 3.00229 10
76 20 1534 154 3.3647 9
76 28 1534 104 3.31737 0
20 36 486 410 3.37757 4
20 44 486 418 3.35259 4
20 12 36 744 3.36693 558
20 4 46 728 3.33093 5782
20 20 490 394 3.32169 29
20 28 490 406 3.2929 29
84 36 1546 168 3.16172 9
84 44 1218 374 3.1936 39
84 52 74 722 2.88361 8022
84 20 1570 556 3.31745 22
84 28 1542 160 3.23604 9
28 36 494 410 3.3176 4
28 44 496 418 3.33505 4
28 12 42 744 3.27195 558
28 52 1104 394 3.22171 141
28 4 42 738 3.35772 558
