36 36 990 214 3.07253 7
36 44 1610 26 3.14363 6
36 12 152 710 3.05603 244
36 52 1058 88 3.2013 45
36 60 1148 210 3.06764 164
36 4 242 682 3.13823 216
36 68 1302 190 3.03991 88
36 20 90 726 3.01861 453
36 28 1604 18 3.06227 43
44 36 2 14 3.07394 21
44 44 1068 80 3.18635 30
44 12 162 708 3.05315 244
44 52 1066 88 3.22808 30
44 60 1054 102 3.1096 50
44 20 1610 10 3.09445 43
44 28 240 310 3.02453 110
12 36 1566 122 3.18285 35
12 44 1568 126 3.14865 35
12 12 26 730 3.34876 2310
12 52 946 504 3.09072 5744
12 60 1044 124 3.04981 229
12 4 28 726 3.36985 2310
12 20 44 736 3.11844 7042
12 28 48 738 3.07619 168
52 36 1616 24 3.13972 6
52 44 1076 80 3.23285 30
52 12 256 690 3.02559 71
52 52 1076 90 3.16708 30
52 60 1066 106 3.13912 50
52 4 258 684 3.21635 216
52 20 992 226 3.04751 150
52 28 1614 18 3.08082 6
60 44 446 350 3.10435 235
60 12 10 772 3.08964 771
60 52 1150 58 3.03981 375
60 60 892 250 3.3037 932
60 4 714 742 3.19188 7196
60 68 894 258 3.27141 932
60 20 714 732 3.10187 9173
60 28 1626 16 3.04309 6
4 12 22 730 3.36564 2310
4 52 938 504 3.08024 5744
4 60 68 752 3.05608 2052
4 4 22 726 3.36179 2310
4 68 950 158 3.06178 18102
68 44 138 286 3.02715 3212
68 12 1202 642 3.19796 18167
68 52 900 238 3.15809 3102
68 60 898 254 3.25972 932
68 4 726 744 3.1301 7196
68 68 902 258 3.18899 932
68 20 722 752 3.14232 7196
68 28 1328 106 3.07522 2812
20 36 964 138 3.02293 852
20 44 1044 78 3.08007 45
20 12 54 734 2.99474 1025
20 52 146 270 3.11262 2
20 60 704 362 3.11553 56
20 68 126 280 3.12374 4776
20 20 288 442 2.96956 3198
28 36 1594 28 3.01476 337
28 44 1050 76 3.15476 30
28 52 1052 86 3.16793 30
28 60 1044 102 3.13122 50
28 4 1224 88 3.0744 13136
28 68 134 282 3.10723 4776
28 20 232 698 3.01583 126
28 28 234 704 3.01254 126
