36 44 868 90 3.11904 69
36 12 912 274 3.37826 157
36 52 302 42 3.1039 293
36 60 878 260 3.08739 5916
44 36 540 392 3.21068 64
44 12 920 276 3.31818 157
44 60 890 258 3.12854 515
44 4 918 270 3.38464 157
44 20 538 376 3.24842 64
44 28 750 394 3.25372 6
12 36 1698 520 3.25008 115
12 44 1690 534 3.15109 115
12 12 26 730 3.45155 0
12 52 1690 546 3.25052 115
12 60 1418 624 3.16021 15526
12 4 28 726 3.47516 0
12 28 890 286 3.39761 9
52 36 548 390 3.16734 64
52 44 1042 64 3.16063 1399
52 12 906 288 3.24814 8574
52 52 1038 74 3.1781 2548
52 4 930 268 3.33123 372
52 20 546 376 3.27483 64
60 36 874 190 3.18824 46
60 44 1054 64 3.19242 1399
60 20 450 44 3.12521 106
4 36 1686 518 3.27984 115
4 44 1682 534 3.22449 115
4 12 22 730 3.47095 0
4 4 22 726 3.4671 0
4 20 38 736 3.38003 35
4 28 36 744 3.42516 35
68 36 878 192 3.20961 46
68 44 896 256 3.16511 476
68 12 770 372 3.17525 28
68 4 776 364 3.23452 9666
68 20 882 168 3.08834 2075
68 28 244 418 3.1548 292
20 44 334 746 3.12828 90
20 12 40 738 3.46598 0
20 52 668 514 3.1819 91
20 60 668 522 3.19012 91
20 20 896 280 3.40683 9
20 28 896 288 3.34868 9
28 36 334 742 3.18137 56
28 44 862 94 3.13705 69
28 52 862 100 3.16234 69
28 4 46 730 3.45044 0
