36 36 728 412 3.31827 77
36 44 1054 22 3.23931 30
36 52 654 184 3.22533 3204
36 60 652 64 3.27402 53
36 4 908 270 3.47149 3135
36 68 1176 206 3.36512 31
36 76 1136 36 3.37764 229
36 20 510 386 3.31221 19
36 28 1066 624 3.26992 9
44 44 1058 24 3.25188 221
44 12 914 276 3.43395 3135
44 52 1058 32 3.25254 221
44 60 1164 758 3.29312 3
44 4 916 268 3.47621 3135
44 68 1186 208 3.35671 31
44 76 1054 772 3.36862 0
44 20 516 386 3.28135 19
44 28 726 406 3.26205 20
12 44 1070 736 3.20195 263
12 52 10 460 3.24786 7368
12 60 606 72 3.23476 43
12 68 608 78 3.2399 43
12 76 1300 10 3.21828 2473
12 20 884 292 3.33422 1351
52 36 796 392 3.27514 44
52 44 1076 616 3.23299 137
52 52 1068 32 3.22462 221
52 60 770 50 3.24037 38
52 68 1192 210 3.38367 31
52 76 1194 216 3.3963 31
52 28 796 384 3.22351 44
60 36 804 394 3.28091 44
60 44 424 162 3.20893 4072
60 12 930 276 3.31804 3135
60 52 1070 752 3.23214 0
60 68 1134 32 3.38938 1232
60 20 534 378 3.30174 19
60 28 802 384 3.25808 44
4 44 334 494 3.29191 7025
4 12 42 736 3.26914 134776
4 52 332 502 3.27841 7025
4 60 610 404 3.26257 509
4 4 42 730 3.2696 134776
4 68 610 410 3.26653 509
4 76 70 450 3.30725 30063
4 28 0 408 3.34174 52
68 36 1098 634 3.21263 82
68 44 756 402 3.18987 77
68 12 818 368 3.38802 44
68 4 1202 640 3.2721 22407
68 76 1106 48 3.31693 328
68 20 818 378 3.40283 44
68 28 1218 672 3.18921 22407
20 36 1042 44 3.23735 1174
20 52 1074 744 3.20883 263
20 60 706 208 3.18175 39
20 4 6 756 3.2566 576
20 68 1308 4 3.22953 2473
20 76 446 386 3.22821 7976
20 20 144 496 3.29452 18
20 28 1024 12 3.24523 245
28 36 720 412 3.29482 77
28 44 1030 32 3.23572 365
28 12 894 282 3.44553 20563
28 52 736 298 3.18636 134
28 60 646 64 3.22416 53
28 68 648 470 3.27863 1283
28 20 918 282 3.29675 20695
28 28 1034 18 3.28973 51
