36 36 1096 504 3.01643 94
36 44 98 494 3.12409 1
36 12 1642 8 3.04719 130
36 52 98 502 3.15781 1
36 60 214 760 3.15311 0
36 76 206 750 3.08325 7
36 20 958 502 3.13485 61
36 28 1558 562 3.1272 177
44 36 1560 566 3.05791 177
44 44 1562 574 3.06196 177
44 12 1402 246 3.06092 11
44 52 220 750 3.09807 0
44 60 258 736 3.12055 27
44 68 226 760 3.11191 24
44 76 888 260 3.11823 16
44 20 966 502 3.0859 61
44 28 1406 262 3.12573 11
12 36 1696 554 3.11836 91
12 52 78 506 3.19046 1
12 4 46 738 3.30162 87
12 76 24 728 3.02681 96423
12 20 306 596 3.10293 41
52 36 1280 482 3.06771 3119
52 52 160 374 3.06253 424
52 60 1492 254 3.09437 349
52 68 900 250 3.09825 29789
52 76 900 258 3.02235 29789
52 28 1278 472 3.07701 3119
4 36 1690 558 3.25095 47
4 12 36 746 3.20563 145
4 4 38 738 3.29514 87
4 68 22 726 3.01571 110644
4 76 22 730 3.01956 110644
4 28 1686 546 3.25572 47
20 36 952 518 3.16499 61
20 44 88 498 3.1619 1
20 12 1278 146 3.02549 92
20 60 82 506 3.10322 731
20 4 56 736 3.14564 2925
20 68 82 518 3.08811 66
20 76 924 236 3.01735 118
20 20 1276 442 3.07545 707
20 28 1704 550 3.08665 47
28 36 980 488 3.15155 19
28 44 88 490 3.198 1
28 12 1296 152 3.06364 92
28 52 396 508 3.11699 22
28 4 34 762 3.0967 172
28 68 1554 98 3.0162 570
28 20 1296 162 3.05578 92
28 28 982 480 3.09864 19
