36 44 822 98 4.36557 4
36 52 824 106 4.407 0
36 60 826 112 4.43516 4
36 68 828 122 4.46308 0
36 76 828 128 4.46648 0
36 84 832 136 4.51345 0
36 92 832 144 4.52297 0
36 100 834 152 4.29163 11
36 108 1058 772 3.79796 876
44 36 828 88 4.44409 28
44 44 830 96 4.49343 9
44 52 832 104 4.49994 8
44 68 834 118 4.51352 0
44 76 836 126 4.5087 0
44 20 830 66 3.96005 8
44 84 838 134 4.49634 0
44 92 840 142 4.50854 0
44 100 840 150 4.45001 4
44 108 550 442 3.79059 681
44 28 826 80 4.32824 9
12 60 804 118 3.8333 112
12 68 804 126 4.31967 46
12 76 806 134 4.31323 46
12 20 22 728 4.06472 270
12 92 808 148 4.18575 46
12 100 810 156 3.65822 35
52 36 836 86 4.47278 24
52 44 838 94 4.49836 9
52 60 840 110 4.48136 8
52 68 844 118 4.50841 0
52 76 844 126 4.52334 0
52 20 834 68 4.05559 32
52 84 846 132 4.50443 0
52 92 848 142 4.49448 0
52 100 850 148 4.50652 11
52 28 834 78 4.42122 9
60 36 844 84 4.52732 0
60 44 846 92 4.5307 0
60 12 50 734 3.90645 270
60 52 846 100 4.52279 0
60 60 848 108 4.52161 0
60 68 850 116 4.52078 0
60 76 852 124 4.53525 0
60 20 840 68 4.1349 8
60 84 854 132 4.50983 0
60 92 856 138 4.50331 0
60 100 858 146 4.48777 11
60 28 842 76 4.49242 9
4 68 340 490 3.58367 45222
4 76 648 498 3.56917 86038
4 92 688 614 3.61306 61035
4 100 1228 644 3.48884 177505
4 28 10 734 4.03858 270
68 36 852 82 4.52707 0
68 44 854 90 4.49894 0
68 52 854 98 4.49343 0
68 60 858 106 4.49083 0
68 68 858 114 4.52667 0
68 76 860 122 4.53171 0
68 20 848 68 4.24821 32
68 84 862 130 4.49763 0
68 92 864 138 4.50599 0
68 100 864 146 4.45016 11
68 108 866 154 4.03259 48
68 28 850 76 4.47661 9
76 36 860 82 4.50553 0
76 44 862 90 4.49149 0
76 12 906 276 3.80971 35239
76 52 862 96 4.49031 0
76 60 864 104 4.51598 0
76 68 866 112 4.51473 0
76 76 868 120 4.52169 0
76 20 856 66 4.52247 8
76 84 870 128 4.50788 13
76 92 872 136 4.49247 11
76 100 874 144 4.46699 11
76 108 878 154 3.71364 48
76 28 858 74 4.51958 8
20 44 532 358 3.81105 403
20 52 810 106 3.78452 48
20 60 810 116 4.36542 11
20 68 812 124 4.39488 24
20 76 812 132 4.40001 24
20 20 30 726 4.02181 270
20 84 814 140 4.43772 24
20 92 816 148 4.42059 24
20 100 816 154 3.93808 11
20 108 1664 492 3.67029 189664
84 36 868 80 4.50485 0
84 44 868 88 4.49641 0
84 12 914 274 3.79158 35239
84 52 870 96 4.50001 0
84 60 872 102 4.51559 0
84 68 874 110 4.50806 0
84 76 876 118 4.50757 0
84 20 864 64 4.52397 8
84 84 878 126 4.50764 13
84 92 882 134 4.24517 0
84 100 880 142 3.83397 4
84 108 1562 82 3.5991 9900
84 28 866 72 4.52999 8
92 36 876 78 4.51095 8
92 44 876 86 4.50111 8
92 12 870 54 4.05993 289
92 52 878 92 4.48504 9
92 60 880 102 4.45396 28
92 4 918 268 3.82931 35239
92 68 882 108 4.2944 134
92 76 882 118 4.13879 120
92 20 872 62 4.49147 8
92 92 1310 264 3.65634 3591
92 100 882 274 3.59099 5797
92 28 874 70 4.51395 8
100 36 882 76 4.50999 8
100 44 886 84 4.50907 8
100 12 878 52 4.24722 61
100 52 886 92 4.50767 9
100 60 888 100 4.44336 28
100 4 926 268 3.79597 35239
100 68 894 110 4.02701 9
100 76 894 122 3.85279 8
100 20 880 60 4.51299 8
100 84 864 218 3.70833 425
100 28 882 68 4.51027 8
108 36 890 74 4.42699 32
108 44 892 82 4.41744 32
108 12 886 52 4.25194 289
108 52 894 90 4.21199 38
108 20 888 58 4.42261 32
108 28 890 66 4.41789 32
28 36 808 78 3.79647 0
28 44 814 100 4.08095 4
28 52 816 106 4.40789 0
28 60 818 114 4.43939 4
28 68 820 122 4.45522 0
28 76 822 130 4.4315 0
28 20 42 730 4.01085 270
28 84 822 138 4.52002 0
28 92 824 146 4.5292 0
28 100 826 154 4.13447 4
28 108 1660 772 3.73633 621
28 28 42 736 4.02871 270
116 36 898 72 4.28286 289
116 12 894 50 4.24038 289
116 52 896 174 3.65038 3865
116 60 900 248 3.57399 19100
116 4 1626 558 3.73011 107917
116 28 898 64 4.27003 289
124 44 904 238 3.6304 21394
124 12 596 374 3.66238 31422
124 4 1634 558 3.67453 107917
124 20 904 56 4.03809 201
124 28 904 64 4.02123 201
