36 36 1278 574 3.22837 15
36 44 1282 582 3.2366 15
36 12 1270 554 3.23377 8
36 60 1290 598 3.28038 0
36 4 528 366 3.03362 95913
36 68 1292 604 3.21542 2
36 76 1294 610 3.22417 2
36 20 1272 560 3.20428 8
36 84 470 470 3.10741 23124
44 36 982 514 3.19746 126
44 44 980 524 3.18209 126
44 12 1278 550 3.24049 8
44 60 900 512 3.01593 741
44 4 1610 552 2.96466 75652
44 68 1402 214 3.16223 775
44 76 1162 120 3.15083 806
44 20 1278 556 3.18382 19
44 84 1162 130 3.13294 806
44 28 1286 566 3.22212 8
12 52 1262 598 3.24785 0
12 60 1266 606 3.27838 0
12 68 1270 614 3.23615 47
12 76 1056 388 3.09601 2319
12 84 1400 262 3.17565 800
12 28 946 514 3.10335 184
4 36 1680 514 3.10708 19605
4 44 1682 520 3.10983 19605
4 12 22 730 3.34696 1891
4 52 202 192 3.02808 2321
4 60 1398 250 3.13144 716
4 4 26 726 3.34875 1891
4 68 1398 256 3.17106 716
4 84 1418 546 2.74235 1385
20 36 1266 582 3.25001 15
20 44 1270 590 3.27849 15
20 12 38 744 3.24158 59
20 52 1270 596 3.26919 0
20 60 1274 602 3.30375 0
20 68 1278 610 3.28874 47
20 76 1278 618 3.24784 0
20 20 0 0 3.12419 950
20 28 1262 574 3.20639 8
28 44 1126 536 3.22135 43
28 52 1278 592 3.27819 0
28 60 1282 600 3.2563 0
28 4 48 736 3.29745 59
28 68 1286 608 3.25391 0
28 76 1288 616 3.28946 0
28 20 1266 562 3.14769 2317
28 28 1270 570 3.21923 27
