36 36 822 466 3.12902 0
36 44 1198 662 3.12222 16
36 52 1658 762 3.09207 70
36 4 1218 656 3.23356 34
36 20 1454 606 3.07516 665
36 28 1082 614 3.11594 11
44 44 1138 654 3.0979 9
44 52 1452 646 3.09095 85
44 20 1206 650 3.2034 16
44 28 1204 656 3.11221 16
12 36 66 452 3.13718 241
12 12 758 594 3.15167 111
12 20 192 192 3.19363 4
12 28 200 202 3.14835 4
52 36 838 464 3.1709 37
52 44 842 494 3.1323 7
52 52 842 506 3.09338 7
52 4 18 726 3.21132 47854
52 28 1212 656 3.20144 16
60 36 1222 670 3.21269 778
60 44 1224 678 3.1 778
60 12 22 730 3.23665 47854
60 52 888 546 2.98599 45235
60 4 26 726 3.23844 47854
4 4 1682 128 3.16463 68115
20 44 1226 634 3.15545 3336
20 12 202 184 3.15582 4
20 52 1226 640 3.1413 3336
20 4 794 366 3.07883 248
20 20 202 192 3.14287 4
28 36 658 502 3.10255 380
28 44 824 488 3.07259 24
28 52 1234 640 3.15119 3336
28 4 1210 654 3.22574 34
28 20 1092 620 3.07438 25
28 28 1074 612 3.11392 11
