36 36 976 476 2.94103 10941
36 44 1136 448 3.12571 4
36 52 1166 610 3.11964 5600
36 4 22 728 3.13621 41232
36 68 1136 484 3.31836 0
36 76 1132 492 3.31009 42
12 36 1104 454 3.08986 275
12 44 1122 452 3.29272 4
12 12 1684 20 3.02552 5163
12 52 1118 462 3.34301 0
12 60 1118 470 3.26027 0
12 4 1686 14 3.02247 5163
12 68 1110 478 3.27873 0
12 76 1108 486 3.3092 4
12 20 14 436 2.99025 9982
12 28 1130 438 3.00975 4911
4 36 66 440 3.19181 4054
4 12 1678 20 2.98343 5163
4 52 1374 248 3.23249 62
4 60 1698 230 3.2303 104
4 4 1674 10 3.0112 5163
4 20 688 590 3.13056 7790
4 84 70 482 2.8296 4947
4 28 686 596 3.16412 7790
20 36 1130 446 3.19014 18
20 44 1128 454 3.24111 4
20 52 1126 462 3.34777 0
20 60 1124 470 3.30863 0
20 4 1450 166 2.8578 30345
20 68 1120 478 3.2671 0
20 76 1118 486 3.3357 0
20 20 1140 436 2.92237 24394
20 84 1114 492 3.29347 4
20 28 1136 442 3.02734 4911
28 36 1398 222 3.02752 1647
28 12 32 734 2.87735 83818
28 52 1128 468 3.24295 0
28 60 1130 474 3.28821 32
28 68 1128 482 3.3687 0
28 76 1124 488 3.2646 32
