36 36 1254 698 3.18732 27
36 44 746 592 3.20399 5
36 4 920 268 3.42272 0
36 20 1596 722 3.21287 39
36 28 1254 692 3.21274 27
44 36 676 464 3.16622 1100
44 44 370 174 3.17079 133
44 12 928 274 3.28869 6017
44 52 1042 56 3.23496 351
44 60 1048 64 3.32496 1772
44 28 1046 30 3.18351 206
12 36 730 578 3.23344 5
12 44 730 594 3.30502 5
12 52 730 602 3.27139 5
12 60 22 726 2.92799 27862
12 28 728 574 3.25384 5
52 36 682 464 3.14346 1100
52 44 1092 36 3.19696 9166
52 12 938 276 3.18388 8925
52 4 1600 560 3.26699 415
52 20 800 26 3.14905 2636
52 28 286 28 3.17731 271
60 36 304 42 3.17273 271
60 44 1104 36 3.24914 17
60 12 1614 560 3.22505 326
60 52 1126 34 3.28578 73
60 60 1102 48 3.27321 27214
60 4 1614 552 3.32708 415
60 20 200 8 3.20799 94
60 28 306 30 3.19294 271
4 36 1230 632 3.14833 3882
4 44 1230 642 3.16828 3882
4 52 12 722 2.91275 27862
4 4 42 730 3.32064 22507
4 20 898 278 3.34016 22
68 44 1138 28 3.267 73
68 12 1624 560 3.31372 326
68 4 1626 554 3.31866 415
68 20 208 6 3.18448 94
76 44 1056 58 3.21633 59
76 52 1058 64 3.26186 59
76 4 350 590 3.10321 11018
76 28 1124 20 3.15228 84
20 36 738 578 3.21497 5
20 12 904 276 3.41792 6017
20 28 736 574 3.24602 5
84 36 1586 702 3.11085 636
84 20 1638 566 3.27003 24
28 36 1594 588 3.20297 24
28 12 912 276 3.41412 0
28 52 740 598 3.27991 5
28 60 742 608 3.22811 10983
28 4 908 270 3.4257 3
28 20 1602 570 3.26119 24
28 28 746 390 3.23043 10
