36 44 822 402 3.26422 832
36 60 822 412 3.27785 2177
36 4 1204 638 3.19404 9984
36 76 1440 298 3.0261 8811
36 20 820 380 3.2978 652
36 28 820 388 3.30086 652
12 36 1690 532 3.2083 271
12 12 170 402 3.23342 622
12 52 1696 558 3.26759 153
12 20 86 752 3.0956 16
4 36 1682 534 3.30441 119
4 44 66 442 3.2919 545
4 12 1682 512 3.29785 78
4 52 66 450 3.30013 545
4 4 44 730 3.23515 1123
4 20 1684 520 3.29247 78
4 84 30 726 2.90833 214876
20 36 1694 694 3.12836 26
20 44 18 446 3.11612 90
20 52 18 456 3.11077 90
20 60 6 476 3.10653 2239
20 4 1690 514 3.29411 82
20 20 810 380 3.15827 0
28 36 256 396 3.12944 158
28 44 1694 716 3.15108 169
28 52 1694 726 3.1826 169
28 60 1698 686 3.19211 100
28 4 1442 592 3.2439 1836
28 68 46 478 3.12334 1045
28 20 114 746 3.13538 16
