36 36 1574 698 3.01545 68
36 44 1230 606 3.14029 5
36 12 1062 600 3.30232 151
36 52 1558 594 3.25132 0
36 4 344 592 3.34649 5257
36 68 1232 634 3.22772 2
36 76 1550 614 3.29573 0
36 20 1046 604 3.17202 19
36 84 1670 498 3.06118 1515
36 28 1074 618 3.11305 4
44 36 482 238 3.06024 466
44 44 1242 602 3.15103 5
44 52 1564 590 3.25735 0
44 60 1564 600 3.21575 0
44 4 344 590 3.32641 1089
44 76 1242 642 3.29543 2
44 84 1240 648 3.17336 5
44 28 1050 614 3.09335 554
12 36 136 578 3.15263 2436
12 44 136 586 3.23872 2436
12 52 1220 632 3.15141 3997
12 4 1602 554 3.18565 560
12 76 22 728 3.33657 1008
12 20 962 342 3.13871 17
12 84 26 730 3.2916 47091
12 28 208 226 3.09296 70
52 36 1506 678 3.02337 229
52 44 1258 604 3.04323 5
52 12 354 600 3.32199 5257
52 52 1254 608 3.18276 2
52 60 1254 618 3.17219 2
52 68 1256 628 3.18099 2
52 76 1256 634 3.15238 2
52 28 1672 754 3.04406 4034
60 36 1192 662 3.12108 149
60 44 960 460 3.06873 71006
60 12 1194 632 3.26457 149
60 52 1574 586 3.18175 0
60 60 1576 596 3.19148 0
60 76 1266 638 3.11716 2
4 36 130 582 3.21167 2436
4 12 954 336 3.20001 1972
4 4 170 394 3.19986 10196
4 76 22 726 3.30743 47091
4 20 204 210 3.20294 70
4 28 1224 626 3.19148 7368
68 36 1198 664 3.11344 149
68 44 968 462 3.06038 71006
68 12 1200 632 3.18938 149
68 68 870 278 3.16244 124534
68 76 872 282 3.16872 124534
68 84 1560 86 3.15864 24668
68 28 1198 654 3.13021 149
20 36 1450 630 3.08466 128
20 44 1450 642 3.07319 128
20 12 1054 604 3.17981 1821
20 20 368 132 3.13096 66
20 28 974 732 3.09189 49
28 52 1546 596 3.0573 190
28 4 1058 594 3.34552 151
28 76 282 738 2.98887 1522
28 20 1058 608 3.13261 529
28 28 1058 616 3.11945 3
