36 36 1026 370 3.50856 0
36 44 1150 208 3.26086 803
36 12 38 524 3.28084 20
36 52 1304 514 3.20759 963
36 60 1296 514 3.18727 336
36 4 1234 454 3.18264 128
36 68 1294 522 3.14874 336
36 76 720 574 3.13647 3267
36 28 1028 366 3.50754 0
44 36 354 566 3.43202 67
44 12 1258 206 3.23273 400
44 52 120 600 3.16423 1196
44 68 1304 520 3.12401 336
44 76 1590 210 3.11673 3558
44 20 120 538 3.33044 81
44 28 354 558 3.41122 67
12 44 100 552 3.24955 271
12 52 72 480 2.97016 1538
12 4 438 406 3.33064 94
12 68 28 726 3.32729 23517
12 20 18 536 3.50359 4
12 28 24 534 3.45145 20
52 36 1262 218 3.24754 394
52 44 1262 226 3.13151 630
52 12 1314 246 3.12315 507
52 52 1308 506 3.15308 287
52 68 1432 448 3.12876 590
52 76 1514 188 3.1403 13170
52 28 278 406 3.30658 506
60 36 1266 220 3.19125 630
60 44 1266 226 3.13501 630
60 12 1324 248 3.21866 507
60 52 1314 506 3.22086 287
60 60 1314 512 3.197 287
60 4 450 408 3.20296 26004
60 68 150 558 3.21793 4923
60 20 284 402 3.23193 780
60 28 282 410 3.2045 780
4 36 1518 386 3.23232 9
4 12 14 518 3.43436 5
4 4 30 744 3.1608 16502
4 68 22 726 3.31923 23517
4 76 22 730 3.32308 23517
68 36 1278 506 3.17211 1431
68 44 738 558 3.13721 7321
68 12 456 414 3.1753 26004
68 52 1578 192 3.16369 1607
68 4 1582 358 3.21402 1916
68 68 158 558 3.19608 4923
68 76 1062 490 3.16883 575
68 20 1282 490 3.1331 1431
20 36 470 722 3.50964 18
20 44 110 552 3.2925 271
20 12 22 526 3.51625 5
20 4 442 408 3.32019 94
20 20 22 532 3.52013 5
20 28 482 710 3.48527 21
28 36 1020 370 3.49053 0
28 44 1006 388 3.27243 152
28 12 30 524 3.46501 5
28 52 1294 512 3.18753 963
28 60 706 554 3.11953 3267
28 4 1536 356 3.22923 50
28 68 718 576 3.18167 1561
28 76 718 584 3.11164 1561
28 20 32 532 3.50726 5
28 28 1018 366 3.5101 0
