36 36 572 222 3.16652 13
36 44 1672 738 3.14315 6
36 12 1170 628 3.10814 18
36 60 1216 702 3.12992 109
36 4 1174 622 3.23175 1291
36 20 1166 636 3.14092 18
36 28 1226 400 3.11606 170
44 36 1618 576 3.12828 10
44 44 1040 764 3.14172 639
44 12 1178 628 3.21618 18
44 52 1150 676 3.10897 977
44 60 126 82 3.10123 671
44 4 1178 620 3.21393 1291
44 20 1176 638 3.21055 18
44 28 30 6 3.13955 19
12 36 334 510 3.10674 1000
12 44 1646 740 3.14351 0
12 12 1678 520 3.14734 6354
12 52 1582 582 3.15791 42
12 60 1670 486 3.35671 9198
12 68 1670 494 3.34491 9198
12 28 340 490 3.21587 14909
52 36 334 600 3.11278 1065
52 44 966 726 3.07657 257
52 12 1190 630 3.17028 18
52 52 1402 406 3.10201 11512
52 60 384 362 3.10703 2507
52 28 1290 608 3.22485 2799
60 36 38 10 3.14955 19
60 44 176 182 3.1302 3298
60 12 1200 632 3.11788 18
60 52 178 190 3.12901 3298
60 60 152 202 3.0951 2211
60 4 30 726 3.03676 283729
60 68 1374 454 3.09641 27700
60 20 882 510 3.20386 5133
60 28 1298 610 3.24239 2799
4 36 330 500 3.23967 14909
4 44 1564 574 3.23836 85
4 4 42 730 3.03617 124138
4 68 1672 498 3.24325 2012
4 28 330 494 3.1747 14909
68 36 1310 618 3.20924 4696
68 44 186 182 3.16519 3298
68 52 186 190 3.12595 3298
68 60 750 334 3.08972 312
68 20 890 510 3.18427 5133
20 36 918 710 3.1354 4774
20 44 1650 738 3.13454 0
20 52 1654 746 3.1198 6
20 60 1678 486 3.28225 9198
20 4 1686 514 3.19213 6354
20 68 1682 496 3.36932 9198
20 20 1106 214 3.04816 688
20 28 918 702 3.07862 4774
28 36 1664 732 3.18619 6
28 44 1664 738 3.17304 6
28 52 1662 746 3.17598 0
28 60 1686 486 3.19709 2671
28 4 70 738 3.04314 37277
28 68 1686 494 3.32984 2671
28 20 1558 648 3.09766 3944
28 28 1218 402 3.12429 170
