36 44 402 574 3.21662 56
36 12 46 738 3.47676 7
36 52 398 586 3.16461 32
36 60 1004 714 3.22313 147
36 68 1346 206 3.18431 29
36 76 398 606 3.11238 65
44 36 428 490 3.22093 82
44 44 404 582 3.23053 467
44 12 432 474 3.21432 82
44 52 406 586 3.23872 198
44 60 460 470 3.26195 60
44 68 836 240 3.16626 73
44 76 834 250 3.17686 73
44 20 1120 78 3.13439 274
44 28 428 484 3.15792 82
12 44 42 744 3.20598 16
12 60 1286 426 3.21933 100
12 4 28 726 3.52304 8
12 76 1682 498 3.16063 211
52 36 80 742 3.08847 35
52 44 878 250 3.12251 271
52 52 470 466 3.14159 60
52 60 416 598 3.18933 32
52 4 1528 122 3.15392 2110
52 68 846 240 3.23665 73
52 76 846 248 3.23369 73
52 28 468 488 3.17711 48
60 36 476 496 3.16986 48
60 44 1312 264 3.13111 16099
60 12 366 518 3.27017 42
60 60 1324 162 2.9751 8408
60 4 948 360 3.07927 1598
60 76 902 258 3.01391 584
60 20 366 524 3.26841 42
60 28 160 382 3.18019 26583
4 44 14 754 3.17105 26
4 4 22 728 3.52453 4
4 68 1104 182 3.11248 114
4 76 1674 498 3.10157 211
4 28 10 734 3.4435 12
20 36 50 750 3.20079 10
20 44 1330 178 3.20909 724
20 60 230 152 3.2409 49
20 68 386 608 3.23427 198
20 76 1670 490 3.17514 311
28 36 58 750 3.23698 10
28 44 398 574 3.26492 56
28 12 42 734 3.50428 7
28 60 1334 194 3.24167 29
28 68 394 610 3.21097 198
28 76 760 618 3.11614 111
28 28 56 738 3.35964 0
