36 36 1162 184 3.44353 0
36 44 1240 134 3.50395 10
36 12 464 400 3.28318 27
36 52 1238 138 3.47776 10
36 20 466 408 3.27157 27
36 28 1162 176 3.43742 0
44 44 482 474 3.44417 6
44 20 1166 166 3.19333 40
12 36 1208 122 3.31917 67
12 44 952 346 3.30592 231
12 12 1206 108 3.40155 10
12 52 950 350 3.27593 231
12 4 1538 346 3.14909 2661
12 20 1206 114 3.37668 10
12 28 1208 118 3.32642 67
52 4 18 726 3.24674 20748
52 20 1504 290 3.21816 34
52 28 1512 216 3.28018 2
60 36 186 354 3.3508 8
60 44 1518 242 3.35252 2
60 52 1520 248 3.29351 2
60 20 10 738 3.2215 16160
4 36 1200 122 3.31923 67
4 44 64 460 3.03844 428
4 52 68 482 2.80895 1968
4 4 1202 94 3.29093 3906
68 36 94 486 3.02493 849
68 44 496 480 3.05456 173
68 52 498 488 2.94755 173
68 4 22 728 3.29306 16160
68 28 1512 294 3.10519 170
20 12 1214 110 3.34429 10
20 52 958 352 3.31358 231
20 4 338 590 3.29012 3961
20 20 1216 114 3.36263 10
28 36 1158 186 3.39503 147
28 44 1234 132 3.49797 10
28 12 424 626 3.29154 222
28 4 346 590 3.26377 3961
28 20 458 410 3.29451 27
28 28 1156 178 3.38571 147
