36 44 1510 230 3.54097 650
36 12 572 694 3.60785 163991
36 60 966 348 3.44842 4682
36 4 1370 402 3.64958 15680
36 68 1072 402 3.44869 2301
36 76 126 576 3.37606 52745
36 20 1364 426 3.58893 15680
44 36 1632 576 3.41908 52656
44 44 458 2 3.38601 20763
44 12 1490 530 3.64345 199
44 52 1122 558 3.3676 3753
44 60 972 350 3.42905 4682
44 4 1490 518 3.6527 199
44 68 1066 580 3.43788 805
44 76 1450 198 3.42471 3167
44 20 1390 698 3.61115 398
44 84 1398 254 3.44491 12768
44 92 1398 262 3.46435 12768
44 28 1508 608 3.50425 78283
12 36 1118 98 3.43942 94234
12 44 1226 634 3.49673 8160
12 12 1214 106 3.73068 52394
12 4 938 358 3.68447 59087
12 20 1216 114 3.69985 52394
12 84 26 726 3.74995 39763
12 92 22 730 3.74816 39763
12 28 456 414 3.6351 46628
52 36 1632 566 3.63324 191
52 44 1154 592 3.46995 242
52 12 1496 530 3.66301 199
52 60 1530 542 3.52612 345
52 68 1440 716 3.47889 4108
52 76 1438 722 3.54363 4108
52 20 1398 698 3.60411 398
52 84 1456 204 3.44099 3167
52 92 1154 638 3.44284 242
60 36 1520 218 3.72754 650
60 44 1520 226 3.69789 650
60 52 1506 206 3.58499 0
60 60 1160 618 3.45251 393
60 4 1502 522 3.67431 37
60 76 1170 632 3.5423 393
60 20 1512 194 3.7304 0
60 84 1490 214 3.52149 136
60 92 1486 222 3.62818 136
60 28 1516 206 3.70942 28
4 4 932 358 3.58651 74599
4 20 1210 114 3.70289 52394
4 84 18 726 3.72284 39763
4 28 1206 122 3.63432 118516
68 36 1524 212 3.70781 28
68 12 1530 188 3.5278 28
68 4 1514 522 3.73329 37
68 68 1470 626 3.48772 214
68 76 612 522 3.45529 104
68 84 1494 216 3.58959 136
68 92 1496 222 3.65477 136
76 44 194 752 3.64179 399
76 12 1518 528 3.65206 108
76 4 1522 522 3.67077 117
76 68 1512 216 3.64585 0
76 92 1502 224 3.58833 136
20 36 462 430 3.44564 25804
20 44 460 442 3.38885 25804
20 68 32 722 3.52126 77159
20 20 1198 334 3.61983 84520
20 28 468 416 3.57889 43373
84 36 1026 500 3.54706 156
84 44 192 736 3.59016 551
84 4 1664 518 3.3961 1482
84 76 1518 224 3.51021 0
84 84 1508 218 3.55613 136
84 92 618 510 3.48168 219
84 28 1026 494 3.53691 156
92 52 1542 226 3.51337 2932
92 60 1530 222 3.49866 4
92 92 1014 544 3.49763 932
92 28 1494 154 3.53074 1261
100 36 1500 162 3.55837 1261
100 76 1544 208 3.59037 943
100 84 1546 218 3.53023 943
100 92 640 520 3.51444 356
100 28 1500 158 3.53842 1261
108 36 1544 200 3.5581 8
108 44 1552 216 3.5557 0
108 12 1534 526 3.49833 115
108 68 1542 222 3.60053 4
108 84 1032 302 3.41847 37900
108 92 1006 510 3.47141 966
108 28 1510 154 3.5278 1261
28 44 478 450 3.55393 45467
28 12 950 362 3.61574 15492
28 60 958 350 3.48442 4682
28 4 1466 496 3.61975 2424
28 68 954 354 3.47552 4682
28 20 1356 422 3.58542 15680
28 92 30 730 3.69947 39763
28 28 264 536 3.56607 70614
116 36 1538 552 3.49293 4550
116 44 1560 216 3.58193 0
116 52 1522 174 3.51799 1261
116 60 1030 504 3.46821 27
116 76 1548 230 3.53214 4
116 84 1420 234 3.43183 5741
116 92 1288 648 3.44351 14895
116 28 1520 150 3.45208 1261
124 36 1068 274 3.45241 19173
124 44 850 444 3.47953 9283
124 52 834 458 3.43086 117093
124 68 472 656 3.41503 84224
124 76 1428 222 3.46841 5741
124 92 882 190 3.43377 140244
