36 36 1136 766 3.20978 1239
36 44 1140 36 3.32187 4570
36 20 376 420 3.21169 32
36 28 1222 14 3.1866 281
44 44 1144 36 3.2888 2579
44 12 910 276 3.46969 497
44 4 906 270 3.43743 497
44 20 1226 2 3.20618 279
44 28 1230 12 3.14752 279
12 36 324 14 3.20317 0
12 44 1690 546 3.18117 1680
12 4 28 726 3.32503 9824
52 44 928 304 3.19627 222
52 12 916 276 3.44077 497
52 4 914 268 3.46093 497
52 28 1236 10 3.12968 281
60 44 952 296 3.05169 258
60 4 922 268 3.38939 2457
60 20 1594 678 3.15089 353
4 36 1682 536 3.22172 1680
4 44 68 456 3.21966 108114
4 12 22 730 3.3352 9824
68 12 930 276 3.23791 497
68 20 1686 586 3.05996 129
76 4 1610 552 3.18749 32662
76 20 174 174 3.13346 53
20 36 334 16 3.20308 0
20 44 1110 40 3.33421 2579
20 28 354 10 3.16961 9
84 36 32 722 3.08501 6072
84 12 1198 156 3.17191 55925
84 4 1616 550 3.21995 32662
84 20 1198 370 3.10698 3323
28 36 346 22 3.23854 0
28 44 1122 38 3.34542 2579
28 4 42 730 3.25818 3249
28 20 906 280 3.28951 222
28 28 1200 12 3.21285 343
