36 36 42 528 3.14432 177
36 44 98 530 3.22641 20
36 52 102 544 3.30896 1
36 60 100 554 3.26477 1
36 4 458 406 3.21364 18
36 68 278 742 2.97521 232
44 36 870 496 3.17481 6
44 44 104 526 3.15341 20
44 12 88 490 3.20806 0
44 52 110 542 3.31116 1
44 60 42 556 3.20993 22
44 4 464 404 3.26988 18
44 28 86 502 3.1387 0
12 36 1622 78 3.01956 942
12 44 1618 88 3.00183 942
12 12 934 254 3.19443 2400
12 52 1646 106 3.02104 138
12 60 1512 86 3.06491 5244
12 4 932 246 3.16808 2400
12 68 1234 642 3.15576 6167
12 20 960 334 3.17765 971
12 28 960 342 3.09778 971
52 36 876 492 3.12431 6
52 44 1248 204 3.09991 80
52 52 116 540 3.14893 1
52 60 46 566 3.14142 798
52 68 892 260 3.09985 61126
52 20 94 498 3.22549 0
60 36 120 522 3.03125 1
60 44 120 532 3.1985 1
60 12 126 496 3.15638 302
60 52 1560 86 3.1516 15
60 60 898 256 3.07959 57758
60 4 130 486 3.20991 289
60 20 102 502 3.24445 0
60 28 102 506 3.20076 0
4 36 266 46 3.00356 1611
4 44 264 54 3.01724 1611
4 12 922 258 3.25805 2400
4 52 660 510 3.10044 44278
4 60 660 518 3.13547 44278
4 4 922 250 3.21761 2400
4 68 1398 262 3.09911 30015
4 20 952 334 3.21146 971
4 28 954 340 3.16115 971
68 36 224 444 3.08247 403
68 44 904 244 3.0176 79241
68 12 138 494 3.23249 302
68 68 22 728 3.20361 21527
68 20 108 500 3.17142 0
68 28 106 508 3.22014 0
20 36 252 690 3.02563 547
20 44 446 682 3.04439 210
20 12 1116 548 3.1086 252
20 52 450 688 3.05379 210
20 60 288 630 3.01616 1923
20 4 1616 564 3.09594 7255
20 68 442 760 3.12845 2312
20 20 440 8 3.11633 267
20 28 182 494 3.12587 301
28 44 672 574 3.19894 71
28 12 1258 566 3.06627 85
28 60 1512 386 3.06335 13346
28 68 456 698 2.98041 210
28 20 1260 574 3.12559 85
28 28 1276 614 3.00696 37
