36 36 848 232 3.22609 4843
36 44 1562 76 3.27391 270
36 12 358 598 3.32271 2857
36 52 1560 84 3.28829 270
36 20 1490 630 3.37463 12
36 28 1450 754 3.13919 287
12 36 1458 652 3.48518 6
12 44 1460 660 3.40224 149
12 12 1452 628 3.40232 6
12 52 1462 666 3.33144 132
12 4 332 592 3.27368 481
12 68 80 468 3.25169 1371
12 76 82 476 3.28932 1025
12 20 1454 636 3.4063 6
12 28 1456 644 3.45624 6
4 44 68 444 3.38352 546
4 52 68 450 3.38068 546
4 4 326 592 3.30276 481
4 68 74 470 3.29104 1371
4 76 74 476 3.36254 660
4 20 1446 638 3.24311 8
4 28 1446 646 3.39915 0
20 36 1466 650 3.45715 6
20 44 1468 658 3.47504 8
20 12 340 600 3.29538 481
20 52 1470 666 3.37816 18
20 60 1472 674 3.25854 1140
20 4 340 592 3.36822 481
20 68 1472 680 3.24017 461
20 76 88 472 3.07669 660
20 20 1462 634 3.45503 8
20 28 1464 642 3.48646 6
28 36 1474 648 3.47352 0
28 44 1476 656 3.45518 8
28 12 1478 622 3.3696 4
28 52 834 250 3.24119 99
28 4 348 590 3.28602 481
28 68 1552 94 3.27278 278
28 20 1470 632 3.42103 8
28 28 1472 640 3.44479 0
