36 36 1606 384 3.14581 64
36 12 428 630 3.38818 81
36 4 426 622 3.37847 81
36 20 438 648 3.20333 98
44 36 1242 134 3.13974 192
44 12 1384 406 3.33333 372
44 20 444 648 3.1989 2265
44 28 168 330 3.14287 2427
12 36 72 450 3.38929 486
12 12 1694 534 3.27032 43
12 28 74 446 3.31603 486
52 20 1266 118 3.07542 543
52 28 286 384 3.04651 1555
60 36 1606 162 3.18792 18556
60 4 22 730 2.9185 264569
60 20 118 408 3.11278 1376
60 28 1608 154 3.20311 18556
4 36 64 450 3.37108 486
4 12 1682 534 3.33315 43
4 4 1680 526 3.32634 43
4 20 1684 540 3.36775 43
4 28 66 446 3.39884 486
68 36 1614 162 3.11472 18556
68 12 1558 434 3.13764 7981
68 4 10 734 3.00533 45603
68 20 1056 80 3.15087 116509
68 28 1616 154 3.19759 18556
76 36 1194 386 3.12457 85825
76 28 114 362 3.16457 28204
20 36 1268 336 3.26884 28
20 12 1486 638 3.2744 2117
20 4 412 624 3.31538 1371
20 20 1266 314 3.2763 0
20 28 1268 326 3.22301 8
28 36 1282 336 3.19776 0
28 12 1274 304 3.29797 0
28 4 418 624 3.39475 81
28 28 1280 326 3.23565 0
