36 44 948 466 3.17922 24
36 12 342 598 3.14848 51197
36 4 340 588 3.17614 51197
36 68 154 330 3.16636 0
36 76 1550 90 3.12387 6782
36 84 1566 130 3.09007 2188
36 28 874 246 3.15471 18
44 44 954 466 3.15977 24
44 12 348 596 3.18809 51197
44 52 1576 104 3.1535 1669
44 60 872 280 3.20383 3167
44 76 1556 94 3.22792 6782
44 84 1556 98 3.20586 6782
12 44 120 538 3.14092 282
12 12 934 478 3.19584 8
12 4 50 366 3.19459 3989
12 68 176 626 3.14282 71
12 76 66 450 3.15929 118
12 20 934 484 3.22553 8
12 28 148 394 3.02474 41
4 36 1424 202 3.14528 944
4 44 1424 208 3.17687 944
4 12 32 400 3.23755 12
4 52 1424 218 3.19909 944
4 60 1226 638 3.13353 2542
4 4 36 374 3.16872 2491
4 76 166 638 2.79823 129
4 20 36 390 3.21669 2491
4 84 30 726 2.87719 133936
4 28 1424 198 3.17135 944
20 36 938 506 3.1346 6
20 44 436 518 3.1605 102
20 12 946 476 3.22471 8
20 52 436 526 3.13224 102
20 60 436 536 3.19345 102
20 4 1296 612 3.1879 2409
20 68 146 334 3.16881 76
20 20 944 486 3.2198 8
20 84 72 454 3.15322 118
20 28 152 342 3.1757 2
28 36 948 502 3.12528 6
28 44 444 518 3.16778 102
28 12 52 404 3.20715 12
28 52 418 576 3.19548 92
28 76 150 338 3.1634 0
28 20 158 324 3.2108 116
28 84 1546 98 3.11959 6782
28 28 162 394 3.12814 41
