36 36 1650 298 3.16656 25
36 44 874 266 3.1689 297
36 12 1278 98 3.10143 442
36 4 916 270 3.30018 648
44 36 1178 416 3.13259 7
44 44 882 266 3.24074 297
44 12 1576 60 3.18566 31
44 4 98 352 3.20956 6564
44 20 1576 70 3.15473 31
44 28 234 762 3.11704 271
12 36 1680 494 3.14216 725
12 20 914 286 3.18562 4756
12 28 862 692 3.07137 161
52 36 892 254 3.2376 297
52 44 1322 168 3.18594 304
52 12 424 416 3.18854 1520
52 4 422 410 3.21643 1520
52 20 1102 172 3.10651 186
52 28 1102 182 3.14167 186
60 36 900 254 3.13394 297
60 44 902 258 3.1132 297
60 12 1176 408 3.14109 132
60 4 1674 2 3.20415 3048
60 20 1174 418 3.15073 132
60 28 1092 74 3.12929 39
4 4 42 730 3.19169 15730
4 20 904 282 3.16681 4756
4 28 1416 618 3.07013 3649
20 36 1688 492 3.12349 725
20 44 1688 500 3.14657 725
20 12 894 284 3.27192 0
20 28 870 690 3.06367 161
28 36 1514 126 3.13024 1715
28 44 1542 80 3.06986 270
28 12 902 284 3.16423 0
28 4 906 272 3.3035 648
28 20 1078 294 3.03206 227
28 28 1602 314 3.08918 15
