36 36 1228 638 3.15977 739
36 44 370 0 3.00802 341
36 12 1134 168 3.15639 694
36 52 634 214 3.02724 122
36 60 1288 542 3.13817 15356
36 68 1286 554 3.12174 15356
36 20 76 452 3.05782 233
36 28 694 622 3.17722 0
44 36 18 198 3.16626 30
44 44 270 0 2.99706 875
44 52 310 442 2.97928 104
44 60 1240 504 3.111 25790
44 4 1182 624 3.23943 506
44 68 1402 506 3.03059 298
12 36 668 624 3.09898 0
12 44 1648 222 3.107 49
12 12 168 714 3.1792 50554
12 52 18 642 3.07838 392
12 60 1084 262 3.07217 868
12 4 886 286 3.21457 40404
12 68 10 514 3.04577 3605
12 20 906 238 3.12902 56
12 28 666 616 3.08962 0
52 36 26 200 3.16846 30
52 44 50 210 2.98633 456
52 12 1574 560 3.23712 81302
52 52 850 134 2.97539 347
52 60 1250 504 3.10064 25790
52 68 1414 506 3.03827 14010
52 20 1480 594 3.06748 1603
52 28 26 192 3.15362 30
60 36 168 768 3.08787 164
60 44 58 210 2.96439 456
60 52 562 552 2.96439 444
60 60 1076 494 2.9952 6472
60 68 1076 504 3.01513 6472
60 20 1202 642 3.16185 506
60 28 1066 370 3.10778 12
4 36 4 458 3.16788 197
4 12 1106 168 3.21996 657
4 52 2 464 3.22043 197
4 60 2 472 3.21072 197
4 4 878 286 3.17813 40404
4 20 1104 178 3.23184 657
68 36 110 372 3.00275 18243
68 44 824 422 3.01578 3716
68 52 140 726 2.93198 742
68 60 150 766 2.95227 296
68 4 22 728 2.98436 352552
68 68 1156 290 2.97144 2081
68 28 1224 664 3.00648 14898
20 36 264 724 3.10644 38
20 44 1662 214 3.07128 18
20 12 114 506 3.06421 5024
20 52 324 504 3.09511 118
20 60 1536 294 3.07478 16
20 4 1536 118 3.05674 91092
20 68 326 540 3.00656 1375
20 20 1548 136 3.07603 199
20 28 676 614 3.14436 0
28 36 686 632 3.14269 0
28 44 1548 274 3.12573 16
28 12 684 602 3.20444 0
28 52 1544 286 3.09679 16
28 60 1282 542 3.05768 15356
28 4 1184 630 3.18169 1890
28 20 686 610 3.17547 0
28 28 688 624 3.22468 0
