36 36 978 82 3.20502 61
36 44 666 490 3.24014 0
36 12 1508 642 3.18409 806
36 52 668 498 3.29263 0
36 68 1666 754 3.21501 72
36 76 892 714 3.20279 430
36 20 982 58 3.17584 25
36 28 654 434 3.21027 66
44 36 1098 630 3.12889 556
44 12 1216 662 3.32082 27
44 52 674 500 3.24576 0
44 60 678 514 3.24373 0
44 4 1198 634 3.24373 4199
44 68 678 520 3.25143 0
44 76 898 712 3.174 430
12 36 1692 542 3.20646 1055
12 44 6 464 3.25373 6056
12 12 332 544 3.24208 99060
12 52 1696 558 3.30381 1055
12 60 662 518 3.27641 11
12 4 332 536 3.19189 99060
12 68 644 504 3.17023 35
12 20 754 386 3.18637 44
52 12 1224 662 3.28478 27
52 52 1056 32 3.19631 2
52 60 682 512 3.24355 0
52 4 1224 654 3.01954 47
52 76 872 216 3.17677 13416
52 20 1222 666 3.3311 27
60 44 1220 672 3.24673 1820
60 52 1082 290 3.10896 331
60 68 936 130 3.16886 11217
60 76 902 244 3.19051 29519
4 44 66 446 3.29727 479
4 12 1684 528 3.2203 1448
4 52 66 450 3.30394 719
4 4 170 398 3.26963 19563
4 68 12 722 3.01039 24310
4 76 22 728 3.09159 42385
4 28 1684 538 3.30088 1055
20 36 762 402 3.14089 26
20 44 592 254 3.16807 913
20 12 498 222 3.20804 7
20 60 1646 750 3.18581 284
20 76 1682 498 3.18437 38256
20 20 498 228 3.17619 7
20 28 766 392 3.18209 44
28 36 424 150 3.18447 29
28 44 678 494 3.25144 4
28 12 506 224 3.23126 7
28 52 662 502 3.24216 0
28 60 664 510 3.18438 0
28 4 1056 596 3.34191 524
28 76 1662 770 3.28723 483
28 20 506 232 3.24402 7
28 28 648 430 3.21054 66
