36 36 1584 238 3.11323 8287
36 44 1006 344 3.19397 43
36 12 532 368 3.09643 6964
36 52 1008 350 3.22543 36
36 20 1338 206 3.10169 51
36 28 1338 214 3.06888 51
44 36 1014 338 3.1945 36
44 44 1016 346 3.17878 36
44 12 1330 514 3.10699 462
44 52 1618 286 3.20976 40
44 60 228 428 3.12205 4
44 68 228 434 3.20914 5482
44 20 1346 208 3.12464 51
44 28 1350 216 3.08558 51
12 12 46 730 3.31774 2657
12 52 766 622 3.14008 129
12 60 570 458 3.12048 18
4 44 1658 762 3.02885 388
4 12 22 730 3.33506 5821
4 60 12 722 3.01462 2523
4 4 26 726 3.33685 5821
4 28 1544 282 3.10589 453
20 36 1602 278 3.13684 40
20 44 160 538 3.09956 118
20 12 46 736 3.34411 5821
20 52 202 424 3.14636 4
20 60 772 630 3.18258 129
20 68 1326 260 3.03439 81
20 28 1598 270 3.11228 40
28 36 1610 278 3.14161 40
28 12 38 746 3.21747 500
28 52 2 398 3.23161 83
28 60 0 408 3.25303 83
28 68 0 506 3.16986 185
28 28 1000 338 3.09729 43
