36 36 530 626 3.10049 0
36 12 1664 524 3.12897 45
36 52 526 644 3.15768 0
36 60 524 650 3.13112 0
36 4 1664 518 3.05723 45
36 20 334 602 2.99671 31
44 44 1166 166 3.18647 15
44 12 346 590 3.09407 31
44 52 1446 170 3.18258 612
44 60 532 652 3.19287 0
44 28 248 508 3.07941 247
12 36 1428 184 3.04757 226
12 44 1352 174 3.02489 13297
12 12 262 508 3.0602 3
12 52 1536 358 3.22291 4169
12 60 1536 370 3.20624 4169
12 4 432 566 3.073 80957
12 20 264 516 3.06607 7
12 28 1430 166 3.15612 2
52 36 258 514 3.07343 247
52 44 230 488 3.18991 16
52 52 232 498 3.19681 16
52 60 228 506 3.16124 149
52 4 18 726 3.27382 30135
60 36 1186 156 3.03509 15
60 44 1228 654 3.02902 311
60 52 1310 236 3.10057 63850
60 60 218 460 3.14915 7815
60 28 350 600 3.08792 786
4 36 1422 174 3.11674 2
4 44 1642 0 3.12514 6839
4 12 468 108 3.076 41402
4 52 1530 362 3.25827 4169
4 60 1530 370 3.26348 4169
4 4 170 400 3.12852 11890
4 20 90 400 3.00016 77880
68 44 224 424 2.97257 761
68 12 22 730 3.31922 30135
68 52 1320 238 3.05465 63850
68 60 884 190 3.05256 113294
68 4 26 726 3.32101 30135
20 36 1434 176 3.11067 2
20 44 22 250 3.01382 40
20 12 610 70 3.09736 92
20 52 1432 204 3.05445 207
20 60 1438 622 3.01721 143
20 4 338 594 3.1599 3756
20 28 1438 166 3.11824 2
28 36 1444 190 3.0476 27
28 44 180 440 3.02277 35
28 12 1496 634 3.13118 67
28 52 838 730 3.04099 197
28 60 730 218 3.03526 2398
28 4 346 592 3.16037 3756
28 20 614 74 3.06665 254
