36 36 238 286 3.16433 548
36 44 238 294 3.15757 548
36 52 798 706 3.21469 1835
36 60 798 714 3.16236 1835
36 68 104 726 3.15313 8817
36 76 1100 456 3.18298 1332
36 20 58 740 3.29805 89
36 84 18 292 3.16407 761
36 92 138 104 3.21803 707
36 28 678 582 3.181 133515
44 36 240 292 3.2243 910
44 12 48 740 3.32638 51
44 52 254 320 3.19493 949
44 60 804 718 3.19525 1835
44 76 100 234 3.20745 542
44 20 42 754 3.18783 2534
44 100 146 110 3.22366 707
44 108 372 352 3.14204 7181
12 36 1018 150 3.09891 316366
12 12 26 730 3.48587 19
12 4 28 726 3.506 19
12 68 1110 198 3.13328 68410
12 76 1314 168 3.11509 210833
12 100 688 608 3.13791 55360
12 28 74 740 3.03208 3602
52 36 66 6 3.1976 350
52 44 18 278 3.21484 1088
52 12 512 378 3.25001 22570
52 52 20 284 3.2651 1088
52 68 88 250 3.24888 222
52 76 88 256 3.22529 222
52 84 46 126 3.19685 550
52 92 102 254 3.19778 542
52 100 104 260 3.22597 542
52 108 138 734 3.21984 34962
52 28 86 110 3.18477 359
60 36 244 280 3.24727 83
60 44 142 118 3.25205 54
60 12 114 724 3.20444 2701
60 52 26 284 3.19625 1088
60 60 102 242 3.20796 68
60 4 114 714 3.30982 1673
60 68 232 352 3.19902 220
60 84 62 260 3.20169 1997
60 92 154 146 3.20418 161
60 100 156 258 3.28677 119
60 28 588 494 3.24431 493
4 36 1078 464 3.09501 232513
4 12 22 730 3.5018 19
4 60 686 592 3.15246 42595
4 4 22 726 3.49794 19
4 68 686 602 3.16568 42595
4 76 1376 250 3.14436 44661
4 84 1376 256 3.14958 44661
68 36 50 246 3.24279 244
68 44 24 34 3.26153 242
68 12 1424 606 3.18104 1132
68 60 108 246 3.21946 68
68 4 122 714 3.31836 1673
68 68 110 252 3.21816 68
68 20 160 0 3.19741 1062
68 84 1646 284 3.20204 12
68 100 1630 308 3.38089 0
68 108 1626 318 3.3519 0
68 28 72 246 3.23081 192
76 36 22 42 3.27353 346
76 44 28 42 3.22603 59
76 52 110 224 3.26602 128
76 60 120 242 3.22929 68
76 4 1678 584 3.214 5064
76 68 122 250 3.26717 68
76 76 122 256 3.20227 123
76 20 98 262 3.23291 240
76 100 1636 308 3.41015 0
76 108 1666 312 3.32817 12
76 28 98 270 3.20665 240
20 36 0 242 3.14328 5403
20 44 36 768 3.17568 24
20 52 230 328 3.10301 6038
20 68 1568 70 3.10362 148888
20 20 38 746 3.41112 64
20 100 238 264 3.17768 87033
20 108 240 318 3.15448 4541
84 36 36 30 3.27483 59
84 44 96 284 3.22042 240
84 12 158 182 3.18662 767
84 52 112 118 3.24629 619
84 60 70 270 3.23515 151
84 4 1450 596 3.23941 1052
84 76 170 142 3.21155 54
84 20 160 96 3.19563 82
84 84 1644 294 3.39061 0
84 92 1642 302 3.37524 0
84 100 1648 306 3.30426 0
84 108 1652 316 3.32561 181
84 28 42 218 3.20256 241
92 36 118 52 3.20466 2011
92 44 462 254 3.17479 10904
92 12 1456 602 3.28592 2492
92 60 118 126 3.24738 1117
92 4 1456 596 3.28089 2492
92 68 34 270 3.18032 1668
92 76 172 144 3.17007 161
92 20 118 286 3.15426 2209
92 84 1654 292 3.39439 0
92 108 1656 318 3.31713 0
92 28 1584 0 3.12813 35991
28 36 48 754 3.20772 24
28 44 48 772 3.14843 49
28 12 50 734 3.47339 19
28 60 730 736 3.09432 72542
28 76 1094 456 3.15485 1332
28 84 1670 394 3.15154 4309
28 92 132 104 3.19381 3850
28 100 78 260 3.18581 2901
