36 36 0 456 3.19115 48
36 44 6 398 3.06723 224
36 12 58 740 3.16922 31
36 60 10 406 3.17165 17
36 68 10 412 3.20254 17
36 20 2 442 3.21947 48
36 84 326 564 3.313 1261
44 36 830 394 3.1085 726
44 12 12 438 3.12076 48
44 52 322 746 3.1104 167
44 60 16 408 3.11295 17
44 4 174 400 3.01222 3336
44 68 326 548 3.12599 4127
44 76 328 554 3.29317 1261
44 20 12 444 3.12457 48
44 84 328 562 3.29233 1261
44 28 10 448 3.11617 48
12 36 52 758 3.19725 15
12 44 52 768 3.20163 15
12 12 44 730 3.40271 8
12 52 662 556 2.88751 1487
12 60 128 580 3.05997 1455
52 36 1048 272 3.1152 1047
52 44 330 742 3.14925 167
52 12 746 502 3.08004 41
52 60 332 754 3.13144 167
52 4 1206 650 3.17266 345
52 68 338 546 3.14632 4127
52 76 338 554 3.25666 1261
52 84 890 254 3.24362 97
52 28 280 546 3.1378 132
60 36 28 466 3.11606 48
60 44 342 744 3.09799 68
60 12 1526 566 3.12723 5931
60 52 1342 544 3.12358 1165
60 60 344 542 3.15702 922
60 4 1216 654 3.1148 345
60 68 344 548 3.16515 922
60 20 440 482 3.12817 106
60 84 896 256 3.22932 97
60 28 1408 554 3.08864 218
4 36 42 762 3.11157 15
4 44 42 770 3.16818 15
4 12 22 730 3.41507 65
4 52 1222 636 3.00071 2262
4 4 26 726 3.41686 65
68 36 828 438 3.18727 1054
68 44 836 410 3.14049 418
68 12 1222 666 3.07388 868
68 4 1224 656 2.91351 868
68 28 828 430 3.18525 1054
76 36 838 442 3.1602 1054
76 44 846 410 3.1804 418
76 52 846 418 3.16512 418
76 20 1226 674 2.99074 345
76 28 836 430 3.14637 1054
20 36 82 756 3.00689 157
20 12 44 736 3.42255 65
20 52 202 412 2.916 219
20 60 138 582 3.01049 1455
20 68 134 584 3.08056 8236
84 36 1642 8 2.98934 1348
84 52 904 236 3.11343 116
84 20 1432 384 2.96348 29714
84 28 896 480 3.01445 1260
28 36 86 738 2.99733 205
28 52 0 402 3.23696 17
28 60 0 408 3.24873 17
28 76 318 558 3.30974 1261
28 20 88 746 2.99952 9
28 84 318 566 3.25981 1261
28 28 1246 328 3.03227 690
