36 36 1226 482 3.19141 4
36 44 1234 214 3.24372 106
36 12 952 454 3.03218 1099
36 52 922 296 3.36636 0
36 60 922 306 3.37792 0
36 20 430 582 3.06723 18
44 36 1096 62 3.15916 16
44 12 1216 664 3.11476 59381
44 52 910 306 3.35301 414
44 60 906 318 3.25611 414
44 4 1216 658 3.18319 59381
44 20 220 502 3.1082 3754
44 28 438 602 3.15045 26
12 36 348 480 3.22298 186
12 44 346 488 3.14967 186
12 12 26 730 3.29737 19553
12 52 1418 304 3.10627 147
12 60 1416 312 3.06429 147
52 36 1250 478 3.16757 4
52 44 1458 338 3.30967 92
52 60 954 300 3.16665 1791
52 28 1244 200 3.13492 587
4 36 326 502 3.16981 313
4 44 338 490 3.23735 186
4 12 22 730 3.3356 6278
4 60 1408 310 3.13389 147
4 4 26 726 3.3374 6278
20 36 1562 126 3.12094 139
20 44 476 354 3.09198 598
20 12 412 580 3.24214 18
20 52 510 332 3.27426 1103
20 60 1222 242 3.32899 106
20 20 412 586 3.25834 18
20 28 1558 122 3.12234 139
28 36 1570 128 3.14269 139
28 12 418 582 3.23517 18
28 60 1226 242 3.35434 106
28 20 418 586 3.21098 18
28 28 1568 122 3.15264 139
