36 36 1594 224 3.27691 21
36 12 1366 230 3.18775 1
36 20 1592 492 3.14799 9
36 28 1590 218 3.24499 21
44 36 1602 224 3.11901 459
44 12 10 738 3.06945 36939
44 28 1602 216 3.05369 459
12 36 1570 506 3.22612 9
12 44 1552 510 3.27908 222
12 12 1618 196 3.24572 31
12 4 1302 542 3.21576 6716
12 20 400 638 3.24201 37
12 28 1482 466 3.22126 257
52 4 18 726 3.22092 38667
52 28 360 606 2.9955 1189
60 36 1510 138 2.9346 24009
60 44 1606 36 2.7946 128878
60 4 22 728 3.24873 26609
4 36 954 418 3.23537 94
4 44 954 426 3.21524 94
4 12 1294 548 3.19056 2653
4 20 164 454 3.1872 333
4 28 954 414 3.17626 94
20 36 1576 506 3.20591 9
20 44 1648 152 3.26043 2666
20 12 1624 198 3.2209 31
20 20 1624 202 3.23474 31
20 28 1574 502 3.22905 9
28 36 1584 226 3.24996 21
28 44 314 648 3.24691 456
28 12 1358 230 3.17708 1
28 20 1358 248 3.14174 0
28 28 1582 218 3.18817 21
