36 36 260 148 3.12391 1200
36 44 654 478 3.11712 698
36 12 340 604 3.16826 377
36 52 22 448 3.07507 1630
36 60 20 464 3.05535 388
36 4 340 594 3.22044 377
36 68 704 552 3.09101 7
36 76 674 574 3.15217 5480
36 20 1596 112 3.05824 2
36 28 260 140 3.12156 1200
44 36 1074 640 3.12009 17
44 44 664 476 3.06508 698
44 12 350 606 3.1499 377
44 52 54 670 3.04306 341
44 60 944 586 3.06641 1191
44 4 346 594 3.23764 377
44 68 1698 490 3.11309 611
44 76 1430 622 3.0804 2757
44 20 70 492 3.10243 4355
44 28 524 100 3.10342 72
12 36 1044 144 3.11228 0
12 44 1056 152 2.98471 6
12 12 1514 136 3.14767 50412
12 52 1658 766 3.10322 154
12 4 1514 130 3.16147 50412
12 68 28 726 3.31203 55044
12 20 1572 108 3.18542 2
12 28 1568 128 3.12506 375
52 36 44 438 3.13742 5208
52 44 44 442 3.11255 5208
52 12 80 476 3.13512 3789
52 76 638 530 2.97349 908
52 20 80 486 3.14278 3789
52 28 44 416 3.14301 5563
4 36 1558 162 3.114 8535
4 60 12 722 3.02661 27545
4 68 22 726 3.30393 55044
4 76 22 730 3.30777 55044
20 36 778 58 3.07379 120
20 44 602 232 3.086 168
20 12 1578 100 3.23083 2
20 52 656 502 3.0317 416
20 60 1242 646 3.12244 74
20 4 1524 126 3.13863 50412
20 20 1582 110 3.19889 2
20 28 778 50 3.10094 120
28 36 784 58 3.09788 120
28 44 1064 644 3.08072 3
28 12 242 450 3.06533 73
28 52 674 522 3.05137 249
28 60 816 658 3.04337 9330
28 4 110 352 3.12734 1157
28 68 668 568 3.13848 5480
28 76 668 576 3.06158 5480
28 20 530 78 3.08821 13
