36 36 498 34 3.71556 2
36 44 500 42 3.69709 4
36 12 494 10 3.6317 45
36 52 502 50 3.6713 2
36 60 502 58 3.60238 4
36 4 908 524 3.37606 6632
36 28 496 26 3.7206 2
44 36 506 32 3.7617 0
44 44 508 40 3.75769 0
44 12 500 10 3.5989 40
44 52 508 48 3.728 0
44 20 502 16 3.71923 6
44 28 504 24 3.74652 0
12 36 474 38 3.48378 4
12 44 476 46 3.72039 2
12 52 478 54 3.72028 2
12 60 478 62 3.67046 4
12 28 472 30 3.39139 2
52 36 514 30 3.75146 0
52 44 516 38 3.76305 0
52 52 516 46 3.76006 0
52 4 1514 632 3.38163 190
52 20 510 14 3.73225 6
52 28 512 22 3.74332 0
60 36 522 28 3.74913 0
60 44 524 38 3.73968 0
60 52 524 44 3.75127 0
60 60 1048 64 3.3941 265
60 20 518 14 3.73983 6
60 28 520 22 3.76238 0
4 36 336 490 3.34251 885
4 44 334 498 3.38052 921
4 4 44 728 3.15912 70127
68 36 530 28 3.73537 0
68 44 532 36 3.74939 0
68 52 532 44 3.7332 0
68 20 526 12 3.74014 6
68 28 528 20 3.76701 0
76 44 1312 250 3.25874 14284
76 12 342 594 3.24883 17618
76 52 1312 256 3.26631 14284
76 60 736 354 3.19076 4090
76 28 1314 242 3.23698 3869
20 36 482 36 3.65542 40
20 44 484 44 3.72054 2
20 12 478 12 3.59527 40
20 52 486 52 3.70371 2
20 60 486 60 3.6549 4
20 20 480 20 3.61861 40
20 28 482 30 3.65883 40
28 36 490 36 3.70734 2
28 44 492 42 3.69154 4
28 12 486 12 3.64502 45
28 52 494 50 3.65586 2
28 60 494 58 3.6334 4
28 4 902 524 3.36494 6632
28 28 488 30 3.69931 2
