36 36 122 716 3.31391 11
36 44 124 722 3.2496 11
36 12 72 362 3.12052 2486
36 52 122 728 3.26443 11
36 60 118 736 3.18169 8
36 4 74 352 3.13373 2867
36 68 122 762 3.09276 107
36 28 124 708 3.33343 11
44 36 134 718 3.23183 0
44 44 130 726 3.30785 11
44 12 146 698 3.26709 0
44 52 130 734 3.28888 11
44 60 130 742 3.24272 8
44 68 118 758 3.1419 17
44 20 142 702 3.35114 0
44 28 130 710 3.29757 11
12 36 108 704 3.23801 203
12 52 1508 138 3.07658 209
12 60 64 454 3.01663 8603
12 4 44 732 3.25788 113794
12 20 1262 102 3.20533 20
12 28 962 412 3.10139 167
52 36 140 722 3.31827 11
52 44 138 728 3.27643 11
52 12 154 698 3.2983 0
52 52 142 736 3.30391 11
52 4 486 258 3.09069 840
52 68 130 754 3.09253 17
52 28 146 714 3.27227 0
60 36 148 724 3.24564 13
60 44 146 730 3.29019 13
60 12 160 706 3.24455 0
60 52 922 306 3.18567 2950
60 60 138 746 3.25072 4
60 68 970 98 3.07953 2374
60 20 158 710 3.30345 0
60 28 154 720 3.26254 0
4 36 214 436 3.13159 6631
4 44 950 426 2.92721 14221
4 12 36 742 3.27965 113794
4 52 44 726 2.98633 55660
4 28 956 350 3.10157 2469
68 36 158 730 3.20902 0
68 44 1678 306 3.18871 77
68 12 168 706 3.18304 0
68 52 156 742 3.2219 9
68 60 146 750 3.21493 4
68 4 1630 74 3.03844 119274
68 68 926 330 3.17826 2950
68 20 166 712 3.22475 0
68 28 162 722 3.28861 0
76 36 164 730 3.2201 8
76 44 164 736 3.28315 8
76 12 994 174 3.05143 3479
76 60 1586 30 3.06717 4089
76 4 1638 74 2.92866 119274
76 68 938 330 3.14899 2950
76 20 72 746 3.09683 3901
20 36 526 352 3.20528 261
20 44 530 358 3.27952 261
20 12 1266 96 3.25262 20
20 52 96 736 3.29481 29
20 60 1566 112 3.11411 1443
20 4 6 758 3.11872 2384
20 68 1230 642 3.09752 21978
20 20 1266 104 3.21744 20
28 36 538 350 3.28064 261
28 44 104 728 3.27454 29
28 12 176 510 3.10131 81
28 52 114 726 3.21111 11
28 60 112 734 3.17359 8
28 4 78 350 3.10826 1557
28 68 1238 642 3.06713 21978
28 20 912 288 3.13041 49
28 28 114 706 3.31358 11
