36 44 334 618 3.40083 5
36 12 508 378 3.28569 586
36 60 0 772 3.2546 1721
36 20 588 640 3.13177 579
36 28 72 590 3.23471 67
44 36 342 608 3.40098 5
44 44 344 618 3.38939 5
44 52 138 490 3.37664 25
44 20 82 582 3.16582 433
44 28 1336 340 3.26129 50
12 44 1650 142 3.28339 78
12 12 26 730 3.4283 839
12 52 1434 418 3.21874 146
12 60 1430 426 3.30911 4681
12 4 28 726 3.45186 839
12 20 36 742 3.41698 0
52 36 1402 430 3.3046 21
52 44 58 154 3.36968 117
52 12 280 150 3.10699 388
52 52 144 490 3.37112 25
52 4 526 368 3.30533 1516
52 20 1566 316 3.16889 617
52 28 494 646 3.28563 33
60 36 1064 524 3.34514 108
60 44 64 154 3.3567 117
60 12 450 282 3.11739 595
60 52 66 160 3.37536 117
60 4 1610 552 3.08026 71928
60 20 1632 326 3.17885 1479
4 36 496 392 3.08115 4877
4 44 1212 120 3.11199 2039
4 12 22 730 3.44764 839
4 52 1414 534 3.21663 5399
4 60 1414 540 3.14151 5399
4 4 22 726 3.44379 839
4 28 18 756 3.373 2
20 36 332 610 3.25008 128
20 44 496 678 3.28662 7513
20 12 42 736 3.45948 839
20 52 330 626 3.24484 74
20 60 1438 426 3.3107 4681
20 28 902 290 3.16919 394
28 44 338 616 3.37612 115
28 52 338 624 3.3304 115
28 60 1238 642 3.33947 8274
28 4 46 728 3.43141 839
28 28 566 658 3.22059 16
