36 12 912 174 3.11816 8
36 4 1478 206 2.97912 12387
36 20 1306 650 3.06692 149
36 28 916 186 3.04795 8
44 36 1696 96 3.12643 839
44 12 948 142 3.1305 385
44 4 1074 192 3.06301 1040
44 20 948 150 3.14741 385
44 28 154 386 3.12249 1387
12 36 1614 480 3.2424 2661
12 12 878 182 3.11963 1516
12 20 890 178 3.19925 8
12 28 1616 472 3.25222 2661
52 36 862 250 3.12977 20
52 12 956 144 3.14429 385
52 4 344 592 3.08007 8040
52 20 874 220 3.14657 18
52 28 866 240 3.16397 20
60 36 870 248 3.08895 20
60 12 1292 610 3.1081 26
60 20 884 222 3.07319 18
60 28 0 22 3.11766 299
4 12 1516 134 3.19435 522
4 4 1522 122 3.24583 30
4 20 1270 98 3.0201 1042
4 28 1610 472 3.2515 2661
68 36 878 254 3.10467 198
68 4 30 732 2.94947 96700
68 28 888 232 3.11193 16
76 36 1026 206 3.09478 3810
76 12 1302 610 3.17109 26
76 20 1618 0 3.05203 5379
76 28 1022 208 3.07966 3810
20 36 1618 480 3.22764 5014
20 12 1528 130 3.27016 172
20 4 1528 122 3.2463 172
20 20 1530 138 3.17625 30
84 36 1040 212 3.10052 3686
84 4 44 728 2.98798 96700
84 28 842 280 3.05736 98909
28 36 1678 494 3.17736 1611
28 12 1536 128 3.25517 172
28 4 1536 122 3.21001 172
28 20 1168 418 3.12887 0
28 28 1168 424 3.15834 0
