36 36 856 462 3.22732 8932
36 44 1214 668 3.2081 47
36 12 1206 646 3.17553 162
36 52 338 306 3.15326 2
36 60 346 318 3.10501 2
36 68 870 760 3.08966 49
36 76 1566 712 3.18122 1958
36 20 842 462 3.1902 22
36 28 820 396 3.21399 14510
44 36 1222 662 3.26324 47
44 44 1220 666 3.26342 47
44 12 22 730 2.91331 326417
44 4 26 726 2.91374 326417
44 68 1238 6 3.10198 423
44 76 1570 714 3.15973 1958
44 28 1224 662 3.11976 263
12 36 1690 142 3.0923 415
12 44 830 734 3.09086 12
12 12 1690 128 3.18131 415
12 52 72 444 3.24913 986
12 4 34 746 3.17831 22027
4 36 1686 544 3.22575 260
4 44 66 442 3.27785 83
4 12 1684 514 3.2184 260
4 52 66 450 3.32414 83
4 4 42 736 3.17953 11397
4 68 62 460 2.85494 0
4 20 1684 520 3.17507 260
4 28 1686 538 3.18372 260
20 36 1194 662 3.12214 47
20 44 694 600 3.11507 28
20 60 326 310 3.20889 2
20 4 1694 514 3.20095 662
20 68 74 454 3.23632 10
20 76 72 458 3.22005 20
20 20 1688 16 3.06201 372
20 28 1704 536 3.0907 260
28 36 850 458 3.10302 9816
28 44 82 434 3.16693 0
28 12 1200 648 3.13321 162
28 60 848 750 3.16955 32
28 4 1198 640 3.19033 162
28 68 82 454 3.16265 0
28 76 222 144 3.05201 187
28 20 830 462 3.08025 22
28 28 24 432 3.07283 348
