36 68 1196 760 3.15977 2256
36 76 1022 64 3.13585 1230
36 84 1618 642 3.08394 799
36 92 1446 634 3.13401 1459
36 28 40 738 3.51946 23
44 52 334 16 3.09118 1485
44 60 1046 32 3.17125 673
44 68 1576 756 3.11544 1886
44 76 970 680 3.10117 1909
44 84 994 76 3.1039 915
12 60 1422 606 3.10152 337
12 68 1418 614 3.15352 337
12 76 1416 618 3.24125 337
12 84 1418 626 3.11415 337
52 44 1202 742 3.1317 1388
52 52 204 6 3.12491 4686
52 60 1054 32 3.17774 673
52 68 1054 42 3.1507 673
52 92 1034 74 3.19796 4952
52 28 34 748 3.53022 0
60 44 1280 634 3.14631 5968
60 52 1208 750 3.14929 1388
60 60 212 16 3.1076 4686
60 68 1058 46 3.14108 673
60 20 38 742 3.56658 0
60 84 1062 58 3.22919 673
60 92 1040 74 3.15213 4952
4 44 14 736 3.44973 66
4 52 18 756 3.42274 65
4 68 1230 638 3.18339 1530
68 44 1290 630 3.15331 5968
68 52 782 382 3.1443 3589
68 60 782 390 3.12544 2339
68 4 42 730 3.53124 0
68 68 1062 50 3.12419 963
68 84 1066 60 3.22722 673
68 28 32 756 3.38216 41
76 44 790 370 3.20762 3589
76 12 50 734 3.53828 0
76 60 788 394 3.16329 2339
76 84 6 726 3.09654 398
20 52 520 376 3.23908 4405
20 60 1030 38 3.1666 963
20 4 22 728 3.58327 30
20 68 1658 746 3.11355 1288
20 84 648 502 3.19886 471
20 92 1228 642 3.08812 4397
84 36 792 368 3.1841 947
84 44 392 458 3.19766 358
84 52 394 468 3.1744 358
84 76 1104 48 3.08962 3567
84 20 122 166 3.22313 159
92 36 252 606 3.15009 138
92 44 402 460 3.18677 358
92 12 742 370 3.37205 126
92 68 1082 54 3.11726 4952
92 20 1100 444 3.25036 172
100 36 138 186 3.27144 159
100 44 258 616 3.19852 138
100 12 10 772 3.37581 183
100 52 396 472 3.07309 901
100 60 1094 48 3.11461 15590
100 4 6 764 3.41475 183
100 20 256 584 3.28709 414
100 28 254 592 3.31 414
108 36 32 616 3.22675 1105
108 44 746 390 3.15772 126
108 12 128 716 3.32032 218
108 52 922 330 3.1452 10072
108 60 32 704 3.03789 752
108 4 14 766 3.37576 183
108 20 268 586 3.3575 138
108 28 266 596 3.35373 138
28 52 46 760 3.13873 62
28 60 200 10 3.16821 1632
28 68 202 18 3.15223 1632
28 76 1046 762 3.10853 2599
28 84 1612 640 3.09663 799
28 92 1438 636 3.16982 1459
116 36 66 618 3.20392 1056
116 44 418 458 3.17803 287
116 12 136 716 3.31799 218
116 52 938 298 3.19818 2013
116 4 762 360 3.32445 126
116 20 274 586 3.33862 138
116 28 1346 294 3.23537 167
