36 12 254 718 3.55834 0
36 52 896 256 3.19424 279
36 60 22 726 3.29305 11076
36 4 256 706 3.1538 6
36 20 252 724 3.55301 0
36 28 250 730 3.57405 0
44 12 262 720 3.35305 24
44 60 26 726 3.31537 3644
44 4 1192 150 3.02125 34287
44 68 22 730 3.31357 3644
44 20 258 728 3.23271 24
12 36 224 734 3.59376 0
12 44 222 742 3.57092 4
12 52 220 748 3.42399 12
12 60 218 754 3.34325 18
12 4 234 710 3.39631 6
12 20 230 718 3.50576 0
12 28 222 730 3.56864 0
4 52 210 746 3.26872 25
4 60 210 754 3.163 18
4 68 1354 134 3.03811 321
4 20 1698 232 3.22884 118
4 28 214 722 3.25464 25
20 36 232 736 3.59302 0
20 44 230 744 3.54862 4
20 12 238 714 3.55179 0
20 60 226 758 3.29778 746
20 4 240 710 3.38379 6
20 68 226 764 3.09045 1487
20 20 236 722 3.54311 0
20 28 234 728 3.54453 0
28 36 240 738 3.57821 0
28 44 242 746 3.43924 4
28 12 246 716 3.54987 0
28 60 890 260 3.16172 286
28 4 248 708 3.4122 6
28 20 244 724 3.55656 0
28 28 242 730 3.59217 0
