36 36 1102 46 3.14929 15465
36 4 922 270 3.29465 431
36 20 188 558 3.02717 412
36 28 1106 38 3.05799 15465
44 20 920 320 3.05762 850
44 28 1110 40 3.16283 15465
12 12 900 280 3.39126 226
12 4 902 272 3.37803 226
12 20 1692 522 3.28433 15
12 28 1692 534 3.18217 15
52 12 1278 634 3.07356 80
52 28 1122 40 3.14887 542
60 36 26 722 2.96642 13446
60 12 1290 634 3.09204 80
60 4 1136 4 3.15397 13412
60 20 1128 34 3.12669 542
4 36 1684 538 3.34277 122
4 12 1682 512 3.33186 15
4 4 42 732 3.17208 13190
4 20 1684 520 3.34262 15
68 36 32 722 2.97579 13446
68 12 1318 628 3.07632 9253
68 4 1540 434 3.1999 15865
68 20 946 290 3.08973 1838
68 28 952 296 2.94165 314
20 12 906 282 3.34268 226
20 4 906 272 3.40339 226
20 20 752 378 3.20959 20
20 28 22 416 3.11914 256
28 36 966 102 3.06702 104
28 12 410 414 3.16491 442
28 20 382 438 3.04376 261
28 28 1290 630 3.08437 118
