36 36 32 10 3.19806 2
36 44 834 744 3.13021 30
36 12 552 682 3.31951 3949
36 52 806 722 3.13017 35
36 60 1232 636 3.22194 379
36 4 346 590 3.23858 3728
36 20 1218 352 3.16298 26
36 28 1224 362 3.21234 1
44 36 822 708 3.11221 97
44 44 846 744 3.0868 30
44 52 40 30 3.1108 2
44 60 80 452 3.04204 2093
44 4 352 590 2.95977 7661
44 20 448 642 3.14406 789
44 28 40 2 3.21797 2
12 44 132 592 3.00037 30274
12 12 296 712 3.21166 183
12 52 28 726 3.24086 131450
12 60 22 730 3.237 101741
12 4 1610 552 3.21509 3463
12 20 1370 80 3.11586 76
12 28 6 186 3.06702 172
52 36 1398 706 3.23391 4
52 44 1142 606 3.13126 200
52 12 1520 522 3.25618 84
52 52 378 340 3.16231 51
52 60 878 188 3.1727 24942
52 20 1520 530 3.22463 84
52 28 994 550 3.21284 9
60 44 1152 602 3.09573 200
60 12 1528 524 3.12347 84
60 52 882 182 3.17331 24942
60 60 886 186 3.20296 24942
60 20 1528 530 3.21648 84
60 28 1510 528 3.10091 395
4 52 22 726 3.23247 131450
4 4 170 400 3.12169 65124
20 36 1484 566 3.06674 1249
20 44 690 616 3.16012 127
20 12 536 686 3.27099 6109
20 52 1226 640 3.10184 817
20 4 536 674 3.31984 6109
20 28 1278 398 3.15853 39
28 36 24 10 3.18642 2
28 44 834 742 3.09701 30
28 12 548 682 3.31742 6220
28 52 1226 630 3.20713 379
28 60 1226 638 3.23923 379
28 4 548 676 3.31792 6220
28 20 70 162 3.20741 173
