36 44 1690 474 3.16934 0
36 52 1446 612 3.1128 357
36 60 1682 486 3.34097 228
36 68 1680 492 3.42925 228
36 28 1214 666 3.14502 11
44 36 1200 642 3.32533 27
44 44 1202 650 3.28612 27
44 12 10 738 3.05519 135825
44 4 14 728 3.11715 135825
44 68 1690 494 3.29452 39
44 20 1224 664 3.21036 11
12 36 1664 752 3.13369 166
12 12 342 488 3.25157 44
12 52 38 190 3.1588 197
12 4 1684 512 3.17067 910
12 68 1672 498 3.2625 622
12 28 392 600 3.15002 21974
52 36 1224 662 3.27641 26
52 44 1222 666 3.34566 26
52 4 22 728 3.15998 135825
52 68 1554 90 3.0364 101650
4 12 0 432 3.17457 10
4 52 1658 762 3.20912 762
4 68 1670 500 3.08403 190
4 20 330 498 3.25158 44
4 28 384 602 3.23145 21974
20 36 590 486 3.11167 33
20 44 712 614 3.13847 8
20 52 48 188 3.15055 197
20 60 1674 488 3.43459 39
20 4 1200 658 3.05628 179
20 68 1670 494 3.45166 39
20 20 312 438 3.08723 206
20 28 806 456 3.06797 2144
28 36 1102 734 3.07011 53
28 44 1690 470 3.10579 0
28 12 1198 648 3.13712 204
28 4 1198 640 3.20938 204
28 68 1682 496 3.46435 39
28 28 1464 618 3.07914 133
