36 36 1030 436 3.14932 0
36 44 1030 450 3.11739 0
36 12 1126 590 3.05304 1256
36 52 444 686 3.16192 552
36 60 646 544 3.18638 155
36 4 86 354 3.21145 462
36 20 396 426 3.08823 4
36 28 1028 430 3.10448 0
44 36 1032 436 3.03878 0
44 44 1526 180 3.01994 9
44 12 288 542 3.09555 4899
44 4 1058 260 3.15633 659
44 20 288 546 3.02041 4899
44 28 544 174 3.03524 63
12 36 1514 234 2.95278 32
12 44 612 466 3.00731 158
12 12 44 744 3.2425 920
12 60 26 728 3.10073 71606
12 4 42 738 3.29253 920
12 20 176 714 3.00401 13058
52 36 794 734 3.02047 260
52 12 1238 294 3.08623 25716
52 52 1542 192 3.08393 9
52 60 1302 250 3.04829 41082
52 4 1414 394 3.08033 25195
52 20 1508 358 3.07536 123
52 28 792 724 3.03539 260
60 36 1698 728 2.94516 79
60 12 1246 302 3.12242 29225
60 52 1702 744 3.09212 79
60 60 1314 250 3.11624 41082
60 4 1426 394 3.06932 25195
60 20 1248 306 3.11463 29225
60 28 78 772 3.11532 141
4 36 1222 624 3.11223 2013
4 44 1222 632 3.10392 2013
4 12 36 744 3.27139 920
4 52 12 722 2.961 30509
4 60 22 728 3.10605 71606
4 4 38 736 3.25014 920
4 20 172 404 3.06372 21417
4 28 1076 254 3.02454 1380
20 44 694 618 3.04891 4786
20 12 10 770 3.20163 8
20 52 698 626 3.14584 3453
20 4 6 762 3.26229 8
20 28 380 432 3.02716 4
28 36 1020 436 3.1555 0
28 12 1704 2 3.07265 128
28 52 436 690 3.15847 552
28 60 636 542 3.19263 155
28 20 494 162 3.02284 33
28 28 1020 428 3.10454 0
