36 44 288 700 3.23676 9
36 12 1458 570 3.11671 146
36 52 1594 368 3.25723 3626
36 20 1482 600 3.17135 0
36 28 1480 608 3.24861 2
44 36 1206 142 3.14579 11
44 44 1486 554 3.11145 2552
44 12 1466 570 3.00214 219
44 4 1544 538 3.12047 1505
44 20 126 552 3.14695 216
44 28 1212 130 3.19309 14
12 44 1404 262 3.11635 127
12 12 10 764 3.08383 567
12 4 46 732 3.1883 11067
12 20 1454 598 3.32038 0
12 28 1452 602 3.26356 0
52 36 1218 138 3.20946 11
52 44 1610 356 3.1399 3626
52 52 1410 410 3.13918 3534
52 20 1178 328 3.20986 8
52 28 1218 130 3.23545 11
60 36 570 338 3.17964 25
60 44 574 350 3.19935 25
60 52 1218 152 3.13691 11
60 20 1186 330 3.21789 8
60 28 898 478 3.19925 131
4 44 1398 264 3.02192 958
4 12 0 766 3.19304 567
4 20 1112 590 3.14882 2093
4 28 1218 608 3.12517 150
68 36 1522 562 3.23702 812
68 44 580 350 3.23401 25
68 12 10 738 3.13706 140102
68 52 584 322 3.16176 10063
68 4 30 726 3.16073 76999
68 20 1530 558 3.22084 19
68 28 1410 372 3.21081 5924
76 36 1546 578 3.25517 377
76 44 590 352 3.19404 22
76 52 1162 578 3.08818 1087
76 4 22 728 3.17426 140102
76 28 1542 572 3.25871 377
20 36 482 664 3.16501 559
20 44 1522 146 3.0815 8490
20 12 490 394 3.05894 12379
20 52 1222 626 3.16212 1785
20 4 30 746 3.12942 6595
20 20 1460 596 3.28653 0
20 28 1462 606 3.33766 0
28 36 1472 616 3.29948 2
28 44 280 700 3.24661 9
28 12 1472 590 3.0926 2
28 52 1590 370 3.24655 3626
28 4 36 746 3.13291 6595
28 20 1470 602 3.2744 0
28 28 1472 608 3.29687 2
