36 36 650 176 3.15027 20
36 52 654 190 3.22557 20
36 60 658 198 3.20955 20
36 4 48 734 3.32972 551
36 20 738 378 3.22319 39
36 28 924 712 3.14084 232
44 36 654 174 3.20697 20
44 44 658 180 3.22368 20
44 12 746 374 3.33298 1
44 52 1436 764 3.19704 26
44 60 664 194 3.19379 2459
44 4 750 362 3.36118 1
44 68 324 274 3.04631 1158
44 20 746 378 3.1999 39
44 28 190 8 3.17572 181
12 44 286 452 3.09466 92
12 12 26 730 3.46439 9
12 52 920 732 3.09449 50
12 60 1240 640 3.24779 20393
12 4 28 726 3.48828 9
12 68 1682 496 3.29743 99496
52 36 662 170 3.20314 20
52 44 854 140 3.15136 171
52 52 1308 254 3.23332 16
52 60 1308 262 3.27517 16
52 4 758 362 3.33087 39
52 68 1704 766 3.12352 49
52 28 754 382 3.18853 0
60 36 1314 242 3.14338 16
60 44 1314 250 3.21383 16
60 12 770 366 3.1869 0
60 52 1314 258 3.26996 16
60 60 1314 264 3.2091 16
60 4 766 362 3.34845 39
60 68 1324 168 2.98421 37264
60 20 760 374 3.17176 0
4 44 14 758 3.13705 194
4 12 22 730 3.48407 9
4 52 1564 578 3.09209 412
4 60 1232 640 3.27744 20393
4 4 22 726 3.48022 9
4 68 1670 496 3.23793 99496
4 28 10 734 3.37349 14
20 44 1586 582 3.12592 2270
20 12 38 734 3.41499 9
20 52 516 416 3.15429 303
20 60 774 620 3.20008 105
20 4 34 726 3.44246 9
20 68 1558 616 3.25208 4168
28 36 1552 766 3.15209 490
28 44 226 212 3.14486 4077
28 12 44 736 3.47815 9
28 52 650 194 3.21267 20
28 60 650 200 3.20407 20
28 4 44 728 3.46702 9
28 68 304 280 3.13646 45
28 20 50 738 3.21475 196
28 28 46 754 3.12134 2
