36 36 1250 658 3.17526 931
36 12 524 676 3.24445 1005
36 60 912 600 3.05756 2860
36 4 1502 630 3.30702 5639
36 76 1204 454 3.13703 979
36 84 494 772 3.09479 12475
36 92 1226 630 3.14095 573
36 28 1250 648 3.15338 931
44 36 1262 654 3.15055 931
44 44 294 634 3.17595 1480
44 52 90 658 3.15493 2660
44 60 82 654 3.11308 3630
44 4 344 592 3.31603 20498
44 68 696 0 3.14724 10551
44 84 504 772 3.15626 12475
44 92 1574 726 3.09517 683
44 100 1232 636 3.14457 43416
44 28 614 398 3.18869 1912
12 44 928 234 3.09049 5149
12 52 0 116 3.09419 653
12 20 1578 582 3.16772 17
12 28 1576 590 3.14595 17
52 36 306 626 3.1973 1480
52 44 302 638 3.16657 1480
52 12 1512 636 3.31964 5639
52 60 90 654 3.13448 3630
52 4 344 590 3.32339 331
52 76 672 350 3.18081 1135
52 20 1268 632 3.16027 47
52 84 1474 752 3.11287 1390
52 92 918 542 3.14215 145
52 100 920 550 3.1024 145
60 36 1272 644 3.19222 47
60 44 736 566 3.18192 4128
60 12 358 602 3.31863 20498
60 52 802 408 3.15922 1853
60 68 116 94 3.17314 118
60 76 116 102 3.12251 118
60 84 1482 750 3.11241 1390
60 92 926 542 3.13668 145
60 100 570 370 3.08688 242
60 28 1282 642 3.18079 84
4 36 1224 632 3.19391 423
4 44 1226 640 3.16123 423
4 12 1402 294 3.19862 15326
4 4 170 398 3.202 38248
4 20 1566 578 3.12202 17
4 28 332 330 3.12444 6093
68 44 810 608 3.11744 7883
68 12 358 598 3.24028 2103
68 60 820 514 3.10397 5949
68 76 616 362 3.10008 2287
68 84 1298 662 3.09631 277
68 92 82 106 3.11467 691
68 100 644 328 3.09569 139543
68 28 1280 636 3.16084 47
76 36 704 498 3.12286 11381
76 44 710 198 3.0947 38171
76 52 298 178 3.13485 1276
76 60 284 320 3.11938 196
76 76 1306 658 3.20336 170
76 84 1306 664 3.25916 170
76 92 1122 538 3.15779 37094
76 100 278 350 3.13576 216
76 28 1478 626 3.15306 7056
20 36 1104 478 3.1122 1946
20 44 1276 446 3.06356 2387
20 60 0 226 3.01506 2951
20 4 1058 596 3.31628 925
20 20 1174 664 3.14659 33
20 28 654 346 3.10451 283
84 44 1522 658 3.10902 1365
84 52 1118 270 3.15724 23855
84 60 1632 760 3.19035 12314
84 4 18 726 3.33292 6878
84 68 824 414 3.10514 545
84 76 1316 658 3.22284 170
84 20 1200 632 3.10917 5531
84 84 1314 666 3.22645 170
84 92 70 546 3.20255 8
84 100 1450 732 3.26878 2026
92 36 362 606 3.21126 111
92 44 334 632 3.11167 3512
92 52 1638 754 3.1737 12314
92 60 948 166 3.19984 10
92 68 970 262 3.06565 1524
92 84 78 534 3.19686 8924
92 100 1460 734 3.2858 2026
100 36 882 506 3.0784 2899
100 44 878 516 3.01493 2899
100 52 556 438 3.04933 4427
100 60 954 166 3.19965 10
100 68 954 170 3.23703 10
100 84 954 184 3.19521 10
100 92 80 538 3.30698 8
100 100 78 550 3.24816 8
100 28 10 738 3.34841 4
108 44 1174 622 3.18562 77156
108 52 1174 628 3.15097 77156
108 60 964 166 3.21287 10
108 68 962 174 3.18476 10
108 76 960 178 3.18829 10
108 84 958 182 3.13773 10
108 92 88 540 3.17408 8
108 100 90 550 3.2448 8
108 28 10 734 3.40432 6
28 36 362 142 3.13274 391
28 44 766 466 3.10269 3455
28 12 1508 646 3.20963 9773
28 52 1242 670 3.07105 291
28 60 684 194 3.0249 11468
28 4 1054 594 3.28332 925
28 20 1080 626 3.10547 58
28 84 1220 624 3.15586 573
28 92 1220 632 3.13372 573
116 44 1180 620 3.14034 77156
116 60 608 336 3.14332 1252
116 68 1140 474 3.11342 628
116 76 118 254 3.1257 636
116 20 22 728 3.43045 6
116 84 126 272 3.04973 636
116 100 1322 166 3.20827 17050
