12 36 1462 248 3.11074 32
12 44 174 366 3.15162 60
12 52 80 460 3.16757 1395
12 60 826 746 3.07504 4560
12 4 1194 458 3.20407 937
4 36 932 218 3.18527 85
4 44 70 452 3.20674 308
4 52 950 350 3.23382 113
4 60 950 428 2.84317 3272
4 4 34 374 3.11139 35
4 20 1070 226 3.33974 19
4 28 138 326 3.29481 80
20 44 182 364 3.16081 60
20 12 1386 224 3.33129 0
20 52 182 374 3.18625 60
20 60 174 390 3.12354 5667
20 4 98 370 3.19905 822
20 20 1386 232 3.20364 0
20 28 1472 242 3.15603 32
28 36 1400 242 3.33481 0
28 44 118 320 3.13571 348
28 12 1402 222 3.3801 0
28 52 120 330 3.02687 277
28 60 184 386 3.11112 5667
28 4 112 370 3.22276 334
28 20 1402 228 3.40122 0
