36 36 410 224 3.25085 22
36 44 560 78 3.24728 84
36 12 1514 640 3.37962 18
36 52 420 130 3.2034 49
36 60 102 86 3.18362 476
36 68 346 332 3.19387 426
36 28 518 258 3.27222 339
44 36 522 264 3.24228 241
44 44 562 64 3.24773 33
44 12 1518 638 3.48167 30
44 52 874 138 3.2131 106
44 60 1098 36 3.28282 11269
44 20 528 248 3.30378 339
44 28 526 258 3.27099 339
12 36 1694 544 3.22859 4040
12 52 72 446 3.33726 2184
12 60 72 450 3.37715 2184
12 4 752 362 3.40437 601
12 68 72 460 3.26422 3449
12 20 766 58 3.19474 139
12 28 362 264 3.1961 94
52 36 366 278 3.22113 458
52 44 434 128 3.25332 49
52 12 1530 640 3.49345 30
52 52 978 682 3.19295 54
52 4 1530 634 3.43816 30
52 68 1104 44 3.38709 2938
52 20 1062 606 3.26623 25
52 28 530 258 3.24825 120
60 36 1090 642 3.17143 160
60 52 726 238 3.22519 113
60 60 1110 38 3.31931 2938
60 4 1258 350 3.37092 5052
60 68 1112 44 3.37685 2938
60 20 1074 608 3.23432 25
60 28 1528 658 3.24458 0
4 12 1678 134 3.30414 69801
4 52 64 444 3.37096 2184
4 4 746 362 3.34364 10599
4 20 200 196 3.17013 1059
4 28 1684 538 3.28932 4040
20 36 694 594 3.22954 1291
20 44 694 602 3.24899 1291
20 12 1052 604 3.28373 83
20 52 702 610 3.17031 5913
20 4 1054 596 3.41259 160
20 68 698 622 3.21035 1177
20 20 734 170 3.21818 235
20 28 1344 762 3.23775 56
28 36 554 70 3.24312 84
28 44 552 78 3.1941 84
28 12 1506 640 3.33086 30
28 52 412 132 3.18535 49
28 60 496 108 3.15898 3022
28 68 338 334 3.17972 426
28 20 456 278 3.19673 657
