36 36 1442 536 3.1966 1127
36 44 1442 544 3.2413 1127
36 12 294 362 3.07306 185
36 20 292 372 3.15867 185
36 28 944 330 3.0767 222
44 36 1280 678 3.01277 176
44 44 552 520 3.02913 8481
44 12 1248 98 3.0601 245
44 4 1294 612 3.1718 771
44 28 262 74 3.07229 96
12 36 1666 486 3.17229 7893
12 4 1538 346 3.23433 1195
12 28 1416 296 3.10272 13
52 36 268 80 3.03332 96
52 44 74 96 3.03937 1300
52 12 902 530 3.10369 1551
52 4 902 522 3.12095 1551
52 20 1146 358 3.03842 78
52 28 968 608 3.02436 843
60 44 1490 278 3.13525 26478
60 12 1510 638 3.2611 8049
60 4 1510 630 3.27317 8049
60 20 1516 650 3.05221 6147
60 28 578 418 2.98623 1272
4 36 846 690 3.10139 167
4 12 1522 356 3.25282 5199
4 4 1522 346 3.24719 5199
4 20 390 594 3.18089 4746
4 28 1404 298 3.069 1163
68 36 1498 270 3.1532 26478
68 44 1498 278 3.15304 26478
68 12 1520 638 3.27505 8049
68 4 346 590 3.22908 41062
68 20 352 608 3.03338 41062
68 28 1232 430 2.97273 16662
20 44 1676 496 3.17542 7893
20 12 1142 178 3.1666 4
20 4 1590 562 3.24655 2991
20 20 1302 556 3.14207 0
20 28 1290 646 3.07792 8
28 36 1536 154 3.24082 561
28 44 1536 162 3.25827 561
28 12 1152 180 3.18677 4
28 20 1314 556 3.15222 0
28 28 1214 502 3.15487 19
