36 36 570 238 3.17114 25
36 44 840 202 3.16625 265
36 12 694 192 3.15309 12
36 52 874 614 3.17118 4299
36 60 646 572 3.18877 36
36 68 688 512 3.17328 10
36 76 878 258 3.1729 9303
36 20 842 174 3.14019 2908
36 28 556 388 3.1615 6
44 36 1080 748 3.16994 500
44 44 1682 734 3.21407 486
44 12 800 386 3.1292 35
44 52 1682 742 3.1965 486
44 4 300 2 3.0242 77847
44 68 1306 264 3.25866 8
44 76 888 260 3.21221 9303
44 20 1010 10 3.17125 147
44 28 1010 18 3.17615 147
12 36 86 386 3.12634 3629
12 12 26 730 3.32821 25094
12 52 960 608 3.14742 88
12 60 312 738 3.15456 16
12 4 28 726 3.3521 25094
12 76 1674 494 3.31868 35432
12 28 44 736 3.22061 9091
52 36 1040 24 3.17937 119
52 44 870 182 3.19384 4
52 12 1058 604 3.22642 24
52 52 1308 258 3.21688 113
52 60 1312 258 3.26603 8
52 4 1058 596 3.31919 36731
52 20 790 518 3.17173 2100
52 28 1022 16 3.17956 147
60 36 1314 246 3.19389 25877
60 44 1314 250 3.21918 3963
60 12 328 432 3.19495 5087
60 60 898 254 3.1464 13196
60 4 1574 560 3.30295 52203
60 20 578 400 3.16603 186
60 28 582 392 3.16922 70
4 44 1680 514 3.20599 7064
4 12 22 730 3.34788 25094
4 52 1682 520 3.20492 7064
4 60 1564 578 3.12217 513
4 4 22 726 3.34404 25094
4 68 1666 488 3.28667 35432
4 76 1670 496 3.24183 35432
4 20 10 734 3.26988 59600
20 36 624 386 3.08803 1400
20 44 1108 238 3.14389 478
20 52 968 608 3.13821 88
20 60 674 510 3.18911 10
20 4 46 726 3.28747 15890
20 68 1246 634 3.18196 45699
20 76 1686 494 3.29105 50859
28 36 880 150 3.17778 132
28 44 1024 18 3.16503 760
28 52 638 26 3.14235 187
28 60 638 572 3.20033 36
28 68 566 270 3.16361 0
28 20 530 366 3.15475 34
