36 36 104 746 2.97678 56
36 44 1426 466 3.06671 1267
36 12 910 280 3.25342 429
36 52 1690 488 3.278 346
36 60 1692 498 3.37371 346
36 4 912 272 3.32708 429
36 20 1218 402 3.12922 34
36 28 1530 130 3.09662 313
44 36 112 746 3.05106 56
44 44 1442 474 3.09157 1267
44 52 1272 212 3.05839 67
44 4 758 362 3.19302 73
44 20 1536 122 3.12354 313
12 36 934 458 3.13389 20
12 12 34 742 3.36824 382
12 28 1666 246 3.04029 187
52 12 1198 648 3.0738 1195
52 60 830 440 3.26743 3784
52 4 1198 638 3.1606 1195
52 20 56 752 3.17435 248
52 28 952 502 3.1496 2446
60 36 8 636 3.16829 539
60 44 960 506 3.20261 356
60 12 1204 646 3.1433 1195
60 52 838 440 3.18868 4432
60 60 836 438 3.2281 3784
60 4 1206 638 3.07859 1195
60 20 66 752 3.13814 248
60 28 958 494 3.15543 356
4 36 1682 526 3.08113 490
4 4 22 728 3.38143 382
4 28 1682 518 3.14808 490
20 36 232 718 3.16333 58
20 44 224 734 3.03211 459
20 12 40 742 3.35904 382
20 52 1668 488 3.33644 1203
20 60 1670 496 3.28001 1203
20 20 1404 276 3.11016 541
20 28 230 714 3.18059 58
28 36 240 722 3.11212 58
28 12 742 372 3.31278 73
28 52 1684 490 3.36408 346
28 60 1684 498 3.36918 346
28 4 30 746 3.34158 41
28 20 1210 402 3.1261 34
28 28 238 710 3.12997 58
