36 36 234 174 3.15885 61
36 44 1534 2 3.15594 346
36 60 934 586 3.16904 22
36 4 48 730 3.21055 107
36 68 932 592 3.17017 22
36 76 1438 484 3.2531 51
36 28 232 166 3.18852 61
44 36 242 174 3.11487 61
44 44 1350 722 3.12616 72
44 12 1102 238 3.12472 40
44 52 1350 730 3.12619 72
44 60 940 584 3.1411 22
44 4 542 348 3.12136 28300
44 68 942 592 3.14021 22
44 76 1034 72 3.23106 56
44 20 546 364 3.11352 606
44 28 1104 262 3.11731 40
12 44 24 756 3.1785 103
12 12 26 730 3.49514 6
12 52 1654 746 3.17431 21
12 60 1466 666 3.22313 44
12 4 28 726 3.51903 6
12 68 1672 490 3.34691 437
12 76 1672 498 3.25524 437
52 36 252 168 3.12452 61
52 44 890 150 3.12752 74
52 12 1606 562 3.12443 19163
52 52 1040 52 3.16049 56
52 60 1308 254 3.17997 356
52 4 1608 552 3.14348 18775
52 68 1310 258 3.2704 356
52 76 894 254 3.18291 89117
52 20 1600 690 3.1065 335
52 28 1110 264 3.14621 40
60 36 1118 274 3.17697 40
60 44 1314 242 3.17182 1276
60 12 1610 560 3.1798 55336
60 60 1314 254 3.26365 356
60 4 1612 550 3.25006 30469
60 68 1314 262 3.22876 356
60 76 900 258 3.08552 89117
60 20 318 434 3.09692 970
60 28 262 162 3.14616 61
4 36 38 738 3.29192 160
4 44 14 758 3.23563 103
4 12 22 730 3.51482 6
4 52 1678 480 3.15974 31
4 60 1416 618 3.24711 91
4 4 22 726 3.51097 6
4 68 1670 494 3.22826 13
4 28 14 734 3.43642 0
20 36 88 394 3.10196 4435
20 44 1516 6 3.16234 346
20 52 1662 746 3.17459 21
20 60 1474 666 3.21229 44
20 68 1686 492 3.348 13
20 76 1684 498 3.35923 13
28 36 724 418 3.09934 1595
28 44 938 570 3.16636 35
28 12 46 730 3.48703 6
28 60 922 582 3.17377 22
28 4 46 726 3.47434 6
28 68 1690 490 3.25502 13
28 76 1690 498 3.34668 13
28 28 48 742 3.22768 0
