36 36 346 556 3.31111 50
36 44 344 568 3.24287 6
36 12 1560 350 3.35566 190
36 52 1490 342 3.0132 560
36 20 440 558 3.20268 26
36 28 346 562 3.28843 78
44 36 354 566 3.27236 78
44 12 232 426 3.24517 34
44 52 878 258 3.19642 1470
44 4 154 488 3.27875 2352
44 28 354 548 3.27063 50
12 36 318 562 3.28277 11
12 44 1188 506 3.13642 90
12 12 184 538 3.46825 67
12 52 24 728 3.01226 15978
12 28 1536 370 3.25913 0
52 36 456 578 3.23535 26
52 12 464 550 3.22686 26
52 20 886 178 3.20428 160
52 28 454 566 3.23232 26
60 36 890 258 3.31306 306
60 52 10 734 3.21518 11427
60 4 1300 614 3.04191 27525
60 20 474 558 3.22293 26
60 28 464 566 3.2796 26
4 12 1526 350 3.44889 0
4 52 42 730 3.00549 18016
4 4 1528 342 3.3802 0
4 20 1530 362 3.29024 0
4 28 1678 534 3.29229 343
68 36 900 258 3.21142 306
68 44 18 728 3.2186 11427
68 4 1308 614 3.07107 27525
68 28 898 252 3.30465 306
20 36 330 562 3.27426 11
20 12 1552 344 3.50025 304
20 4 1554 338 3.49757 304
20 28 194 550 3.26574 3
28 36 1594 400 3.1881 196
28 44 338 566 3.24921 6
28 4 1562 338 3.50736 304
28 28 1222 470 3.24052 12
