36 36 442 234 3.34796 50
36 44 442 240 3.32319 50
36 12 812 372 3.27659 12
36 60 244 134 3.20524 1892
36 4 812 364 3.30006 12
36 20 442 154 3.33117 136
36 28 786 386 3.37376 0
44 12 820 374 3.34577 12
44 60 914 544 3.13515 30516
44 4 1202 638 3.25649 3270
44 68 14 454 3.19 2726
44 76 776 616 3.23099 9493
44 20 820 386 3.27095 531
44 28 820 394 3.28401 531
12 36 738 414 3.26508 34
12 44 1690 534 3.25728 146
12 12 416 208 3.241 16
12 52 1690 546 3.2987 146
12 60 734 604 3.22144 1357
12 76 24 728 3.00676 148922
12 20 754 382 3.2732 0
12 28 738 402 3.29595 34
4 36 2 464 3.29145 328
4 44 1682 536 3.31935 146
4 12 1686 516 3.28741 1222
4 52 1222 632 3.32687 416
4 60 950 426 2.99818 68888
4 4 1686 510 3.35327 893
4 68 44 726 2.91353 188001
4 76 30 726 2.98796 153453
20 36 746 414 3.27676 34
20 52 222 128 3.15204 972
20 60 1246 644 3.22248 260
20 4 802 364 3.40025 162
20 68 1246 650 3.19994 260
20 20 964 566 3.32838 4
28 36 434 232 3.33813 50
28 52 436 246 3.27349 72
28 4 1694 514 3.38505 146
28 68 712 48 3.22291 69244
28 76 0 462 3.21291 2211
28 20 966 568 3.31364 4
28 28 430 160 3.30173 136
