36 44 256 746 3.25959 191
36 12 1222 666 3.21904 47120
36 52 480 546 3.17517 12
36 60 1322 168 3.17234 1853
36 20 478 490 3.28333 31
12 44 460 510 3.40615 0
12 52 462 518 3.4184 0
12 60 230 762 3.2024 296
12 4 1682 514 3.13339 4239
4 44 452 510 3.41465 0
4 52 452 518 3.41686 0
4 60 1448 274 3.24334 382
4 4 46 728 3.03807 16727
20 12 468 494 3.17664 15
20 60 230 768 3.26599 111
20 4 426 482 3.10557 350
20 20 462 486 3.23464 74
20 28 464 502 3.34781 0
28 36 470 506 3.3956 0
28 44 248 746 3.29084 37
28 12 1214 666 3.12754 47120
28 52 248 754 3.32222 37
28 60 238 768 3.23163 111
28 4 1216 660 3.20267 47120
28 28 472 498 3.39235 0
