36 12 766 370 2.58049 237
36 4 354 4 2.69443 307
36 20 426 222 2.61218 385
44 36 900 250 2.63862 64
44 44 22 726 2.80137 0
44 12 114 166 2.57052 91
44 52 22 730 2.80481 0
44 4 1680 584 2.60565 31
44 28 902 238 2.66375 219
12 36 1704 106 2.6201 70
12 44 1704 174 2.59998 51
12 12 1684 136 2.69059 4
12 52 1230 634 2.73825 10
12 4 1684 130 2.74869 4
12 20 306 440 2.60349 63
52 44 28 726 2.80903 0
52 12 436 208 2.55078 157
52 4 1200 640 2.58794 13392
52 20 894 250 2.6937 198
52 28 896 256 2.65512 198
4 44 1224 626 2.72482 10
4 12 1678 136 2.71073 4
4 4 1678 130 2.76977 4
4 20 240 378 2.6782 115
4 28 1704 208 2.6199 1489
20 36 288 468 2.54054 666
20 44 870 266 2.57565 282
20 12 604 722 2.6115 42
20 52 886 254 2.61036 117
20 4 1054 596 2.67644 158
20 20 312 438 2.57967 63
20 28 930 122 2.51324 781
28 44 874 270 2.66275 220
28 12 1674 592 2.59622 31
28 52 892 256 2.68576 117
28 4 346 4 2.68934 307
28 20 416 226 2.57217 385
28 28 934 114 2.54689 453
