36 132 1200 634 3.64127 81878
36 140 1306 272 3.37968 65564
36 36 1386 498 3.52081 130
36 44 1390 506 3.66101 42
36 52 1394 514 3.60573 42
36 60 1414 532 3.67183 170
36 4 48 734 3.54962 160851
36 76 1410 542 3.73292 26
36 92 1414 550 3.80665 170
36 100 1416 558 3.81002 170
36 108 1418 568 3.73664 508
36 28 1322 502 3.47255 774
36 116 1426 580 3.77519 170
44 132 1194 376 3.38799 146129
44 44 1398 502 3.72164 26
44 12 1382 476 3.49561 306
44 52 1398 510 3.65595 26
44 60 1404 518 3.67 26
44 4 912 272 3.41238 36611
44 68 1406 524 3.6159 26
44 20 1384 484 3.49222 306
44 84 1104 510 3.73507 24
44 92 1418 546 3.75639 4
44 108 1408 554 3.65399 2
44 28 1386 470 3.50214 187
44 116 1432 568 3.63369 466
12 132 1394 594 3.6548 634
12 36 0 406 3.72873 100
12 68 1382 542 3.71298 508
12 76 1382 546 3.6997 26
12 84 1382 554 3.70883 26
12 92 1392 562 3.81796 170
12 100 1394 570 3.83887 170
12 108 1400 576 3.74763 170
12 124 1176 624 3.68327 81878
52 132 1306 270 3.39096 240
52 36 1402 494 3.66188 130
52 44 1406 500 3.67747 26
52 12 1466 560 3.58173 13352
52 52 1406 508 3.69046 26
52 60 1412 514 3.62255 26
52 68 1414 520 3.63095 42
52 76 1420 522 3.7406 4
52 20 1462 566 3.47712 13352
52 84 1418 532 3.69673 4
52 92 1108 514 3.6265 52
52 100 1430 550 3.62431 2070
52 108 1434 558 3.63913 2070
52 28 1398 486 3.50163 58
52 124 1436 578 3.50366 2070
60 132 6 726 3.5143 763
60 36 1412 494 3.61716 130
60 44 1412 498 3.71475 58
60 12 1476 562 3.5131 345
60 52 1412 506 3.70867 58
60 60 1420 510 3.61884 42
60 68 1422 516 3.61996 0
60 76 1426 524 3.71909 4
60 84 1430 530 3.73971 4
60 92 1120 522 3.61056 70
60 108 1312 246 3.41236 240
60 28 1466 568 3.5246 13352
60 116 1314 250 3.49883 240
60 124 4 730 3.4465 763
4 140 630 542 3.43944 40031
4 84 0 446 3.70891 239
4 92 0 450 3.71466 239
4 108 2 460 3.61147 1365
4 124 1166 622 3.44147 244
68 44 1422 494 3.70441 58
68 52 1420 502 3.67995 58
68 60 1426 506 3.59015 0
68 84 1442 534 3.57217 8
68 28 1414 478 3.51432 58
68 116 10 722 3.58823 17193
76 140 10 734 3.73508 31963
76 36 644 502 3.51622 69470
76 12 1570 550 3.44058 94822
76 52 1426 494 3.53513 32
76 60 50 456 3.48208 104
76 20 1542 538 3.461 75574
76 28 1484 566 3.48849 13352
76 124 22 728 3.76852 763
20 132 1402 592 3.73557 4
20 44 1374 496 3.55534 32
20 52 8 414 3.55594 100
20 60 1398 532 3.7552 50
20 68 1394 538 3.79193 508
20 76 1392 544 3.77053 26
20 84 1394 552 3.75878 26
20 92 1400 558 3.81049 170
20 100 1402 566 3.80231 170
20 116 1410 582 3.67999 170
20 124 1402 584 3.7301 4
84 36 50 426 3.39333 3973
84 44 50 434 3.43257 3973
84 52 58 450 3.47375 104
84 60 60 456 3.47048 104
84 68 1324 168 3.24128 66029
84 20 1570 552 3.46119 31740
84 28 1538 576 3.40368 5251
84 124 30 726 3.75357 763
28 36 1378 506 3.4893 371
28 12 48 736 3.58692 81057
28 52 10 418 3.55623 100
28 60 1404 534 3.73416 170
28 20 10 398 3.35862 104
28 84 1402 548 3.80209 26
28 100 1408 562 3.83714 170
28 108 1414 568 3.80088 508
28 116 1416 582 3.75071 170
