36 44 1308 352 3.1071 209
36 12 1136 220 3.08923 35
36 60 1680 184 3.19785 0
36 20 1590 486 3.10544 182
36 28 1164 504 3.11545 19
44 36 1384 360 3.09963 262
44 44 1210 352 3.07944 7
44 52 1318 362 3.13055 209
44 60 1438 540 3.1243 465
44 28 1592 488 3.11161 1712
12 36 1672 168 3.205 5
12 44 1674 176 3.2443 5
12 12 1294 552 3.09668 6
12 4 1412 142 3.14795 3
12 28 618 568 3.04747 95
52 36 1194 254 3.10581 16
52 52 1214 360 3.04711 7
52 60 1344 602 3.11305 6451
52 20 10 736 3.26426 3521
52 28 1220 658 3.04976 2512
60 44 1626 506 3.00292 7388
60 52 1628 516 3.00365 7388
60 60 34 10 2.92818 2592
60 4 22 728 3.32226 3521
4 44 1664 176 3.21285 5
4 12 1286 550 3.07203 6
20 12 1422 154 3.14329 3
20 4 1306 542 3.07775 6
28 36 1370 356 3.07534 27
28 44 1680 170 3.0439 113
28 12 1130 222 3.08862 35
28 52 1670 174 3.26258 0
28 28 1394 550 3.15423 2
