36 36 1190 470 3.30888 75
36 12 188 728 3.09945 476
36 4 190 718 3.17348 476
36 20 192 262 3.05583 918
44 36 1454 248 3.31448 53
44 12 194 728 3.16431 476
44 4 194 718 3.19365 476
44 20 1386 214 3.08383 6
44 28 1198 466 3.30928 75
12 36 1376 30 3.16683 104
12 12 58 738 3.11158 1306
12 4 50 734 3.1889 6591
12 20 1130 112 3.03465 4353
12 28 1414 0 3.14765 798
52 36 1148 178 3.17479 1562
52 12 1202 650 3.16087 629
52 4 1198 638 3.22119 629
52 20 1246 244 3.09354 16
52 28 1594 382 3.18527 0
60 36 1466 248 3.19581 53
60 12 1206 646 3.244 629
60 20 1582 366 3.10528 0
60 28 158 310 3.21623 500
4 36 1130 134 3.10756 13570
4 4 44 730 3.20077 6591
4 20 1120 110 3.11576 1929
4 28 1122 116 3.09648 1929
20 36 1386 30 3.16743 104
20 12 390 330 3.02401 64
20 4 1694 124 3.06386 8332
20 20 388 336 3.1179 64
20 28 1422 0 3.12522 798
28 36 1502 576 3.0569 6435
28 12 394 330 3.01945 64
28 4 286 356 2.95303 142
28 20 614 2 3.15522 78
