36 36 1380 110 3.10071 78
36 44 592 536 3.13162 40
36 12 1130 476 2.97237 793
36 52 1478 662 3.05443 492
36 60 1464 668 3.08962 9027
36 4 1218 656 3.03425 7587
36 20 1048 124 3.05084 15
36 28 124 0 3.05721 566
44 36 306 454 3.1075 2665
44 44 926 584 3.08149 8
44 12 338 590 3.08099 377
44 52 1698 758 3.05967 206
44 60 742 588 3.03494 182
44 20 1056 122 3.06258 15
44 28 728 56 3.10176 2
12 36 1510 10 3.03684 75
12 44 1670 766 3.10541 206
12 12 288 438 3.09085 393
12 52 1674 490 3.18896 333
12 60 1678 500 3.05162 333
12 4 1512 130 3.04386 22856
12 20 1118 620 3.06915 153
12 28 724 608 3.04605 3089
52 36 294 18 3.09376 13
52 44 934 584 3.07727 8
52 12 8 738 3.03033 66048
52 52 1482 110 3.09507 24
52 60 588 38 3.06732 4382
52 20 1536 534 3.0592 2965
52 28 298 8 3.0709 13
60 36 608 530 3.04041 40
60 52 1082 142 3.14672 15
60 60 670 620 3.13487 12
60 4 18 726 3.28571 25516
60 20 1660 518 3.08173 2813
60 28 1468 618 3.09063 137
4 36 342 486 3.08795 15555
4 44 1232 638 3.13567 12991
4 52 670 576 3.14536 2056
4 20 284 438 3.10921 5539
4 28 282 450 3.10539 1799
68 36 352 260 3.02757 1513
68 44 846 662 3.01073 29614
68 12 22 730 3.31103 25516
68 52 1314 246 3.11689 62707
68 60 1312 256 3.17913 62707
68 4 26 726 3.31282 25516
68 28 1668 524 3.06226 2813
20 36 510 488 3.06596 52
20 44 610 502 3.08506 0
20 12 1124 610 3.05831 153
20 60 1684 498 3.20293 333
20 20 1124 620 3.03736 153
20 28 732 608 3.09301 3089
28 36 514 486 3.11547 52
28 44 618 502 3.07474 0
28 52 636 532 3.02227 22658
28 4 1426 386 2.99149 29152
28 20 114 238 3.00917 312
28 28 294 452 3.11049 43
