36 36 552 394 3.03098 4
36 44 938 554 3.02923 303
36 12 142 2 3.08432 7
36 52 640 454 3.0182 69
36 68 822 666 3.18353 12
36 76 670 574 3.08808 230
36 20 1606 568 3.04574 10
36 28 20 414 3.02633 36
44 36 142 30 3.01056 7
44 44 1486 170 3.02381 887
44 12 1210 658 3.14055 8
44 52 1608 518 3.07406 20
44 60 1358 254 3.06585 42
44 68 1494 72 3.02346 142
44 76 1494 80 3.02049 142
44 20 1314 732 3.04945 404
44 28 1614 576 3.03004 119
12 36 522 392 3.03504 4
12 44 680 534 3.08477 3020
12 12 44 736 3.27393 13307
12 52 1582 532 3.05792 177
12 4 44 728 3.26504 13307
12 68 28 726 3.31218 12920
12 76 26 728 3.31128 4476
12 20 536 358 3.17517 0
52 36 354 738 3.03718 106
52 44 354 746 3.0452 106
52 12 1218 656 3.15464 8
52 60 506 166 3.0547 94
52 68 1154 214 3.10123 50568
52 76 1558 74 3.0446 3016
52 28 116 314 3.0917 13
60 36 866 472 3.09409 5407
60 44 822 412 3.06576 30715
60 52 1106 630 2.92831 78500
60 60 1288 646 3.02494 1110
60 68 1562 74 3.11184 35102
60 76 1560 86 3.09986 29517
60 28 1224 664 3.0803 838
4 36 272 710 3.01729 8835
4 44 272 720 3.01823 8835
4 4 34 726 3.24086 13307
4 68 22 726 3.30412 12920
4 76 22 728 3.31766 4476
20 12 542 350 3.20465 0
20 52 686 540 3.09333 3020
20 20 546 362 3.12176 0
20 28 6 422 3.08626 36
28 36 558 370 3.116 0
28 44 816 648 2.98443 385
28 52 632 454 3.02725 69
28 60 818 662 3.13047 12
28 4 1560 270 3.12486 22
28 68 734 606 3.09253 258
28 20 130 10 3.06275 7
28 28 1050 20 3.06458 576
