36 36 314 604 3.14692 209
36 44 896 230 3.12092 2363
36 12 146 382 3.08917 555
36 52 846 234 3.14052 22
36 60 1314 252 3.19481 57
36 4 1570 342 3.11997 2313
36 68 1314 262 3.18434 57
36 20 318 598 3.10782 30
44 44 906 232 3.17816 2363
44 12 132 302 3.1039 46
44 52 904 242 3.16435 2363
44 4 1452 166 3.09691 16920
44 68 902 258 3.07861 2363
44 76 22 730 3.05868 129486
44 20 950 516 3.11523 949
12 36 800 388 3.06589 87
12 44 1694 534 3.28538 5
12 52 1694 546 3.25409 5
12 60 1696 554 3.32956 5
12 4 1686 508 3.3316 95
12 68 1694 558 3.33552 5
12 28 1414 294 3.14541 2114
4 36 1686 534 3.18292 94
4 44 1684 538 3.3613 5
4 12 1680 514 3.32865 95
4 52 1686 546 3.36261 5
4 60 66 446 3.30385 10966
4 4 40 736 3.08977 6621
4 68 64 448 3.27638 42
4 20 1682 520 3.328 95
20 36 1024 286 3.095 174
20 44 1688 754 3.12297 114
20 12 1688 522 3.18443 0
20 52 1026 294 3.11025 28
20 60 1298 256 3.15027 76
20 4 1690 510 3.37671 43
20 68 1296 266 3.10771 76
20 76 84 448 3.0756 42
28 36 306 602 3.11839 209
28 44 1034 290 3.09281 174
28 12 1698 522 3.19223 0
28 60 1308 250 3.15979 57
28 4 1694 514 3.37076 43
28 68 1308 260 3.21024 57
28 28 1700 534 3.16436 0
