36 36 1042 102 3.88205 0
36 44 1042 110 3.7643 8
36 12 1042 78 3.88296 0
36 20 1042 86 3.88771 0
36 28 1042 94 3.88618 0
44 36 1050 102 3.79603 40
44 44 1050 110 3.71969 18
44 12 1050 78 3.78799 40
44 4 1434 166 3.17112 1437
44 20 1050 86 3.81748 18
44 28 1050 94 3.82281 18
12 36 1018 100 3.83187 0
12 44 1016 108 3.64126 8
12 12 1020 76 3.77737 0
12 4 158 752 3.22515 389
12 20 1018 84 3.85267 0
12 28 1018 92 3.84011 0
52 36 1058 102 3.7866 40
52 44 1058 110 3.73601 18
52 12 1060 78 3.78583 40
52 4 1440 166 3.1956 1437
52 20 1060 86 3.81544 18
52 28 1058 94 3.81481 18
60 36 1066 104 3.74115 10
60 12 1066 80 3.7399 44
60 4 1498 298 3.17629 819
60 20 1066 88 3.76628 44
4 36 68 452 3.30139 2321
4 12 1194 492 3.19331 1216
4 4 92 718 3.13303 3384
4 20 1434 316 3.1972 2584
68 36 1074 104 3.752 10
68 44 1072 112 3.62844 18
68 4 1638 76 3.15203 1268
68 20 1072 90 3.60597 18
68 28 1074 96 3.76529 10
76 36 1086 104 3.2825 36
76 44 1090 112 3.28855 36
76 12 1224 658 2.89304 28854
76 4 18 728 2.82104 356122
76 20 232 494 3.14482 2179
76 28 1090 94 3.1877 147
20 36 1026 102 3.85534 0
20 44 1024 110 3.7562 8
20 12 1026 78 3.85185 0
20 4 1362 632 3.23343 253
20 20 1026 86 3.83111 0
20 28 1026 94 3.82911 0
28 36 1034 102 3.86919 0
28 44 1034 108 3.8021 8
28 12 1034 78 3.884 0
28 4 1038 66 3.20723 93
28 20 1034 86 3.8763 0
28 28 1034 94 3.87195 0
