36 36 120 22 3.1496 29
36 44 1106 42 3.19721 1000
36 12 1448 596 3.3319 121
36 52 1106 48 3.16458 1000
36 4 344 590 3.30951 3338
36 20 334 16 3.13292 18
36 28 182 146 3.1306 57
44 36 1674 306 3.08427 3028
44 44 1674 314 3.09076 3028
44 12 354 600 3.26751 21151
44 52 72 720 2.87119 65438
44 20 278 286 3.02608 211
44 28 258 694 3.0733 2325
12 36 106 246 3.19498 10
12 44 488 82 3.16481 70
12 12 1426 600 3.28811 121
12 52 1698 554 3.10642 4563
12 4 1690 512 3.32801 4138
12 20 692 592 3.24343 48
52 36 1680 308 3.11123 3028
60 36 1630 86 3.05696 20511
60 52 22 728 2.96239 89627
4 36 690 602 3.20825 48
4 12 1074 234 3.29256 28248
4 52 1690 550 3.19857 6867
4 4 1684 512 3.34338 4138
4 20 686 594 3.31519 48
20 36 118 242 3.15782 10
20 12 18 406 3.19821 0
20 52 1030 74 3.08343 64659
20 4 1436 590 3.33465 121
20 20 116 118 3.18525 34
20 28 18 422 3.14048 1
28 36 26 450 3.15481 0
28 44 24 458 3.1442 0
28 52 1096 48 3.22845 1000
28 4 1442 588 3.3367 121
28 20 26 418 3.16987 1
28 28 114 16 3.17693 29
