36 36 1188 22 3.39413 3
36 4 1126 582 3.07269 1711
36 20 1174 6 3.2191 0
36 28 1174 14 3.26264 0
44 36 1190 24 3.43239 0
44 12 1454 672 3.18927 497
44 20 1190 0 3.25707 0
44 28 1210 10 3.25764 1
12 36 10 588 3.16546 30
12 12 46 734 3.27542 17663
12 28 12 580 3.12845 30
52 12 1286 278 3.15454 186
52 4 1288 272 3.12887 186
52 20 1222 0 3.2468 1
52 28 1222 8 3.25079 1
60 36 1218 24 3.20774 3
60 4 1282 550 2.78524 2835
60 28 1360 6 3.21445 16
4 36 6 628 2.87655 6856
4 20 42 738 3.2503 15371
4 28 172 546 3.09736 8070
20 36 20 586 3.14524 30
20 28 22 582 3.16724 30
28 12 1120 590 3.10172 1711
28 4 36 744 3.23364 36
