36 44 560 690 3.64216 0
36 12 54 508 3.38103 118
36 52 562 696 3.61688 0
36 4 1176 622 3.21538 6029
36 28 558 688 3.62782 12
44 12 60 508 3.32513 118
12 36 542 688 3.61611 0
12 12 1206 106 3.28307 224
12 52 534 696 3.559 0
12 60 534 704 3.40068 0
12 68 286 736 3.38614 126
52 36 568 690 3.55262 6
52 12 70 508 3.27652 118
52 4 30 726 2.97723 221646
52 68 218 500 3.42339 8
52 20 1544 538 3.31469 581
52 28 894 502 3.3375 487
60 36 1544 560 3.31487 188
60 52 1610 378 3.39084 94
60 60 1610 388 3.34592 94
60 68 1380 458 3.01037 944
60 28 1538 536 3.35964 898
4 52 1210 120 3.3251 131
4 60 1212 130 3.33242 131
4 4 22 728 3.13498 59163
4 20 382 600 3.14122 5782
20 36 546 686 3.61056 0
20 44 550 694 3.63285 0
20 12 1608 544 3.26306 1334
20 4 1614 534 3.1072 2469
20 68 298 738 3.39665 126
28 36 554 684 3.64227 0
28 12 1614 542 3.31148 1334
28 52 554 698 3.60765 0
28 4 1510 524 3.22748 347
