36 36 1594 68 3.13415 0
36 12 414 482 3.24603 7
36 4 76 354 3.22653 5668
36 20 408 430 3.22913 10
36 28 1592 58 3.15902 0
44 36 1602 70 3.17599 0
44 12 958 402 3.22193 68
44 4 1146 170 3.27336 4
44 20 422 490 3.20077 7
44 28 1044 54 3.14534 5728
12 36 1162 526 3.07319 9680
12 12 910 274 3.344 2333
12 4 906 268 3.29035 2333
12 20 504 386 3.17929 14
52 36 888 310 3.26308 264
52 12 1154 178 3.17914 4
52 4 1490 298 3.25732 441
52 20 250 706 3.15681 293
60 36 894 314 3.24986 264
60 12 1610 50 3.24409 0
60 4 1376 426 3.22025 117
60 20 1614 46 3.18799 183
4 36 1222 630 3.17766 20410
4 12 46 738 3.26092 1886
4 4 22 730 3.29541 2453
4 28 1224 626 3.19022 20410
68 12 972 546 3.12919 16597
68 20 1682 302 3.05648 350
68 28 944 320 3.23466 5328
20 36 188 442 3.0789 684
20 12 916 274 3.30223 2333
20 4 916 266 3.28866 2333
28 36 542 386 3.11467 164
28 4 902 274 3.28186 4860
28 20 1306 402 3.18592 2997
28 28 398 454 3.14599 1378
