36 36 614 408 3.73581 0
36 44 616 416 3.69613 0
36 52 616 424 3.74037 1
36 60 618 432 3.75376 1
36 68 620 440 3.74986 1
36 76 620 448 3.74726 1
36 20 610 392 3.53696 1
36 84 624 456 3.52225 0
36 92 888 256 3.20274 122
36 100 888 266 3.14587 122
36 28 612 402 3.74762 0
44 36 622 408 3.59337 16
44 52 624 422 3.61592 16
44 60 626 432 3.57678 16
44 68 628 440 3.54955 27
44 20 1210 652 3.17436 403
44 84 1034 74 3.15778 4290
44 92 896 256 3.16973 122
44 100 18 726 3.40312 147
12 36 590 414 3.74645 0
12 44 592 422 3.73246 1
12 12 586 390 3.61873 3
12 52 592 428 3.7065 1
12 60 594 438 3.74824 0
12 4 1664 402 3.20006 12228
12 68 596 444 3.77708 1
12 76 598 452 3.77413 1
12 20 588 398 3.70218 1
12 84 600 460 3.74526 0
12 92 600 468 3.61072 4
12 100 602 474 3.44457 9
12 108 582 502 3.0636 16434
12 28 588 406 3.71365 0
52 36 630 406 3.21807 39
52 44 632 414 3.47654 85
52 52 632 422 3.53496 39
52 60 634 430 3.5433 39
52 68 636 438 3.39159 85
52 76 900 238 3.18255 690
52 84 896 254 3.21222 122
52 100 26 726 3.43016 147
52 28 1222 670 3.19031 138
60 36 1226 674 3.20666 138
60 44 642 412 3.21565 396
60 52 640 420 3.40705 115
60 60 642 428 3.33508 115
60 68 906 232 3.16209 690
60 76 902 246 3.17007 122
60 84 14 722 3.26195 61
4 12 1684 520 3.16937 1349
4 4 1684 512 3.20801 3284
4 68 2 490 3.24118 637
4 20 6 402 3.16499 98
4 84 1404 310 3.30257 65
4 92 592 468 3.2036 46
4 100 1446 270 3.23538 615
4 108 1522 382 3.11352 200
68 52 1228 680 3.0505 8773
68 100 22 728 3.43344 61
20 36 598 412 3.75677 0
20 44 600 420 3.74256 1
20 12 594 388 3.62178 3
20 52 602 428 3.72323 1
20 60 602 436 3.77607 0
20 4 1518 560 3.1227 9517
20 68 604 444 3.77249 1
20 76 606 450 3.75784 1
20 20 594 396 3.70246 1
20 92 610 468 3.61699 4
20 100 610 474 3.48091 9
20 28 596 404 3.75036 0
28 36 606 410 3.75211 0
28 44 608 418 3.73154 0
28 12 602 386 3.22279 3
28 52 608 426 3.74881 1
28 60 610 434 3.70735 1
28 68 612 442 3.7613 1
28 76 614 450 3.76195 1
28 20 604 394 3.66966 1
28 84 614 458 3.66847 0
28 92 616 464 3.17985 16
28 100 1422 320 3.21289 65
28 28 604 402 3.75639 0
