36 36 1194 338 2.54857 729
36 44 1024 266 2.56802 204
36 12 252 746 2.53578 1557
36 52 1104 346 2.55262 73
36 4 1152 600 2.48189 2631
36 20 1294 126 2.50714 1648
36 28 1566 348 2.50552 4984
44 36 1280 314 2.68554 0
44 44 1278 322 2.69925 0
44 52 1278 330 2.63195 2
44 4 1198 636 2.67334 12
44 20 1374 434 2.55496 320
44 28 1278 298 2.53014 16
12 36 974 338 2.55555 701
12 44 96 504 2.57148 1772
12 12 46 736 2.52182 29
12 52 0 482 2.51735 432
12 20 146 314 2.55583 2318
52 36 1486 584 2.67796 120
52 44 1290 326 2.65834 0
52 12 1222 666 2.70676 4
52 52 1290 332 2.65935 2
4 36 386 600 2.54784 4544
4 44 230 338 2.45581 9020
4 12 44 730 2.64109 745
4 52 764 624 2.55505 7242
20 36 1134 178 2.54235 1637
20 44 1134 184 2.52891 1637
20 12 152 308 2.53687 2318
20 52 304 632 2.53643 853
20 4 1278 116 2.55931 1308
20 28 1006 340 2.5147 8505
28 36 1142 176 2.49199 1637
28 52 412 638 2.49446 379
28 4 1284 116 2.52122 1308
28 20 162 310 2.49902 767
28 28 458 472 2.49329 4943
