36 36 1288 646 3.07237 9017
36 4 18 756 3.35773 7
36 20 844 16 3.24489 285
44 36 1136 34 3.33318 204
44 12 62 746 3.25599 665
44 4 62 738 3.20843 665
44 20 850 16 3.20414 285
12 36 814 18 3.11498 432
12 4 30 726 3.43824 8
12 20 42 746 3.39075 8
12 28 810 12 3.10994 432
52 36 30 196 3.3236 189
52 12 798 394 3.15519 358
52 4 1274 686 3.13764 426
52 20 1280 0 3.20685 96
52 28 22 190 3.23651 175
60 36 1278 14 3.33655 96
60 12 344 600 3.30084 63
60 4 344 594 3.36865 63
60 20 1054 750 3.19671 296
60 28 532 430 3.23614 364
4 36 1682 538 3.16008 61311
4 4 22 728 3.45313 8
4 20 32 748 3.39364 8
4 28 1074 252 3.00711 22387
68 36 1288 12 3.30909 96
68 12 352 600 3.37256 63
68 20 538 420 3.22383 109
68 28 1536 444 3.25373 64
76 36 1160 196 3.15301 2508
76 12 1200 636 3.27503 651
76 20 1636 568 3.22817 154
76 28 1144 266 3.14205 3727
20 36 820 22 3.22687 1178
20 12 42 742 3.42009 55
20 4 44 732 3.43119 8
20 20 50 746 3.29188 1938
20 28 824 14 3.16645 285
28 36 828 24 3.21595 1178
28 12 50 740 3.39117 55
28 4 50 734 3.4103 8
28 28 832 18 3.21153 285
