36 36 1378 426 3.29465 7
36 44 1374 436 3.28057 7
36 12 1516 528 3.20768 445
36 52 1376 450 3.26289 7
36 60 1376 460 3.17702 39
36 4 1518 522 3.24196 445
36 28 486 406 3.23783 0
44 44 1382 436 3.2224 4
44 12 1524 528 3.18769 445
44 52 1380 446 3.22075 12
44 60 182 364 3.16602 38
44 20 1534 538 3.10024 21
44 28 614 320 3.20572 32
12 36 136 586 3.26423 387
12 44 950 346 3.28794 11
12 12 530 428 3.09587 61
12 60 30 726 3.02447 44702
12 20 1440 38 3.15888 56
12 28 136 578 3.20376 387
52 36 198 336 3.22733 348
52 44 1504 222 3.05435 83
52 12 1542 566 3.09561 788
52 4 1666 514 2.77195 2017
52 20 1544 578 3.16843 788
52 28 1542 544 3.1398 21
4 12 946 760 3.04784 1196
4 52 44 726 2.90153 80938
4 60 22 728 3.03908 44702
4 4 170 400 3.08054 33781
4 20 126 572 3.13873 3457
4 28 128 580 3.23885 387
20 36 478 420 3.29408 0
20 12 536 430 3.20834 19
20 52 954 350 3.32377 11
20 4 414 624 3.26273 295
20 20 536 438 3.2615 19
20 28 480 410 3.31277 0
28 36 490 418 3.33745 0
28 52 1368 450 3.31479 7
28 60 1368 456 3.2865 7
28 4 426 624 3.23463 295
28 20 546 436 3.24017 19
28 28 488 412 3.32 0
