36 36 1698 742 3.08943 3650
36 44 1116 264 3.17459 331
36 12 356 428 3.19392 229
36 4 360 4 3.2645 147
36 28 582 482 3.10766 253
44 36 302 104 3.14057 165
44 44 1126 266 3.16916 331
44 12 836 462 3.14989 121
44 4 1614 550 3.24988 507
44 20 834 468 3.13227 121
44 28 384 314 3.10563 765
12 44 138 590 3.38168 15190
12 12 178 406 3.22514 8588
12 4 358 420 3.32845 17
12 20 354 442 3.21374 17
12 28 138 570 3.16769 7092
52 36 1212 680 3.10529 82
52 44 1254 178 3.19122 9720
52 12 1218 662 3.30994 82
52 28 312 98 3.099 165
60 36 1142 266 3.1194 7321
60 44 1266 176 3.19897 9720
60 4 1224 654 2.93068 1469
60 20 1222 666 3.31034 82
4 36 132 586 3.37306 15190
4 44 132 592 3.29163 15190
4 12 170 404 3.28877 8588
4 4 1684 512 3.31078 1174
20 36 1246 632 3.08862 576
20 44 1696 546 3.18016 3102
20 12 364 434 3.17163 17
20 4 364 420 3.37199 17
20 20 366 440 3.16707 17
20 28 1514 20 3.20495 8
28 44 218 216 3.11278 396
28 12 1550 738 3.2268 110
28 28 1114 256 3.13036 331
