36 36 1308 264 2.64907 12
36 44 898 250 2.61872 3
36 52 900 258 2.53836 3
36 4 1616 550 2.68172 543
36 20 472 362 2.54597 221
36 28 1312 246 2.55882 733
12 36 1694 520 2.50159 16
12 44 496 26 2.48933 1700
12 12 340 490 2.70972 0
12 52 1698 544 2.50234 16
12 4 1682 514 2.66712 109
12 28 340 500 2.66766 28
4 36 1684 520 2.64656 81
4 52 1682 534 2.6166 81
4 4 42 734 2.40624 123989
4 28 332 498 2.71023 28
20 12 1302 548 2.6206 15
20 4 1692 514 2.68448 109
20 20 1304 556 2.59977 15
20 28 880 622 2.54389 159
28 36 1298 262 2.54147 12
28 44 1300 270 2.63918 12
28 12 994 660 2.56113 75
28 52 894 256 2.5945 3
28 4 1054 596 2.61022 97
28 20 994 668 2.55704 75
28 28 890 622 2.56162 159
