36 12 138 498 2.73783 6
36 4 142 492 2.78183 6
36 28 852 218 2.5348 380
44 12 258 372 2.71442 4
44 20 264 376 2.65791 18
44 28 874 272 2.7133 10
12 12 1642 346 2.65037 83
12 4 422 410 2.66479 67
12 20 1186 422 2.54403 2496
12 28 1670 494 2.67316 1223
52 12 270 372 2.72701 57
52 4 58 528 2.71425 192
52 20 274 380 2.74444 57
52 28 884 270 2.70047 10
4 12 1452 206 2.6607 77
4 4 1678 130 2.64898 9289
4 20 1114 102 2.52472 4445
4 28 1670 498 2.40143 1505
20 12 1672 6 2.71147 292
20 4 794 366 2.71987 167
20 20 104 496 2.61214 495
20 28 1674 490 2.65362 1223
28 4 134 494 2.77553 6
28 28 924 738 2.49631 3222
