36 36 1162 218 2.72045 1
36 44 1162 226 2.76509 1
36 12 280 514 2.65034 79
36 4 1018 330 2.6913 245
36 20 130 410 2.55862 472
36 28 1166 208 2.58237 51
44 44 1172 222 2.74485 1
44 12 288 518 2.65367 79
44 20 214 550 2.65064 152
44 28 218 560 2.61743 152
12 36 134 594 2.44693 8412
12 44 24 728 2.53877 36594
12 12 992 174 2.55326 286
12 4 994 166 2.53723 286
12 20 1570 384 2.41375 6374
12 28 134 586 2.50803 8412
52 36 460 546 2.73601 0
52 44 460 558 2.73221 0
52 12 1036 266 2.48376 804
52 4 1478 406 2.59445 3318
52 20 1008 422 2.69449 139
52 28 1006 428 2.70344 139
4 36 44 726 2.4791 47994
4 44 22 728 2.53862 36386
4 12 1420 412 2.45265 9693
4 4 986 166 2.57861 286
4 20 656 558 2.49262 12699
20 36 966 368 2.51965 3552
20 44 1688 196 2.50004 1804
20 4 350 604 2.51658 1503
20 20 274 518 2.66314 255
28 36 1162 174 2.56362 868
28 44 482 426 2.56314 698
28 12 1330 410 2.6619 135
28 4 1010 330 2.64756 245
28 20 272 528 2.69073 175
28 28 1138 234 2.54557 614
