36 36 578 96 2.54402 2129
36 44 688 516 2.56045 33
36 20 1618 554 2.60775 258
36 28 690 502 2.50989 57
44 12 22 730 2.81622 0
44 52 1090 46 2.65265 12
44 4 22 726 2.8059 0
44 28 1074 380 2.60177 126
12 36 1682 534 2.64528 83
12 44 68 450 2.68722 50
12 12 1516 568 2.50888 74
12 4 180 400 2.55843 102
12 20 1696 550 2.56237 25
12 28 1696 558 2.6531 25
52 36 1526 434 2.60666 845
52 44 1096 42 2.63817 12
52 52 182 596 2.59403 308
52 4 28 726 2.81396 0
52 20 10 738 2.57063 429
52 28 1530 428 2.61615 845
4 4 172 398 2.65737 736
4 20 1222 626 2.66314 1144
20 36 1690 534 2.59049 83
20 44 1690 542 2.6153 83
20 12 1518 562 2.62071 34
20 52 74 456 2.66229 50
20 4 1210 652 2.63266 168
20 20 660 492 2.4724 824
20 28 660 500 2.53364 207
28 36 682 510 2.54721 33
28 44 678 514 2.54447 33
28 12 1526 562 2.63284 34
28 52 172 462 2.57209 255
28 4 1218 654 2.55719 168
28 28 682 498 2.55478 57
