36 36 562 506 3.11215 6872
36 44 1630 714 3.1495 1914
36 68 1014 30 3.18631 14
36 76 1474 634 3.21262 92
36 20 1146 628 3.08838 25925
36 92 740 558 3.21633 469
36 28 490 410 3.14256 10816
44 36 1146 638 3.15277 5503
44 12 1232 626 3.1675 42583
44 52 652 376 3.1063 2550
44 60 1678 720 3.14922 4430
44 4 1542 640 3.26106 15729
44 68 1024 32 3.19365 14
44 76 1024 42 3.20994 14
44 84 1052 752 3.22141 67
44 100 1040 56 3.30152 77
44 108 1036 70 3.36827 103
44 28 568 496 3.13306 6872
12 36 12 406 3.17849 1176
12 44 12 418 3.15445 1176
12 12 1154 646 3.22477 1746
12 52 10 426 3.15452 1176
12 60 8 436 3.16524 1176
12 4 1154 636 3.16682 1746
12 76 1698 542 3.17921 518
12 20 1336 710 3.07538 5145
12 92 10 456 3.263 140
12 100 6 466 3.28061 140
12 108 1080 270 3.2212 3471
52 36 562 244 3.13919 955
52 44 926 28 3.12157 925
52 12 354 10 3.16788 4029
52 60 1014 34 3.18766 30
52 4 1050 594 3.29638 6846
52 68 996 20 3.17081 384
52 76 1158 704 3.16485 3609
52 20 314 438 3.16826 473
52 92 1048 54 3.27708 103
52 100 1042 54 3.29985 32
52 108 1046 66 3.39927 103
52 28 316 442 3.16756 473
60 36 572 242 3.10824 955
60 44 860 0 3.12698 2915
60 12 1530 648 3.17976 3749
60 4 1062 596 3.33239 6846
60 20 1274 634 3.1557 96
60 84 1014 42 3.23119 17
60 92 1022 54 3.24668 30
60 100 1052 58 3.29878 32
60 108 1072 772 3.33738 150
60 28 1508 654 3.1584 951
4 36 4 410 3.21246 1176
4 12 290 442 3.16615 21316
4 60 0 434 3.21795 1176
4 4 1330 300 3.16488 173258
4 76 1686 542 3.24902 518
4 20 488 54 3.04255 1402
4 84 1688 546 3.26686 518
4 92 0 454 3.3034 140
4 100 0 462 3.3079 140
4 108 1222 632 3.28798 45587
4 28 1446 638 3.09902 25727
68 44 866 2 3.07592 2915
68 12 346 8 3.25814 3803
68 52 1214 706 3.09887 340
68 60 1212 714 3.15656 1082
68 4 1516 634 3.30499 19891
68 76 662 416 3.22843 23
68 20 334 440 3.18822 473
68 84 662 424 3.25422 23
68 92 1106 36 3.21899 2319
68 100 494 350 3.31701 599
68 108 1054 64 3.37202 103
68 28 326 450 3.12821 1761
76 36 1540 766 3.16777 15037
76 44 1540 772 3.10416 15037
76 12 336 8 3.21417 2708
76 60 434 122 3.11046 4728
76 4 356 0 3.31541 3803
76 76 670 416 3.24149 23
76 20 1450 628 3.13333 62
76 84 1038 52 3.21773 11
76 100 1088 72 3.35051 171
76 108 1088 80 3.27695 171
76 28 1668 682 3.11977 4507
20 44 976 618 3.14246 521
20 12 1162 644 3.14017 1746
20 52 642 418 3.13019 4862
20 60 1002 22 3.17266 38
20 4 1042 596 3.20947 6846
20 76 640 406 3.21861 23
20 20 0 0 3.11291 35264
20 92 542 380 3.29106 25
20 100 542 390 3.25148 25
20 108 718 566 3.12708 571
84 36 1454 644 3.16881 62
84 44 1546 772 3.13059 15037
84 12 342 598 3.3197 23259
84 60 1148 644 3.22726 3034
84 4 346 592 3.34488 23259
84 76 1144 662 3.15411 3034
84 20 1446 738 3.11607 211
84 100 1040 74 3.31991 0
84 28 56 26 3.10244 2907
92 36 806 668 3.09176 9470
92 44 1194 710 3.1363 7385
92 12 352 598 3.33766 23259
92 4 350 590 3.21944 23259
92 68 1154 658 3.11832 3034
92 76 1152 664 3.1279 3034
92 20 1494 634 3.18592 327
92 100 952 296 3.05212 2295
92 108 22 728 3.20384 36956
100 44 1272 726 3.14605 18738
100 52 1272 736 3.13791 18738
100 68 1566 686 3.11646 60548
100 76 598 302 3.15674 12827
100 20 1200 640 3.26707 5326
100 108 30 726 3.18888 36956
28 36 806 192 3.12225 2188
28 44 16 422 3.12168 47
28 12 326 14 3.13275 4029
28 60 890 66 3.14799 1150
28 68 886 70 3.16843 1150
28 76 502 208 3.22031 172
28 20 1142 628 3.13062 25925
28 84 1470 638 3.22888 92
28 92 552 378 3.2629 25
28 100 554 390 3.29448 25
28 28 1026 498 3.0867 13349
