36 36 418 754 2.68594 50
36 44 1310 360 2.76821 3
36 12 1688 12 2.51122 614
36 52 1462 740 2.75139 60
36 4 180 398 2.60699 3450
36 20 310 66 2.48393 5685
36 28 1284 334 2.62569 494
12 36 1704 256 2.45288 6703
12 44 402 408 2.61985 341
12 4 28 726 2.7983 0
12 20 46 736 2.64096 15
4 36 328 502 2.52988 7616
4 44 1174 330 2.58021 525
4 12 22 730 2.79408 0
4 52 1176 336 2.58905 525
4 4 22 726 2.79023 0
20 36 1290 354 2.64174 75
20 12 1098 130 2.49431 1817
20 52 582 330 2.69748 19
20 20 50 742 2.52718 340
28 36 412 754 2.72382 50
28 44 1300 360 2.78189 3
28 12 1290 626 2.48506 1191
28 4 172 398 2.61206 3450
28 20 584 524 2.45143 2188
28 28 88 514 2.57003 412
