36 52 1534 362 3.23926 122
36 60 1590 394 3.18493 178
36 4 1114 128 3.06853 661
36 20 1440 282 2.86592 6898
36 28 1134 158 3.16068 40
44 36 106 374 3.15365 2060
44 44 250 394 3.11129 29
44 52 1144 186 3.14778 121
44 60 1688 308 3.20121 3957
44 4 22 728 2.86671 125922
44 20 1224 662 2.94825 52821
12 12 334 494 3.13938 4532
12 52 1080 230 3.25956 0
12 60 82 754 3.1463 35
12 4 1096 128 3.02643 661
12 20 336 496 3.23123 1204
4 36 1070 224 3.36655 0
4 44 1074 226 3.37419 0
4 52 1074 232 3.28956 0
4 4 44 728 3.10667 10561
20 36 1088 210 3.3984 7
20 44 1086 218 3.39814 7
20 52 250 608 3.2731 8
20 60 250 616 3.1089 3
20 4 1104 128 2.98533 661
20 20 1670 54 3.1157 218
28 12 1124 518 2.96963 2185
28 52 1098 222 3.29911 2
28 4 1108 126 3.03335 661
28 20 1678 54 3.01394 218
28 28 1098 202 3.18346 2
