36 36 1048 52 2.5679 257
36 44 1054 60 2.68937 16
36 12 1526 640 2.74556 11
36 52 1104 48 2.66573 29
36 4 344 590 2.75439 2
36 20 1534 446 2.57403 345
36 28 756 46 2.57336 1259
44 36 1056 50 2.55298 257
44 52 72 720 2.45628 5286
44 20 350 602 2.57767 42
44 28 1130 264 2.54834 2759
12 44 1606 656 2.54727 57
12 12 26 524 2.62694 14
12 52 224 222 2.52797 740
12 20 1608 636 2.59786 57
12 28 1046 26 2.54031 395
4 36 4 468 2.6274 244
4 44 2 420 2.59594 381
4 12 1704 194 2.65091 384
4 52 70 446 2.6472 10412
4 4 170 398 2.6724 373
4 20 1704 202 2.66275 384
4 28 2 450 2.64747 275
20 36 758 72 2.53245 2558
20 44 1038 62 2.58268 269
20 12 1434 600 2.59752 37
20 4 338 594 2.76742 88
20 20 448 46 2.50474 674
20 28 350 100 2.56995 1628
28 36 356 108 2.54615 1628
28 44 1046 62 2.66469 16
28 52 1048 68 2.69469 16
28 20 750 36 2.55368 1259
28 28 994 66 2.54042 930
