36 36 168 546 2.93019 0
36 44 168 556 2.92294 0
36 12 164 524 2.92704 4
36 52 168 564 2.76789 21
36 20 166 532 2.93253 0
36 28 166 540 2.92782 0
44 36 176 546 2.9398 0
44 44 176 554 2.93023 0
44 12 174 522 2.89611 8
44 52 1206 498 2.65263 114
44 4 338 592 2.83908 47
44 20 174 530 2.93211 0
44 28 176 538 2.93524 0
12 36 142 550 2.68099 29
12 44 144 558 2.8733 21
12 12 922 254 2.6315 258
12 52 146 566 2.88203 21
12 20 36 382 2.62491 600
12 28 138 538 2.63507 34
52 44 184 550 2.74276 2
52 12 348 604 2.74357 39
52 52 1216 498 2.67376 114
52 20 182 530 2.91872 2
4 36 384 598 2.6354 242
4 44 14 520 2.7128 69
4 12 44 730 2.54824 632
4 52 138 564 2.74936 49
4 4 44 726 2.53535 632
20 36 152 548 2.91227 0
20 44 152 556 2.92701 0
20 12 146 522 2.73541 9
20 52 152 564 2.84362 21
20 4 928 248 2.65768 258
20 20 150 532 2.81631 0
20 28 150 540 2.88322 9
28 36 160 548 2.92551 0
28 44 160 556 2.932 0
28 12 158 524 2.92732 4
28 52 160 564 2.84638 32
28 4 156 516 2.66389 67
28 20 158 532 2.9336 4
28 28 158 540 2.92115 2
