36 36 948 220 2.57894 307
36 44 190 362 2.55955 1578
36 4 10 734 2.38093 235603
36 20 90 486 2.59764 26
36 28 1070 274 2.5656 99
12 36 408 532 2.56331 8
12 12 218 754 2.51925 53
12 4 218 746 2.47659 53
12 20 1534 358 2.62311 27
12 28 1534 370 2.66277 27
4 36 1704 194 2.66332 14
4 44 1704 200 2.71737 35
4 4 944 454 2.58295 1518
4 28 1524 366 2.67264 27
20 36 958 490 2.5488 278
20 44 1704 350 2.45299 1161
20 12 932 204 2.44332 672
20 4 1194 632 2.53786 628
20 20 836 442 2.53805 244
20 28 970 504 2.52055 46
28 36 964 488 2.54253 278
28 44 1430 354 2.5358 39
28 12 942 202 2.56024 307
28 4 348 590 2.51802 3232
28 20 86 490 2.61731 26
28 28 966 482 2.53627 278
