36 36 1110 620 3.16912 4
36 44 1034 282 3.17274 13
36 12 750 372 3.17625 6314
36 52 758 600 3.16113 25
36 4 916 270 3.33223 1652
36 28 1110 602 3.11553 15
44 36 530 400 3.07517 74
44 12 916 282 3.1883 2507
44 60 1084 74 3.18781 3507
44 4 528 368 3.19632 2572
44 20 582 300 3.04409 214
44 28 498 322 3.03722 117
12 44 662 516 3.26885 20
12 12 42 738 3.35969 0
12 4 42 730 3.33577 0
12 20 502 382 3.31021 10
52 36 1000 78 3.11775 83
52 44 1006 80 3.12704 83
52 12 1542 544 3.07434 48846
52 52 1094 68 3.19306 3507
52 4 1212 658 3.18499 17635
52 20 542 388 3.08267 100
60 12 1466 614 3.11639 989
60 52 1078 82 3.157 640
60 4 1218 656 3.1702 17635
60 20 1464 626 3.07216 989
4 36 1680 534 3.34618 39
4 52 950 428 2.98124 1129
4 4 30 726 3.34674 0
68 36 1574 670 3.03686 348
68 44 1088 74 3.17071 403
68 12 1226 670 3.16142 17635
68 52 1090 82 2.91931 403
68 4 1230 660 2.88793 12175
68 20 1644 576 3.14515 420
68 28 1470 748 3.12125 807
20 36 1694 534 3.19084 39
20 44 674 516 3.19177 20
20 12 38 744 3.34201 0
20 52 670 524 3.25998 20
20 28 1698 528 3.21648 39
28 36 1102 620 3.17285 4
28 12 898 282 3.25895 2507
28 20 518 386 3.08922 74
28 28 1104 614 3.20309 4
