36 36 864 206 3.01486 76
44 44 898 256 3.09238 725
44 12 1462 148 2.94344 973
44 4 1618 552 3.03582 42047
44 20 1202 602 2.9944 148
44 28 190 346 2.92961 414
12 36 1704 252 3.12117 108
12 52 1110 238 3.05674 0
12 60 1384 112 2.96418 11630
12 4 44 728 3.24107 7682
12 28 1704 246 3.16266 108
4 44 1682 520 3.15973 440
4 52 1696 266 3.06834 108
4 60 1682 534 3.02737 440
4 4 30 726 3.22228 9390
4 28 0 400 3.15649 4
20 36 1114 234 3.1525 0
20 44 1122 232 3.0826 23
20 52 884 250 3.03467 314
20 60 888 256 3.17473 711
20 20 412 434 3.06462 438
20 28 1130 216 3.13784 68
28 44 426 510 3.01677 84
28 52 892 252 3.17788 314
28 60 898 254 3.17421 711
28 4 1298 542 3.10082 345
28 20 1144 214 3.04095 277
28 28 1118 226 3.17812 0
