36 20 80 378 3.18839 58
36 28 190 266 3.31074 1070
44 36 54 366 3.35117 309
44 12 338 602 3.16313 218
44 4 338 592 3.33962 218
44 20 1206 374 3.26412 144
44 28 198 266 3.32276 1070
12 36 1670 494 3.10259 54792
12 12 896 284 3.36205 66
12 4 894 276 3.38625 66
12 28 1690 144 3.12882 83
52 12 346 600 3.3002 218
52 4 342 590 3.33489 218
52 20 1214 378 3.26503 144
52 28 1214 384 3.3143 144
60 36 1082 76 3.30717 815
60 12 360 604 3.31567 2812
60 4 360 596 3.25562 2812
60 20 66 352 3.2596 309
4 12 884 286 3.30355 712
4 4 886 276 3.17194 712
4 20 1680 136 3.12586 83
4 28 1678 142 3.15632 83
68 36 1610 160 3.27903 297
68 4 354 590 2.89495 218
68 20 178 698 3.26026 4622
68 28 1086 70 3.29534 6704
20 36 1562 382 3.18933 416
20 12 904 284 3.33747 66
20 4 906 274 3.41208 66
20 20 198 578 3.03922 797
20 28 882 308 3.12951 35
28 12 914 286 3.24437 712
28 20 74 374 3.17397 58
28 28 906 302 3.23863 2
