36 36 702 750 2.5325 113
36 12 60 772 2.63033 29
36 4 454 434 2.61305 21
36 28 702 752 2.54897 92
44 36 722 754 2.5338 222
44 12 1218 668 2.61524 562
44 4 1218 662 2.63599 562
44 20 976 246 2.48934 325
44 28 112 232 2.47811 169
12 12 46 736 2.79229 0
12 4 30 726 2.7757 7
12 20 38 746 2.69506 7
12 28 1202 416 2.62637 25
4 36 1684 536 2.6167 427
4 4 22 728 2.79027 7
4 20 30 746 2.70449 7
4 28 1190 416 2.62249 25
20 36 1696 670 2.56979 158
20 20 530 370 2.58415 771
28 36 1704 736 2.50399 219
28 12 52 750 2.57807 19
28 20 1698 462 2.6085 189
28 28 1698 474 2.5839 189
