36 44 120 178 3.5937 0
36 12 230 332 3.50275 4750
36 60 984 274 3.67014 219
36 68 982 274 3.59671 118
36 76 982 282 3.62729 118
36 20 230 340 3.51888 4750
36 84 980 290 3.6193 118
36 92 410 460 3.63836 5771
36 100 234 428 3.84729 337
36 108 234 438 3.8393 337
36 28 234 342 3.4747 4750
36 116 466 528 3.87641 295
36 124 468 536 3.8808 295
44 132 876 246 3.55395 2875
44 36 134 170 3.57603 2
44 44 130 178 3.63756 0
44 60 986 270 3.6712 118
44 4 90 384 3.40386 8374
44 68 1182 550 3.64482 69
44 20 982 194 3.44378 27130
44 84 986 288 3.6934 118
44 100 270 396 3.85072 273
44 108 240 434 3.85819 337
44 28 134 158 3.50691 0
12 132 950 428 3.42876 5054
12 52 334 494 3.54097 4463
12 76 234 346 3.44476 24511
12 84 1222 226 3.47924 13667
12 92 412 574 3.49917 8646
12 100 1402 290 3.6327 28990
12 116 950 418 3.68451 4882
52 44 136 178 3.6728 0
52 12 990 182 3.48209 27130
52 52 134 186 3.6487 0
52 60 20 194 3.57168 65
52 4 1002 218 3.44641 525
52 68 1192 550 3.61182 69
52 76 1192 558 3.628 69
52 20 684 392 3.45621 72034
52 84 136 208 3.632 0
52 92 426 462 3.60079 1203
52 100 262 430 3.7742 1245
52 108 278 410 3.73498 976
52 28 1006 236 3.55441 2024
52 116 280 418 3.6029 976
52 124 880 230 3.62874 5359
60 132 1310 254 3.49501 60470
60 36 144 160 3.55757 0
60 44 142 174 3.66847 0
60 12 48 278 3.44972 1457
60 52 142 186 3.63423 0
60 60 50 196 3.62014 23
60 4 20 0 3.45305 5949
60 68 1198 30 3.61094 139638
60 76 142 202 3.59681 0
60 20 690 388 3.47282 454
60 84 1002 240 3.59397 254
60 92 1180 582 3.52872 146
60 100 278 416 3.68892 3213
60 108 280 426 3.66073 3213
60 28 142 150 3.57332 0
60 116 270 450 3.56411 337
4 12 22 730 3.84138 2996
4 60 328 498 3.55636 4338
4 4 26 726 3.84317 2996
4 68 330 504 3.59978 4463
4 76 338 494 3.55598 6072
4 84 1114 94 3.51421 13238
4 92 72 458 3.52253 50996
4 100 72 466 3.38576 31634
68 132 256 712 3.45521 41477
68 36 0 178 3.55694 5453
68 44 34 182 3.5778 93
68 12 712 366 3.51576 61424
68 52 34 188 3.58144 341
68 60 168 192 3.64527 0
68 4 1486 204 3.50636 10480
68 68 670 344 3.57274 156
68 76 666 352 3.5767 156
68 84 150 220 3.52666 12
68 92 1184 582 3.55357 333
68 108 278 450 3.6193 337
68 116 278 458 3.5721 4819
68 124 278 466 3.52756 4819
76 36 606 376 3.55837 41615
76 12 22 142 3.52852 184
76 52 1000 362 3.51848 469
76 60 36 196 3.7169 93
76 4 1494 204 3.58603 10480
76 68 36 202 3.67142 93
76 76 126 218 3.52654 39
76 84 1202 570 3.52912 150
76 100 286 438 3.61412 337
76 108 434 554 3.57236 4921
76 116 434 562 3.52943 4921
20 132 954 426 3.59572 5054
20 12 30 730 3.77826 2996
20 52 970 262 3.45717 1814
20 60 962 268 3.48368 118
20 68 966 278 3.52296 118
20 92 422 572 3.5411 8646
20 100 958 408 3.60474 4882
20 108 222 432 3.60959 337
20 28 42 736 3.70884 3478
20 124 956 422 3.71485 4882
84 44 1314 426 3.51071 816
84 12 22 152 3.50985 5453
84 60 44 198 3.67801 93
84 4 1498 204 3.55808 29806
84 68 42 204 3.67357 93
84 76 1128 52 3.50838 9596
84 84 70 222 3.54084 23
84 92 1606 44 3.35985 10579
84 28 174 170 3.5994 10
92 36 174 178 3.60852 0
92 44 182 178 3.61031 2236
92 12 950 514 3.5176 150209
92 52 1304 438 3.5079 8421
92 60 188 190 3.53092 0
92 4 1200 634 3.53789 97128
92 76 1610 46 3.50236 3783
92 20 618 370 3.55982 41615
92 28 176 170 3.63343 0
28 132 962 426 3.64127 5054
28 36 54 744 3.55467 3100
28 44 62 176 3.49515 25
28 52 974 266 3.64959 219
28 68 974 274 3.62882 99
28 20 52 730 3.52079 2288
28 84 1246 478 3.46625 548
28 92 346 748 3.52908 1983
28 100 230 422 3.7389 4812
28 108 230 432 3.81594 4812
28 28 54 736 3.55913 2288
28 116 460 528 3.86748 295
28 124 234 448 3.87228 4812
