36 36 1112 504 3.10547 19032
36 44 1126 526 3.18064 11092
36 60 654 526 3.16747 360
36 76 654 550 3.16084 479
36 20 1430 380 3.01058 702
36 84 1670 492 3.24436 3370
36 28 1538 214 3.04832 4422
44 36 1462 608 3.1279 340
44 12 1442 418 3.17352 4008
44 52 1130 528 3.21221 3700
44 76 666 550 3.12413 479
44 84 1676 490 3.24399 3370
44 28 1462 600 3.13982 340
12 36 238 304 2.99042 2555
12 60 962 528 3.05371 33648
12 68 606 514 3.0982 2353
12 20 14 738 3.12257 2395
52 36 1470 608 3.18638 162
52 52 1136 526 3.17263 3700
52 4 0 762 3.149 4984
52 20 214 430 3.17785 761
52 84 1682 490 3.23546 3370
52 92 1678 496 3.24929 3370
52 28 216 436 3.17916 761
60 36 1202 174 3.26697 26
60 12 142 496 3.16877 175
60 52 1166 606 3.10307 1188
60 4 1446 412 3.10888 4008
60 76 646 546 3.13705 150
60 20 1326 548 3.16449 66
60 84 790 692 3.13452 1770
60 92 1688 498 3.27824 3370
4 44 1362 92 3.05461 24203
4 12 22 730 3.40783 85
4 52 692 602 3.01701 4887
4 60 1222 618 3.04068 16502
4 4 26 726 3.40962 85
4 68 1222 630 3.04545 12335
4 76 1414 540 2.86351 7672
68 36 1208 176 3.29564 26
68 12 1478 368 3.227 0
68 52 978 486 3.1038 2125
68 60 1170 612 3.12834 4026
68 4 454 400 3.23764 730
68 76 800 684 3.09185 1770
68 28 210 558 3.26266 2
76 36 1484 382 3.28733 105
76 44 354 770 3.16322 131
76 12 1158 178 3.27718 14
76 60 1176 610 3.08651 4026
76 4 458 400 3.24144 730
76 68 1176 620 3.16075 4026
76 76 1170 624 3.09224 886
76 20 1490 374 3.26387 0
76 84 1304 582 3.07285 7456
76 28 218 556 3.29066 2
20 36 58 750 3.01378 423
20 12 42 738 3.3291 85
20 68 1446 538 3.1049 4638
20 76 1448 548 3.08728 4638
20 20 58 742 2.98524 1043
84 44 1490 388 3.21272 207
84 52 1280 260 3.1627 110
84 4 898 280 3.24671 595
84 68 1282 264 3.01555 76
84 20 358 754 3.2614 279
84 84 1296 284 3.038 247
84 92 1558 86 3.10095 7126
84 28 1492 378 3.2963 105
92 36 264 494 3.16832 77
92 44 1288 254 3.13853 110
92 12 1216 158 3.28245 8
92 52 1288 258 3.16355 110
92 4 904 280 3.24773 595
92 84 6 730 3.09539 3034
100 36 1314 250 3.20685 2033
100 12 1338 66 3.21946 9180
100 52 1314 264 3.11026 4167
100 4 1230 150 3.18237 186
100 20 1336 72 3.148 10757
100 28 1312 246 3.14829 4470
28 36 1106 506 3.17348 19032
28 12 50 736 3.2916 85
28 60 1116 616 3.11979 1561
28 4 46 728 3.3614 85
28 68 650 536 3.11341 360
28 20 1466 688 3.02629 10507
28 84 1670 496 3.15616 5453
