36 36 54 526 3.53563 0
36 12 288 692 3.42973 25
36 52 430 658 3.34874 9
36 20 552 686 3.5186 13
44 36 1106 394 3.41653 109
44 44 1604 388 3.32045 5
44 52 1340 494 3.13227 1474
44 4 1522 528 3.32322 371
44 20 588 702 3.48018 406
44 28 586 708 3.47563 406
12 44 30 530 3.43555 0
12 12 40 736 3.31289 13888
12 52 30 536 3.42689 0
12 20 1186 322 3.37011 36
12 28 34 520 3.41304 0
52 12 1530 536 3.27369 95
52 4 1526 526 3.33402 95
52 28 1606 374 3.48246 5
60 12 1538 534 3.29885 95
60 52 902 258 2.96477 5090
60 4 1536 526 3.11974 95
60 28 68 528 3.29966 88
4 36 16 522 3.38399 17
4 44 20 534 3.34798 118
4 12 22 730 3.34171 13888
4 52 690 634 3.18715 358
4 4 26 726 3.34349 13888
4 28 14 516 3.38733 17
20 36 42 528 3.50186 0
20 12 48 736 3.31106 13888
20 52 36 534 3.49371 0
20 4 46 730 3.3208 13888
28 12 1138 150 3.35643 79
28 52 426 654 3.31935 9
28 28 46 522 3.54451 0
