36 12 1214 668 2.65784 15
36 4 1206 652 2.71744 16
36 20 1204 670 2.59611 16
36 28 1444 622 2.58725 89
44 36 1438 622 2.51725 49
44 12 1220 668 2.70539 15
44 4 1220 660 2.70775 21
44 28 852 498 2.52207 746
12 36 1670 496 2.60704 24
12 12 902 290 2.57873 44
12 4 1684 128 2.69187 0
12 20 1690 142 2.59911 0
12 28 1672 490 2.69574 24
52 36 906 232 2.63261 4017
52 4 10 734 2.47648 7999
52 28 264 392 2.54738 354
4 36 46 728 2.45564 133631
4 12 882 296 2.66695 14
4 4 1678 128 2.74156 0
4 20 1680 142 2.64807 0
4 28 1228 644 2.53198 189
20 36 1682 496 2.68414 24
20 12 32 616 2.58565 27
20 4 1590 562 2.67145 979
20 20 1656 756 2.54631 396
20 28 1538 598 2.65441 101
28 36 1666 770 2.65125 70
28 12 1180 338 2.52521 36
28 4 1178 332 2.60828 91
28 20 1474 662 2.50112 580
28 28 784 626 2.55003 104
