36 12 10 690 2.59589 40
36 4 134 332 2.60113 9
36 28 912 336 2.61677 305
44 12 146 340 2.64328 0
44 4 1642 0 2.64663 2
44 20 14 698 2.59854 40
12 4 0 764 2.65121 638
12 20 1404 162 2.53488 8
52 12 154 342 2.59568 0
52 4 0 0 2.6163 648
52 20 1460 258 2.62023 44
52 28 32 704 2.56682 40
4 12 878 290 2.64106 153
4 4 42 736 2.58379 773
4 20 1398 160 2.61959 152
4 28 318 560 2.68324 240
20 20 1350 516 2.52309 307
20 28 1068 54 2.59971 171
28 12 290 530 2.52088 72
28 4 196 392 2.53284 1486
28 20 1066 274 2.522 416
28 28 1074 54 2.60444 171
