36 36 880 266 2.60782 15
36 12 1172 338 2.64802 5
36 4 1174 330 2.70263 5
36 20 1544 102 2.61973 381
36 28 880 254 2.53537 15
44 12 224 430 2.53236 40
44 4 762 362 2.62427 974
44 20 1552 94 2.61455 72
44 28 890 258 2.60935 15
12 36 118 562 2.65502 47
12 12 2 770 2.68817 3
12 4 48 732 2.69337 0
12 20 1686 98 2.5841 149
12 28 1212 134 2.57505 19
4 36 106 558 2.64264 47
4 12 38 742 2.72192 0
4 4 42 730 2.7077 0
4 20 1206 130 2.59962 19
4 28 690 610 2.61562 213
20 36 816 732 2.48289 108
20 12 8 770 2.70122 3
20 4 6 760 2.71654 3
20 20 366 428 2.59521 341
20 28 76 432 2.50752 325
28 36 1366 134 2.51204 5428
28 12 1164 340 2.65705 5
28 4 1166 332 2.66668 5
28 20 1534 100 2.60771 381
28 28 1430 190 2.39863 1523
