36 36 484 754 2.56681 1095
36 12 1272 366 2.74787 5
36 4 1270 358 2.72793 5
36 20 1362 608 2.58531 260
36 28 746 548 2.53584 1280
44 36 1298 248 2.66146 64
44 44 1298 256 2.6472 64
44 4 1306 366 2.71315 4
44 28 408 726 2.59653 1126
12 44 22 728 2.57131 1099
12 12 888 290 2.68753 2
12 4 888 282 2.76368 2
12 20 174 410 2.67485 145
12 28 1686 144 2.69002 102
52 36 1308 246 2.58557 64
52 44 1310 256 2.6727 64
52 12 1318 374 2.73057 4
52 28 1044 10 2.57346 336
4 36 12 722 2.50491 1099
4 12 880 290 2.76233 2
4 4 30 744 2.72743 14
4 20 166 410 2.70766 145
4 28 1678 144 2.60463 102
20 36 778 634 2.63808 2255
20 44 668 576 2.49617 39735
20 12 900 290 2.63405 17
20 4 898 282 2.68296 218
20 20 930 278 2.4982 1494
20 28 782 628 2.5595 2255
28 44 734 604 2.65376 752
28 12 1430 544 2.66012 141
28 4 1374 644 2.70499 77
28 20 1358 610 2.50948 361
28 28 774 616 2.54983 2243
