36 36 424 662 2.65979 27
36 44 176 596 2.70123 10
36 12 1102 386 2.614 418
36 4 26 766 2.62415 11
36 20 1554 592 2.62564 74
36 28 178 582 2.57045 36
44 36 184 588 2.71783 10
44 44 184 596 2.7041 10
44 12 1564 584 2.62134 74
44 20 488 414 2.6624 24
44 28 184 582 2.63939 319
12 36 174 466 2.62768 21
12 44 414 392 2.63864 18
12 12 910 272 2.70829 3
12 52 418 396 2.6652 13
12 4 46 732 2.75166 0
12 28 154 586 2.55949 56
4 36 72 454 2.73648 49
4 44 72 458 2.70255 49
4 12 40 740 2.78752 0
4 52 66 456 2.68651 91
20 44 424 390 2.61601 13
20 12 918 272 2.68713 3
20 52 426 396 2.68833 13
20 20 1206 122 2.56993 737
20 28 1002 352 2.58693 934
28 36 62 422 2.61858 1421
28 44 478 432 2.59538 24
28 12 18 772 2.58718 11
28 52 926 330 2.63005 443
28 20 1426 396 2.58855 695
28 28 1130 180 2.58097 54
