36 44 1442 430 3.12234 1191
36 12 1196 640 3.15686 19038
36 52 846 750 3.005 1688
36 60 1082 466 3.03394 1917
36 4 1196 632 3.15159 19038
36 20 18 266 2.96099 1010
36 28 434 0 3.16857 64470
44 36 1446 418 3.15052 1191
44 44 1450 428 3.16253 1191
44 12 1204 640 3.06533 3788
44 52 2 402 3.09206 11983
44 4 74 726 2.86508 1637
44 28 446 0 3.17465 64470
12 36 150 326 3.21547 0
12 44 44 416 3.11057 5538
12 12 42 374 3.19436 1236
12 52 226 366 3.07059 121
12 20 40 384 3.19452 5538
4 36 142 330 3.243 0
4 52 222 368 2.97999 121
4 4 46 728 3.06391 1757
4 28 144 318 3.2593 0
20 36 946 498 3.10212 8
20 52 1686 92 2.97674 5394
20 60 202 346 3.03077 214
20 4 1432 594 2.97539 4635
20 20 462 502 3.1071 87
20 28 948 488 3.14233 8
28 36 146 266 3.02599 38
28 44 150 274 2.99023 38
28 12 1190 640 3.07265 19038
28 52 1072 456 3.09839 1917
28 60 208 344 3.04134 214
28 4 1186 630 3.15722 19038
28 20 178 324 3.05726 19
28 28 178 330 3.12649 19
