36 36 662 324 2.52252 511
36 44 1580 610 2.54457 275
36 12 514 384 2.60551 13
36 4 924 270 2.73837 71
36 20 840 654 2.52718 1304
36 28 950 96 2.54974 1418
44 36 150 662 2.54886 247
44 44 1164 36 2.61762 43
44 52 1042 66 2.65732 114
44 4 1198 640 2.76244 0
44 20 1194 654 2.56314 10
44 28 820 438 2.53263 358
12 36 1690 492 2.611 675
12 44 1670 492 2.68772 51
12 12 888 286 2.76277 6
12 20 520 376 2.56507 200
12 28 1664 30 2.50811 491
52 36 962 78 2.53824 585
52 12 1206 646 2.74271 0
52 52 1038 72 2.68784 176
52 4 1222 660 2.729 4
52 28 1218 672 2.65391 212
4 36 1678 142 2.59257 473
4 44 1670 496 2.53518 235
4 4 44 732 2.61287 5089
4 20 1682 522 2.65502 287
4 28 1684 530 2.53983 1365
20 36 1690 482 2.51861 362
20 44 1682 492 2.69315 100
20 12 898 284 2.7315 6
20 52 1678 498 2.6364 235
20 4 894 278 2.78529 6
20 20 530 376 2.57402 200
20 28 1070 24 2.53643 2436
28 36 784 238 2.51132 1342
28 12 208 400 2.65509 15
28 52 1690 498 2.69331 100
28 4 918 270 2.76547 55
28 20 738 386 2.52903 401
28 28 832 658 2.53167 1304
