36 36 574 8 3.11615 16399
36 52 1446 54 3.36069 29
36 60 1444 58 3.29986 29
36 68 1480 472 3.22567 33
36 76 1444 78 3.18225 29
36 20 294 434 2.95702 2951
44 36 586 8 3.1172 16399
44 44 1438 414 3.29376 108
44 52 1452 54 3.36559 29
44 60 1450 62 3.34449 29
44 68 1490 474 3.15927 33
44 76 1468 476 3.1911 74
44 20 1332 662 2.93382 5523
44 84 1192 22 3.22596 4612
44 28 586 0 3.11808 16399
12 60 1072 250 3.09958 356
12 4 28 726 3.43946 32
12 68 1070 258 3.08694 356
52 44 1450 414 3.28475 108
52 12 1448 202 3.0752 1012
52 52 1458 54 3.29349 13
52 60 1458 60 3.34065 42
52 4 94 736 2.94085 97
52 68 1462 74 3.26469 29
52 20 1632 346 3.0479 5203
52 84 1136 36 3.23394 1410
52 28 606 0 3.0613 15118
60 44 436 712 3.32023 172
60 12 942 502 3.04671 14410
60 4 66 738 2.96623 112
60 68 1466 72 3.29995 29
60 20 942 514 3.06697 14410
60 84 1144 36 3.20781 1410
60 28 1658 84 3.05624 14243
4 12 22 730 3.43524 32
4 60 1670 134 2.98514 7088
4 4 22 726 3.4314 32
4 76 312 746 3.03261 31213
4 84 1678 184 3.0635 208799
4 28 10 734 3.38142 4
68 36 442 702 3.30682 172
68 44 434 710 3.28521 347
68 12 1502 550 3.01156 762
68 60 1512 90 3.23952 401
68 68 1454 432 3.29626 580
68 20 1680 0 3.06201 42237
68 28 1444 654 3.07537 7194
76 12 1194 634 3.05769 4809
76 52 304 712 3.26276 22
76 60 304 720 3.28326 22
76 68 1550 608 3.1994 825
76 20 1698 118 3.06768 3788
76 28 746 638 3.00962 8104
20 44 130 556 2.9882 5451
20 60 974 482 3.07443 1469
20 68 1066 274 3.06175 987
20 76 1686 186 3.07771 31733
20 84 1688 194 3.15435 31733
20 28 42 736 3.30187 34
84 36 1490 570 3.18068 11471
84 12 342 590 3.06742 4642
84 52 310 710 3.25982 22
84 68 1530 444 3.14932 12
84 76 1530 452 3.23374 12
84 20 1520 562 3.13326 474
84 28 1522 570 3.05797 474
92 44 1430 626 3.14751 5313
92 12 10 738 3.2715 7103
92 52 1042 332 3.22024 1773
92 60 302 710 3.19573 337
92 68 1540 444 3.21564 12
92 76 1356 14 3.1799 54
92 20 1530 560 3.09315 474
100 44 1440 630 3.02918 4528
100 52 1050 332 3.23193 1773
100 60 1050 340 3.2108 1773
100 68 1362 6 3.11442 54
100 76 1362 14 3.18187 54
100 28 1560 594 3.06465 6120
108 44 326 750 2.99092 1307
108 60 1442 640 3.18202 373
108 68 1370 6 3.10602 54
108 76 1366 16 3.14377 54
108 28 1544 536 3.06569 6986
28 36 48 744 3.03793 6
28 52 1518 156 3.29398 85
28 4 44 728 3.40079 32
28 68 1526 178 3.14649 2038
28 76 1694 186 3.11209 31733
28 20 52 730 3.17433 0
28 28 54 736 3.19435 0
116 36 1564 556 3.09538 2620
116 52 1556 562 2.94849 6986
116 60 838 748 2.9523 15375
