36 4 910 526 2.72558 271
36 20 240 400 2.57152 96
44 36 1054 64 2.712 182
44 12 302 8 2.51761 126
44 4 918 526 2.71802 271
44 20 426 648 2.53631 665
44 28 1210 492 2.63414 4
12 36 138 592 2.76385 0
12 12 1054 606 2.56811 84
12 28 138 584 2.7509 0
52 36 1222 498 2.64063 4
52 12 1628 564 2.60166 52
52 4 1304 612 2.68308 840
52 20 1300 634 2.56165 528
52 28 1220 490 2.68561 4
4 12 1564 580 2.62834 431
4 4 1564 574 2.65877 431
4 28 132 586 2.7641 0
20 12 732 566 2.56161 595
20 20 734 574 2.5165 595
20 28 544 392 2.5131 2522
28 12 1522 436 2.55668 39
28 28 1094 278 2.57046 697
