36 36 848 234 2.63529 2051
36 12 1514 438 2.62257 17
36 4 230 598 2.73713 139
36 20 1544 750 2.60795 33
36 28 1314 244 2.59006 4397
12 36 138 590 2.78623 0
12 12 1284 702 2.58259 153
12 4 1530 640 2.71364 498
4 36 132 592 2.68374 0
4 4 172 398 2.73643 374
4 20 70 450 2.74237 8
4 28 132 586 2.77634 0
20 12 198 406 2.65682 19
20 20 1522 748 2.57955 33
20 28 1678 734 2.56617 289
28 36 1438 770 2.55496 301
28 12 922 538 2.66224 9
28 4 920 528 2.72331 42
28 20 1268 644 2.59884 32
28 28 1434 762 2.58126 301
