36 36 826 468 2.51321 452
36 44 486 218 2.51863 1287
36 12 1214 662 2.6486 158
36 52 870 272 2.49219 2226
36 28 864 520 2.52043 841
44 36 886 244 2.50119 33
44 44 1298 270 2.59596 23
44 52 890 256 2.67833 4
44 20 1220 668 2.64866 158
12 36 1690 544 2.65585 13
12 44 1232 640 2.62569 84
12 12 342 490 2.62332 45
12 52 668 576 2.52905 670
12 4 1686 514 2.7379 30
12 20 344 500 2.60624 45
12 28 1690 532 2.54545 19
52 44 894 250 2.63409 4
52 12 10 734 2.5988 369
52 52 896 256 2.5897 4
52 4 22 728 2.5965 3415
52 28 1218 662 2.64674 1141
4 36 1224 632 2.64479 84
4 20 1682 526 2.67689 30
4 28 1682 534 2.61649 13
20 36 250 224 2.54181 993
20 12 554 354 2.54109 72
20 52 674 574 2.60012 670
20 4 1694 514 2.71841 30
20 20 556 362 2.53667 119
28 36 258 224 2.51498 993
28 44 1090 268 2.52387 215
28 12 1612 566 2.50278 140
28 52 316 296 2.51171 1275
28 4 1450 596 2.57617 397
28 20 1610 574 2.52248 140
28 28 840 662 2.53315 667
