36 36 1274 482 3.70436 0
36 44 1276 492 3.69538 4
36 12 1270 460 3.59385 8
36 52 1276 498 3.71203 0
36 60 1278 506 3.18102 21
36 4 1198 638 3.07227 52791
36 20 1270 466 3.57768 8
36 28 1272 474 3.70211 0
44 36 1282 482 3.69687 0
44 44 1282 488 3.73293 0
44 12 1276 462 3.45855 8
44 52 1282 496 3.68323 0
44 60 534 658 3.02577 35914
44 28 1278 470 3.7129 0
12 36 1250 488 3.63784 4
12 44 1252 496 3.70267 4
12 52 1254 504 3.69544 4
12 60 1400 426 3.1712 5217
12 4 0 280 3.08222 526
12 20 242 294 3.07805 197
12 28 1250 480 3.43222 4
4 36 926 254 3.1673 3459
4 44 442 452 3.14604 715
4 52 1086 110 3.15417 3724
4 60 1394 426 3.12818 5217
4 4 44 728 3.1816 9986
4 20 924 246 3.06823 4978
20 36 1258 486 3.72169 0
20 44 1258 494 3.71552 0
20 12 1252 460 3.67661 8
20 52 1262 502 3.75106 0
20 4 64 738 3.08473 9986
20 20 1252 466 3.68547 8
20 28 1256 478 3.72402 0
28 36 1266 484 3.69911 0
28 44 1266 492 3.7507 0
28 12 1260 460 3.6508 8
28 52 1268 500 3.71682 0
28 60 1270 508 3.41835 21
28 4 1052 262 3.02137 1456
28 20 1262 468 3.65048 8
