36 36 826 430 2.6139 317
36 12 1224 662 2.64652 14
36 52 1310 112 2.5472 4138
36 4 10 734 2.45188 180762
36 20 1222 664 2.69524 24
12 36 1226 614 2.71411 0
12 52 1232 634 2.55595 4
12 4 330 594 2.59684 9
12 20 836 722 2.5244 549
12 28 226 66 2.49394 1052
4 36 1220 614 2.75464 8
4 44 1220 620 2.75958 8
4 12 326 598 2.66439 9
4 20 1686 582 2.52886 6276
20 36 1238 614 2.61578 8
20 44 220 200 2.5836 83
20 52 584 370 2.51387 90
20 4 1194 636 2.6483 402
20 28 1202 668 2.49262 180
28 36 1124 450 2.5038 111
28 44 48 2 2.55295 954
28 52 590 362 2.56255 47
28 4 1218 656 2.65765 24
28 20 1214 666 2.63259 14
