36 36 1420 174 2.59741 4002
36 44 34 470 2.60383 177
36 12 480 32 2.5888 756
36 52 0 448 2.60897 1445
36 4 210 272 2.62223 331
36 20 898 622 2.62526 986
36 28 1702 472 2.64472 27
12 36 1234 630 2.56801 20
12 52 1238 644 2.70965 39
12 20 890 288 2.65293 91
4 36 1222 622 2.71274 39
4 44 1222 630 2.71949 39
4 12 42 736 2.76661 0
4 52 1228 644 2.5914 6
4 20 878 290 2.68729 91
4 28 318 548 2.6565 48
20 36 16 442 2.53815 338
20 12 1678 134 2.59525 222
20 52 1248 646 2.66746 39
20 4 48 736 2.70618 4
20 20 330 516 2.56175 1402
20 28 738 514 2.55516 147
28 36 1694 754 2.53701 71
28 44 1690 478 2.56499 27
28 52 24 384 2.52014 256
28 4 40 746 2.63948 175
28 20 238 742 2.59392 286
