36 36 418 154 3.23567 43
36 44 418 160 3.24233 43
36 12 912 636 3.22672 10
36 4 1282 622 3.30763 70
36 20 1298 246 3.31738 0
36 28 662 176 3.23231 41
44 36 1694 758 3.26633 2
44 44 1694 762 3.29002 2
44 12 766 374 3.22662 55
44 4 1536 640 3.31026 876
44 28 1302 254 3.29577 0
12 36 552 434 3.21412 3
12 44 1660 766 3.31438 63
12 12 624 402 3.11864 106
12 52 1678 496 3.30305 13054
12 4 176 398 3.1524 1680
12 20 544 418 3.22835 3
12 28 88 504 3.20519 3546
52 36 1310 254 3.35433 0
52 44 1308 262 3.35369 0
52 12 922 642 3.2215 10
52 52 1704 758 3.23162 701
52 4 1062 596 3.31114 777
52 20 1694 682 3.25615 5
60 36 1314 258 3.34395 0
60 44 1314 264 3.29906 0
60 4 1572 648 3.2057 12279
60 20 1314 244 3.29854 0
60 28 846 240 3.31759 546
4 36 82 514 3.26384 2000
4 44 1230 642 3.29798 2623
4 12 34 398 3.27658 12088
4 52 1670 498 3.10926 9545
4 4 40 370 3.2381 15866
4 20 34 404 3.25413 12088
4 28 1250 658 3.21843 2670
20 36 560 432 3.20025 3
20 44 1666 766 3.20404 63
20 52 1682 494 3.3189 13054
20 28 960 46 3.22163 27
28 36 412 150 3.23738 43
28 44 412 158 3.24252 43
28 12 1270 634 3.18591 73
28 4 1076 600 3.31219 1073
28 20 906 644 3.23299 10
28 28 1678 748 3.1787 2
