36 36 1264 664 3.17704 13
36 44 264 296 3.13106 548
36 12 926 104 3.16463 70
36 52 826 706 3.12843 95
36 60 270 318 3.13458 702
36 68 74 254 3.16689 868
36 76 126 270 3.11962 923
36 84 704 598 3.15567 73
36 100 1240 644 3.24836 3166
36 28 394 16 3.22086 6
44 36 846 196 3.16914 447
44 44 482 210 3.16797 2087
44 12 756 400 3.13702 5816
44 52 276 310 3.15091 702
44 60 274 318 3.13619 702
44 4 1598 560 3.15392 9512
44 68 850 222 3.13703 1545
44 76 854 226 3.16232 1545
44 20 1254 420 3.15142 136
44 84 134 238 3.12812 15356
44 92 1252 638 3.10017 38988
44 100 240 238 3.20012 13817
44 28 782 28 3.13315 1889
12 44 1252 654 3.29892 48
12 12 1690 520 3.23367 147
12 52 72 446 3.34405 803
12 60 72 452 3.36825 806
12 4 1690 512 3.38807 83
12 20 1248 640 3.15973 132
12 28 74 430 3.23261 2946
52 36 1230 432 3.14265 44
52 44 600 180 3.14063 1453
52 60 864 212 3.17324 211
52 4 1206 658 3.1544 506
52 68 48 122 3.14471 1481
52 76 48 134 3.17512 1481
52 20 846 202 3.14324 549
52 100 606 512 3.13448 64992
52 28 1686 684 3.14444 1692
60 44 846 238 3.20921 2918
60 52 862 220 3.14111 2609
60 60 146 222 3.11408 176
60 4 336 592 3.27202 17683
60 76 56 132 3.18893 1481
60 20 714 20 3.11953 9947
60 84 124 258 3.15069 873
60 100 1056 88 3.10798 137797
60 28 886 668 3.17592 943
4 12 1686 518 3.28445 147
4 52 64 446 3.36257 803
4 4 1686 510 3.38453 83
4 76 68 482 2.9287 6798
4 28 1682 534 3.3222 83
68 36 854 234 3.17563 2918
68 44 858 240 3.12599 2918
68 12 1574 654 3.19772 6347
68 52 142 234 3.13864 852
68 60 120 112 3.12209 468
68 4 346 592 3.24466 17683
68 68 192 82 3.14428 401
68 76 134 248 3.12219 873
68 92 886 254 3.18286 0
68 28 130 84 3.14171 287
76 36 158 224 3.11634 486
76 44 142 128 3.16145 687
76 12 354 598 3.22802 17683
76 52 144 136 3.17361 687
76 60 134 142 3.12628 687
76 68 160 230 3.12051 176
76 76 574 272 3.12085 1685
76 20 42 8 3.16752 270
76 28 158 216 3.15422 486
20 12 378 8 3.21489 23
20 52 1258 658 3.22921 170
20 60 1258 666 3.25195 170
20 4 1226 382 3.30297 97
20 76 514 458 3.1274 127
20 20 1170 358 3.15534 248
20 100 1672 496 3.18045 94297
20 28 1256 648 3.20709 55
84 12 360 596 3.14158 17683
84 52 20 28 3.1316 4539
84 60 136 240 3.12965 1373
84 68 896 230 3.21381 0
84 76 898 240 3.30685 0
84 20 48 8 3.22996 270
84 84 892 256 3.3072 42
84 28 166 216 3.13286 486
92 36 152 6 3.09737 1567
92 44 168 230 3.07255 2084
92 52 412 30 3.0993 6035
92 60 258 36 3.07006 16610
92 68 906 232 3.30462 0
92 76 904 242 3.31392 0
92 20 1200 634 3.12612 76317
92 84 10 726 3.2828 20396
92 92 22 726 3.34065 97948
92 28 1454 600 3.1617 20178
100 36 1222 670 3.20038 43562
100 92 22 728 3.35569 21139
100 28 1220 658 3.17573 43562
28 44 686 94 3.1446 1048
28 12 768 370 3.15167 5577
28 52 108 260 3.14446 1169
28 60 540 194 3.12208 2112
28 4 1232 382 3.29483 97
28 68 64 130 3.09844 571
28 84 62 144 3.12069 691
28 28 384 14 3.1511 6
