36 36 1102 34 2.59621 281
36 44 1034 74 2.67745 601
36 20 1056 608 2.57634 148
44 36 1112 38 2.6467 281
44 44 928 332 2.63561 129
44 12 338 596 2.85085 0
44 4 342 590 2.85293 0
44 20 1478 632 2.59161 353
44 28 1592 388 2.51961 507
12 36 136 590 2.70366 72
12 44 134 592 2.64055 860
12 4 1692 514 2.77579 41
12 20 186 622 2.66541 36
52 36 1042 70 2.65053 601
52 12 346 596 2.85654 0
52 4 348 590 2.76507 0
52 20 1578 572 2.56786 542
52 28 1054 58 2.58876 817
4 44 44 728 2.45495 258280
4 12 1678 136 2.66547 91
4 4 1686 514 2.77588 41
4 20 1680 534 2.71402 109
4 28 130 584 2.67542 72
20 36 310 286 2.58708 1025
20 44 1232 638 2.62408 1710
20 4 1698 514 2.62077 109
20 20 1696 534 2.53102 234
20 28 308 278 2.54259 1025
28 36 16 572 2.53329 2711
28 12 1284 612 2.62033 89
28 20 944 726 2.48565 3788
28 28 318 282 2.4991 2514
