36 36 1038 74 2.55607 2816
36 12 978 238 2.62551 240
36 4 902 524 2.61304 4280
36 20 1050 278 2.49834 1059
44 36 952 296 2.45552 2610
44 4 1298 612 2.7088 214
44 20 250 376 2.48962 524
44 28 1092 70 2.51856 2567
12 36 1696 538 2.55337 168
12 12 904 282 2.77409 9
12 4 890 280 2.84187 0
12 20 1694 530 2.58472 153
12 28 12 446 2.61287 91
52 36 24 728 2.4813 281928
52 12 118 166 2.61665 87
52 4 1304 612 2.73308 214
52 20 1304 634 2.5684 643
52 28 940 328 2.58143 3068
4 36 1694 558 2.69867 693
4 12 0 772 2.82665 6
4 4 886 278 2.78966 0
4 28 4 442 2.6929 126
20 36 16 450 2.5297 126
20 20 1534 360 2.52881 842
20 28 14 438 2.53705 126
28 12 38 762 2.54454 156
28 4 58 738 2.52506 127
28 20 1040 274 2.48481 1059
28 28 1036 58 2.4371 1599
