12 36 1080 352 2.84023 4
12 44 1080 360 2.84778 12
12 12 388 598 2.65682 188
12 52 1078 366 2.81516 4
12 4 1684 514 2.61692 272
12 20 334 504 2.61992 65
12 28 1082 344 2.84177 4
4 44 1422 622 2.60565 37
4 52 1064 404 2.61204 33
4 4 48 726 2.44195 50791
4 20 328 502 2.67054 65
20 36 1088 352 2.86514 8
20 44 1088 360 2.85789 0
20 12 1090 328 2.75834 8
20 52 1088 368 2.79616 4
20 4 1490 300 2.56963 75
20 20 1090 336 2.87036 0
20 28 1090 344 2.86955 8
28 36 1096 352 2.85773 8
28 44 1096 360 2.73518 0
28 12 1502 306 2.59501 1386
28 52 860 218 2.65951 32
28 4 1502 300 2.61832 1386
28 20 1098 338 2.77967 0
28 28 1098 344 2.85052 8
