36 36 1290 548 2.67582 9
36 44 1290 554 2.69918 9
36 12 666 170 2.45662 3749
36 4 1076 640 2.49189 1608
36 28 0 402 2.62962 131
44 36 1300 548 2.64691 9
44 44 1300 554 2.60723 9
44 4 1290 622 2.54477 169
12 36 958 426 2.49227 663
12 12 1232 94 2.63219 2
12 4 1346 292 2.70519 6
12 20 1574 104 2.66778 50
12 28 1572 114 2.64075 70
52 36 1390 562 2.63688 30
52 12 998 492 2.54754 4862
52 4 1018 590 2.51111 5200
52 28 1390 554 2.63115 30
4 44 22 728 2.45948 303592
4 12 1328 306 2.70268 0
4 4 878 288 2.70641 68
4 20 1566 104 2.64225 50
4 28 1514 144 2.6044 46
20 36 1586 522 2.44023 1235
20 44 738 608 2.52254 9537
20 12 1350 302 2.62196 0
20 4 1352 294 2.67676 6
20 20 1560 88 2.61775 458
20 28 1558 98 2.58713 458
28 44 712 564 2.48107 15295
28 12 1654 58 2.45709 16939
28 4 1002 264 2.42456 3418
28 20 1528 246 2.43326 2603
28 28 4 694 2.44192 24113
