36 44 1162 190 3.15839 15
36 12 230 300 3.08797 155
36 52 266 414 3.09364 13
36 4 1690 512 3.03663 2304
36 20 1470 250 3.12167 109
36 28 72 744 3.12472 3
44 36 118 274 3.10281 29
44 44 894 254 3.07335 420
44 12 1024 210 3.05231 25
44 4 1026 198 3.07267 75
44 20 1478 254 3.05197 133
44 28 116 270 3.04009 29
12 36 330 536 3.16972 7
12 52 1302 560 3.05078 46
12 4 28 726 3.38655 339
12 20 42 736 3.24402 1065
12 28 38 744 3.21744 2
52 36 1374 454 3.09706 275
52 12 1432 396 3.10419 1296
52 4 1214 654 3.10036 43334
52 20 118 260 3.02394 29
52 28 124 270 3.08611 29
60 36 190 362 3.08096 36
60 12 1218 658 3.10146 43334
60 4 1222 654 2.88889 43334
60 20 1376 430 3.02759 275
60 28 1038 214 3.07448 210
4 44 320 544 3.12667 7886
4 52 1682 534 3.15894 7168
4 4 22 728 3.38908 291
4 28 38 738 3.16291 1743
20 36 244 394 3.17666 13
20 52 1142 192 3.05734 15
20 28 242 386 3.15801 13
28 36 350 526 3.04873 7
28 44 1150 188 3.07833 15
28 12 1458 238 3.08869 109
28 52 1154 196 3.15884 15
