36 12 1370 424 2.69266 27
36 4 1632 556 2.67693 0
36 28 204 488 2.63261 104
44 12 1506 294 2.69732 10
44 28 1138 244 2.59012 178
12 12 974 270 2.61046 7
12 4 226 320 2.57672 200
12 20 636 532 2.56998 19
12 28 970 292 2.66753 7
52 12 1644 562 2.6338 12
52 20 1642 568 2.67096 2
52 28 1502 308 2.65592 25
4 12 928 226 2.59336 3069
4 4 1074 458 2.56173 1115
4 20 1400 256 2.63162 305
4 28 966 294 2.62265 7
20 12 1674 474 2.57107 54
20 4 852 0 2.55971 391
20 28 1246 646 2.5684 294
28 12 32 6 2.63254 11
28 20 1492 304 2.49774 301
28 28 198 490 2.51546 1503
