36 36 642 752 2.71945 1
36 12 1402 0 2.60085 1107
36 4 1540 434 2.76548 411
36 28 1346 454 2.80757 0
12 36 46 728 2.55062 15217
12 4 1416 608 2.49883 943
12 20 148 598 2.67541 1348
12 28 1430 426 2.60406 2619
4 12 140 588 2.65239 1348
4 4 1120 182 2.58229 3158
4 20 142 600 2.63752 2655
4 28 1670 498 2.40017 5074
20 36 456 718 2.68532 547
20 12 1384 2 2.55252 1107
20 4 1118 372 2.63393 1057
20 20 1524 454 2.74161 196
28 36 464 718 2.7197 547
28 12 714 628 2.58035 406
28 4 1518 430 2.70858 145
28 20 1338 450 2.79806 0
28 28 1342 458 2.77925 0
