36 60 1642 544 3.64171 167
36 4 1456 146 3.38473 12042
36 68 1642 554 3.67738 167
36 76 968 524 3.64684 179
36 20 860 458 3.64889 7747
36 92 874 512 3.75724 40
36 108 284 722 3.52762 617
36 28 850 480 3.54785 229
36 116 222 216 3.44165 12781
36 124 82 438 3.40376 8383
44 36 1200 642 3.65082 1352
44 12 872 454 3.4898 6107
44 60 1534 546 3.73318 32
44 4 1646 520 3.53788 8441
44 76 986 538 3.6599 36
44 92 888 512 3.78519 0
44 124 92 440 3.42319 8383
12 44 936 496 3.47906 675
12 12 22 730 3.59555 126107
12 52 326 594 3.47427 11740
12 4 26 726 3.59716 126107
12 68 862 492 3.64539 8
12 76 862 498 3.61226 8
12 28 284 436 3.32698 98091
52 36 978 486 3.67021 675
52 52 894 474 3.77509 8
52 76 70 548 3.65901 880
52 20 1198 598 3.51766 191
52 84 1152 538 3.64216 2129
52 92 882 502 3.72179 16
52 28 1210 638 3.56122 1352
52 124 1290 646 3.37583 17874
60 36 66 482 3.68166 1013
60 52 896 470 3.75889 0
60 60 898 480 3.75395 16
60 4 1662 518 3.497 16960
60 76 1538 546 3.71938 24
60 20 62 470 3.53653 3905
60 84 894 496 3.64127 16
60 92 1536 558 3.61388 66
60 28 66 478 3.56084 1013
4 4 18 726 3.57005 126107
4 68 144 318 3.53129 11207
4 76 688 604 3.57011 3510
4 20 10 734 3.52067 178064
4 84 688 614 3.61806 3510
4 92 1220 632 3.58058 3302
68 36 74 498 3.74063 880
68 52 910 466 3.73421 8
68 60 906 478 3.7451 8
68 68 1542 538 3.77714 24
68 84 82 552 3.69728 880
68 100 900 514 3.68602 8
68 108 902 520 3.73297 8
68 28 74 480 3.79288 106
68 116 1326 628 3.43959 3099
76 36 80 490 3.77077 106
76 44 80 502 3.74669 106
76 12 10 738 3.33168 122988
76 52 80 510 3.74399 106
76 60 78 514 3.71314 4137
76 76 1548 542 3.74917 24
76 20 1564 550 3.64765 655
76 84 76 564 3.67753 2732
76 92 1012 544 3.43756 717
76 100 1544 120 3.48786 15866
76 28 80 478 3.70826 106
76 116 1082 302 3.40968 2481
20 36 6 408 3.39621 20755
20 44 1178 502 3.53529 1182
20 4 52 724 3.33005 109133
20 76 866 498 3.71359 40
20 84 862 508 3.75443 40
20 92 862 520 3.69173 0
84 36 94 488 3.65611 1719
84 44 1692 538 3.65807 576
84 68 84 520 3.6819 1013
84 76 120 278 3.40956 13960
84 84 82 562 3.56691 546
84 92 1550 118 3.43444 11219
84 28 92 482 3.69083 1719
84 116 1324 168 3.2322 130001
84 124 902 258 3.25887 82642
28 44 1188 506 3.57628 1182
28 52 1640 542 3.61216 96
28 4 1446 146 3.37405 12042
28 68 54 510 3.57647 106
28 76 874 500 3.69967 40
28 100 860 512 3.65104 124
28 108 874 530 3.51986 163
28 28 846 486 3.477 568
28 116 72 446 3.52504 4773
