36 12 632 722 2.60848 55
36 28 868 280 2.66958 71
44 36 900 256 2.58425 12
44 4 1200 640 2.63046 2818
44 20 874 274 2.67263 71
44 28 900 248 2.67236 12
12 36 1236 640 2.74008 0
12 12 1688 126 2.70092 17
12 28 1234 630 2.66114 0
4 36 1230 642 2.75211 0
4 12 40 740 2.77292 5
4 4 42 730 2.74914 5
4 20 1680 132 2.68565 17
4 28 1230 634 2.73507 0
20 36 682 526 2.55149 2251
20 4 910 272 2.74175 183
20 28 1240 634 2.52554 34
28 12 924 276 2.59431 21
28 4 922 270 2.73657 183
28 20 1680 346 2.50908 99
28 28 1670 752 2.50034 1044
