36 36 1460 254 2.54533 44
36 44 1582 402 2.52989 34
36 12 1636 76 2.49649 4067
36 28 1130 4 2.52736 125
44 36 978 96 2.55456 97
44 44 966 164 2.52068 2739
44 12 10 736 2.52769 604
44 4 10 734 2.5618 500
44 20 334 584 2.48804 23839
44 28 1136 2 2.54727 125
12 36 1230 630 2.55106 6
12 44 1626 480 2.65821 165
12 12 98 386 2.63344 0
12 4 98 378 2.63985 0
12 20 1386 646 2.52877 1699
12 28 1448 426 2.56299 490
4 36 950 418 2.6295 2
4 44 950 426 2.57539 2
4 12 90 386 2.65474 0
4 4 38 372 2.63129 305
4 20 1704 254 2.51404 3097
4 28 1442 428 2.58123 277
20 44 126 570 2.65367 49
20 12 1564 162 2.49895 580
20 4 1386 670 2.4983 1230
20 20 1642 308 2.51966 1787
20 28 1636 318 2.51229 1363
28 36 126 558 2.63224 36
28 44 1454 258 2.5787 44
28 4 336 584 2.51089 1061
28 20 1302 480 2.44611 3056
28 28 286 382 2.50043 2043
