36 36 1024 82 2.61211 214
36 12 30 618 2.51221 921
36 4 1078 600 2.57712 1225
36 20 826 590 2.48042 948
36 28 900 334 2.56832 570
12 36 310 740 2.47962 3550
12 12 1292 552 2.58735 11
12 4 1294 542 2.55578 11
12 28 1426 606 2.47003 31
4 36 662 520 2.60175 4557
4 12 326 500 2.54055 212
4 4 44 730 2.56877 7465
4 20 328 506 2.56498 212
4 28 342 490 2.54043 3383
20 36 926 128 2.43873 136
20 12 1300 554 2.54214 11
20 4 1302 542 2.56141 11
20 20 250 140 2.50952 195
20 28 1294 246 2.47548 18
28 36 368 594 2.57283 185
28 12 1306 430 2.50462 98
28 4 1424 742 2.56622 101
28 20 1302 240 2.52117 30
28 28 362 590 2.51097 0
