36 36 906 232 2.72319 0
36 44 904 242 2.73884 0
36 12 1690 14 2.49694 89
36 52 900 258 2.59794 4
36 4 954 522 2.61263 409
36 20 908 214 2.47104 29
12 36 688 600 2.5732 107
12 12 16 758 2.6119 100
12 52 1230 630 2.64532 1
12 20 1076 246 2.54575 180
12 28 510 424 2.5691 159
4 36 1224 622 2.62263 58
4 44 1222 626 2.70335 1
4 12 42 736 2.70789 21
4 4 22 728 2.70553 82
4 20 1676 524 2.54549 51
4 28 1066 256 2.51167 180
20 44 804 696 2.55927 198
20 52 1098 478 2.53102 70
20 4 1674 2 2.64833 229
20 20 22 764 2.47147 108
20 28 526 638 2.4951 1000
28 36 882 254 2.67687 9
28 44 898 238 2.71607 0
28 12 1698 330 2.54433 66
28 52 874 278 2.66929 17
28 4 1680 4 2.6355 229
28 20 902 214 2.46092 29
28 28 900 222 2.55909 35
