12 36 1386 388 2.61798 20
12 44 1052 222 2.60339 8
12 12 338 494 2.49681 331
12 4 1098 128 2.49954 1725
12 20 970 526 2.47664 1185
12 28 1402 678 2.59639 375
4 36 1046 216 2.60961 8
4 44 1428 428 2.58661 10
4 12 326 500 2.53604 2934
4 4 46 730 2.56093 4795
4 20 328 504 2.56706 331
4 28 1670 148 2.60241 29
20 44 1034 148 2.55135 70
20 12 1378 262 2.71909 0
20 4 1378 254 2.72142 0
28 36 242 672 2.60229 60
28 44 238 682 2.65985 60
28 12 1390 262 2.70918 0
28 20 968 278 2.64852 25
28 28 966 282 2.56014 200
