36 36 1262 160 2.5042 567
36 44 874 348 2.72658 0
36 52 876 354 2.73444 0
36 4 1218 656 2.6601 103
36 28 1086 530 2.47794 910
44 36 1070 44 2.52654 360
44 44 880 348 2.70766 1
44 52 882 354 2.67184 0
44 4 10 734 2.47973 2876
44 28 1224 680 2.50749 169
12 36 90 506 2.54614 366
12 44 72 446 2.61941 14
12 12 334 534 2.59231 736
12 52 140 594 2.65637 18
12 4 1298 542 2.61486 104
12 20 190 288 2.51559 425
12 28 158 338 2.55549 156
4 36 134 586 2.71203 236
4 44 134 592 2.67446 236
4 12 1548 278 2.59685 30
4 4 1550 270 2.49397 30
4 20 36 398 2.63546 685
4 28 1686 542 2.62383 1179
20 36 1268 322 2.4334 1402
20 44 892 330 2.54628 79
20 12 1306 550 2.56809 104
20 52 718 570 2.60228 918
20 4 1306 540 2.56611 104
20 28 1464 166 2.45706 2850
28 36 176 578 2.48665 281
28 44 1066 50 2.61774 22
28 12 1210 664 2.60738 36
28 52 1064 56 2.67046 22
28 4 1530 566 2.67731 219
28 20 1272 328 2.4852 1338
28 28 1078 530 2.43209 910
