36 36 1100 34 2.53708 4
36 44 1102 42 2.59189 4
36 12 86 184 2.59339 152
36 4 294 354 2.65235 133
36 20 1122 534 2.56012 257
44 36 1146 658 2.56493 468
44 44 1108 42 2.65257 4
44 12 1202 648 2.63012 363
44 4 1432 258 2.67153 89
44 20 1128 522 2.59272 82
44 28 1146 642 2.55613 135
12 44 1010 290 2.59398 108
12 12 904 540 2.52615 134
12 4 1690 514 2.56021 81
12 20 426 486 2.51766 1066
12 28 992 584 2.52484 2345
4 36 1232 636 2.6602 156
4 44 1232 642 2.69817 156
4 4 1680 514 2.66255 80
4 20 384 606 2.66465 1601
20 36 468 126 2.5059 5666
20 44 280 26 2.55136 2660
20 12 578 354 2.58839 332
20 4 282 352 2.65015 418
20 20 1522 656 2.50279 882
20 28 322 28 2.50246 576
28 36 114 262 2.52761 328
28 44 110 272 2.54702 328
28 12 586 354 2.59453 332
28 20 1130 636 2.51625 468
28 28 302 46 2.50973 2393
