36 36 898 256 2.4835 96
36 12 1560 650 2.60179 0
36 4 1522 550 2.66693 448
36 20 50 34 2.50811 27
36 28 1092 72 2.64446 4
12 12 24 756 2.51718 42
12 4 46 738 2.65455 40
12 20 158 326 2.53326 86
12 28 156 330 2.56384 86
4 36 202 198 2.49786 81
4 12 1682 512 2.645 467
4 4 42 734 2.66257 40
4 20 1684 520 2.64031 467
20 36 886 254 2.5057 101
20 12 1510 568 2.53141 10
20 4 1604 554 2.59533 422
20 20 34 30 2.53737 105
20 28 1034 96 2.5055 159
28 36 1086 78 2.63066 4
28 12 1550 648 2.54403 0
28 4 1204 652 2.6091 354
28 20 42 34 2.51475 27
