36 44 834 384 3.82827 0
36 60 838 394 3.88149 0
36 68 840 398 3.89244 0
36 28 948 480 3.60877 9100
36 116 828 416 3.71661 29
36 124 840 270 3.56042 768
44 36 840 370 3.77711 17
44 68 850 410 3.88688 0
44 84 846 386 3.86455 8
44 92 848 394 3.83387 8
12 60 446 518 3.79384 15
12 68 442 528 3.8197 15
12 20 42 730 3.86262 88
12 108 400 586 3.57358 4776
12 116 1386 238 3.6182 6863
12 124 840 290 3.38657 2135
52 36 850 370 3.85296 17
52 44 850 376 3.88141 0
52 12 66 746 3.55071 146
52 52 852 386 3.88623 0
52 60 856 402 3.92567 0
52 68 856 408 3.91112 0
52 20 462 480 3.73548 67
52 84 858 418 3.89106 4
52 116 876 282 3.59143 65
60 44 266 426 3.70788 442
60 52 866 402 3.76002 2402
60 4 70 738 3.54942 146
60 68 426 504 3.74288 99
60 84 870 278 3.7628 21
60 92 890 258 3.67823 127
60 100 890 264 3.58705 109
60 28 856 382 3.77571 2597
4 36 10 734 3.85265 227
4 4 26 726 3.89526 414
4 20 22 728 3.90019 164
4 108 446 526 3.70775 161
4 124 320 562 3.4581 8116
68 44 486 480 3.78149 61
68 4 76 726 3.24158 1369
68 68 1168 222 3.74965 36
68 76 880 270 3.7215 21
68 84 900 252 3.69145 127
68 92 902 258 3.62314 127
68 28 478 486 3.75412 7
20 52 454 510 3.72053 166
20 60 454 518 3.82458 15
20 68 454 526 3.77327 15
20 100 1696 470 3.60872 809
20 108 1696 482 3.62581 809
20 116 1618 14 3.47796 1203
28 44 828 386 3.77026 0
28 52 828 392 3.82154 0
28 92 834 402 3.86962 17
28 28 54 734 3.64266 88
28 124 158 370 3.60936 381
