12 36 324 550 2.60296 12
12 44 1206 142 2.68454 47
12 12 570 692 2.63728 24
12 20 566 698 2.62344 24
12 28 1290 354 2.57646 368
4 36 1208 126 2.67158 0
4 44 1206 134 2.67317 0
4 4 1516 128 2.53419 1551
4 20 1282 196 2.62444 1740
4 28 2 446 2.64779 287
20 36 106 518 2.60951 16
20 44 104 526 2.58616 16
20 12 578 692 2.64867 24
20 4 1544 642 2.69084 283
20 20 578 700 2.70271 24
28 36 302 180 2.53797 150
28 44 1562 74 2.57978 2700
28 12 1458 392 2.67124 6
28 4 1552 642 2.69968 283
28 20 1462 402 2.67015 6
28 28 1302 352 2.59294 209
