12 36 1700 72 2.48165 488
12 12 1114 90 2.7702 0
12 52 1662 488 2.65756 332
12 20 50 386 2.6055 69
12 28 1108 182 2.51013 634
4 36 1704 220 2.65188 422
4 44 1398 254 2.66324 35
4 12 1112 86 2.80308 8
4 52 1398 262 2.61193 35
4 4 1110 78 2.7661 0
4 20 1072 240 2.68943 265
4 28 1704 214 2.65865 422
20 36 574 310 2.58829 335
20 44 1428 648 2.63529 30
20 12 1120 92 2.72278 8
20 52 1426 656 2.6842 30
20 4 1122 80 2.62419 9
20 20 1128 94 2.53214 407
28 36 70 520 2.60594 133
28 44 420 404 2.5975 149
28 12 336 590 2.57141 363
28 4 1638 76 2.51775 540
28 20 1152 70 2.55325 8524
28 28 1156 130 2.58502 7342
