36 36 24 728 2.49858 105963
36 12 1360 414 2.78454 0
36 4 1358 402 2.82888 0
36 20 880 348 2.61411 293
36 28 880 354 2.61492 293
12 36 1206 498 2.59248 19
12 12 406 634 2.63873 12
12 4 406 622 2.6528 12
12 20 1692 534 2.57546 115
4 36 952 350 2.68889 413
4 4 1686 514 2.71957 214
4 28 68 444 2.68815 323
20 36 1214 498 2.6794 19
20 12 276 704 2.67004 34
20 20 1130 224 2.54804 236
20 28 1214 486 2.6247 19
28 36 896 256 2.62732 81
28 12 1354 414 2.78644 0
28 20 872 348 2.60072 293
28 28 856 334 2.62686 730
