36 36 912 166 2.6958 0
36 44 912 172 2.6862 0
36 4 10 734 2.47883 3098
36 20 1642 570 2.56465 1335
12 12 1702 276 2.53222 98
12 4 1198 646 2.47182 719
12 20 1650 6 2.53675 213
12 28 80 464 2.4868 449
4 36 46 726 2.28521 133998
4 44 44 728 2.49694 29013
4 12 684 598 2.6075 2249
4 4 1682 520 2.65506 1188
4 20 70 454 2.62484 1923
4 28 1220 632 2.60298 1989
20 36 1418 306 2.50842 383
20 44 74 454 2.60533 984
20 20 1392 720 2.46594 5503
20 28 1418 302 2.53266 383
28 36 894 172 2.71076 3
28 44 902 178 2.72632 3
28 12 1210 654 2.61904 179
28 28 894 164 2.6836 3
