36 36 900 250 2.58052 113
36 12 1488 46 2.65522 15
36 4 42 580 2.55018 57
36 20 1496 60 2.71706 0
36 28 46 564 2.60353 224
12 36 716 572 2.64004 53
12 12 934 254 2.62482 8
12 4 346 424 2.62486 21
12 20 626 546 2.58375 548
12 28 146 590 2.59532 6
4 36 136 596 2.60705 6
4 12 1088 318 2.59738 2
4 4 1678 130 2.65524 2375
4 20 1074 258 2.63757 20
4 28 136 590 2.66152 6
20 36 724 570 2.61366 53
20 12 1380 38 2.66377 28
20 4 352 422 2.60954 1155
20 28 722 564 2.57801 53
28 36 1310 258 2.54789 237
28 12 1488 50 2.66326 0
28 4 1214 154 2.61031 79
28 20 1486 58 2.72097 0
