36 36 898 256 2.63917 4
36 12 1302 628 2.54341 160
36 4 758 362 2.62273 1295
36 20 1298 638 2.57889 160
12 36 396 594 2.58676 135
12 44 1408 166 2.54303 42
12 12 1520 134 2.62189 0
12 4 1690 512 2.7106 13
12 20 426 486 2.57892 28
12 28 424 490 2.59292 14
4 36 410 508 2.67626 237
4 44 70 448 2.6897 1469
4 12 38 378 2.69545 27
4 4 1682 512 2.68308 13
4 20 1704 190 2.65487 461
4 28 412 498 2.69255 237
20 36 894 244 2.5687 17
20 44 874 274 2.67041 58
20 12 916 282 2.57822 21
20 4 1276 622 2.64358 247
20 20 412 220 2.51276 184
20 28 936 116 2.50166 2196
28 36 900 242 2.69765 17
28 12 926 276 2.56533 21
28 4 1282 622 2.63707 247
28 20 418 222 2.53806 184
28 28 878 256 2.62916 77
