36 36 794 520 3.68834 27
36 44 794 528 3.68187 27
36 12 796 496 3.36121 46
36 52 794 536 3.66572 33
36 60 792 544 3.66232 50
36 4 918 268 3.40334 1981
36 68 794 552 3.2575 158
36 76 734 602 3.2796 1958
36 20 796 504 3.67418 27
36 100 30 730 3.3421 2947
36 28 796 512 3.65584 27
44 36 802 522 3.69316 27
44 44 802 530 3.67454 27
44 12 804 498 3.60902 72
44 52 800 538 3.67007 33
44 60 800 546 3.66302 50
44 4 922 270 3.31243 5320
44 68 800 554 3.64912 56
44 76 798 562 3.29777 79
44 20 804 506 3.68175 27
44 84 742 610 3.28176 1958
44 28 802 514 3.67634 27
12 36 770 518 3.56278 123
12 44 772 530 3.45689 79
12 52 772 632 3.21834 9978
12 20 510 378 3.46089 48
12 28 772 510 3.54777 123
52 36 810 522 3.6935 27
52 44 810 530 3.69322 27
52 12 812 498 3.61583 72
52 52 808 538 3.69718 28
52 60 808 546 3.69726 28
52 68 808 554 3.68319 28
52 76 806 562 3.66418 28
52 20 812 506 3.69459 27
52 84 806 570 3.47517 68
52 92 782 638 3.2237 602
52 28 812 514 3.67621 27
60 36 818 522 3.66918 34
60 44 818 530 3.66545 38
60 12 818 500 3.41043 46
60 52 816 538 3.68045 28
60 60 816 546 3.69404 28
60 68 816 554 3.71805 4
60 76 816 562 3.72052 4
60 20 820 506 3.6424 57
60 84 814 570 3.68101 33
60 92 814 578 3.46218 4
60 28 818 514 3.67014 34
4 36 1682 534 3.24693 13377
4 44 1684 544 3.23118 13377
4 52 134 594 3.0621 25738
4 28 1684 526 3.20338 2768
68 36 826 524 3.61826 88
68 44 826 532 3.65037 38
68 12 1206 644 3.22562 1251
68 52 824 540 3.64567 27
68 60 824 548 3.68375 12
68 68 824 554 3.72252 0
68 84 822 570 3.71488 0
68 92 822 578 3.69956 0
68 28 826 516 3.5851 98
76 36 836 524 3.37488 61
76 44 834 532 3.65826 38
76 52 832 540 3.66576 27
76 60 832 548 3.69758 12
76 68 832 556 3.733 4
76 76 830 564 3.73201 4
76 84 830 572 3.73995 4
76 92 830 580 3.73864 4
76 100 798 340 3.14758 12345
20 36 778 520 3.69555 28
20 44 778 528 3.69709 28
20 12 518 370 3.47038 48
20 68 18 718 2.93921 4969
20 76 32 722 3.23134 1323
20 20 782 502 3.55504 28
20 92 26 726 3.39252 2947
20 28 778 512 3.64491 28
84 36 1216 660 3.25448 2167
84 44 842 530 3.31531 75
84 52 842 540 3.66102 27
84 60 840 548 3.69376 33
84 68 840 556 3.72663 4
84 76 838 564 3.72415 4
84 84 838 572 3.73094 4
84 92 838 580 3.73436 4
84 100 1034 72 3.1938 886
92 44 1212 654 3.24309 13916
92 52 848 538 3.40507 17
92 60 848 550 3.67354 12
92 68 848 556 3.68978 0
92 76 846 566 3.68303 0
92 84 848 572 3.59734 12
92 92 848 578 3.21355 0
92 100 734 352 3.211 6897
92 28 10 734 3.40555 167
100 52 1222 668 3.31773 2392
100 60 856 550 3.28644 98
100 68 856 558 3.53714 13
100 76 854 566 3.54918 13
100 20 22 728 3.43101 167
100 84 906 158 3.22403 207
100 92 900 246 3.20532 62856
100 100 900 254 3.10976 62856
28 36 786 520 3.70029 27
28 44 786 528 3.70257 27
28 12 914 274 3.40609 1981
28 52 784 536 3.66075 33
28 60 784 544 3.24218 55
28 4 910 268 3.39103 1981
28 68 728 598 3.22315 6719
28 20 788 504 3.68521 27
28 28 786 512 3.68152 27
