36 36 1208 586 2.79652 2
36 44 1408 478 2.56296 87
36 12 1212 562 2.78402 2
36 4 562 758 2.55003 233
36 20 1212 570 2.80448 2
36 28 1210 578 2.81353 2
44 36 1216 588 2.77947 2
44 44 1058 90 2.63954 257
44 12 1162 606 2.62616 372
44 4 726 746 2.61289 790
44 20 1220 570 2.69179 18
44 28 1218 580 2.78033 2
12 36 1186 580 2.73866 7
12 44 1184 588 2.78997 3
12 12 44 736 2.76853 0
12 4 44 728 2.76085 0
12 28 1186 572 2.66477 3
4 36 154 764 2.56903 2097
4 44 166 414 2.60231 84
4 4 22 728 2.75175 39
4 28 14 760 2.6013 105
20 36 1192 582 2.79244 12
20 44 1192 590 2.79717 3
20 20 1196 566 2.71924 18
20 28 1194 574 2.7648 12
28 36 1200 584 2.80007 2
28 12 1206 560 2.77507 2
28 4 58 736 2.59539 103
28 20 1204 568 2.78899 2
28 28 1202 576 2.81379 2
