36 36 1556 98 2.71699 1
36 44 1324 168 2.54525 175
36 4 1244 198 2.63307 4
36 20 1558 82 2.69622 26
36 28 1556 92 2.73971 1
12 36 1654 404 2.64979 6
12 44 150 762 2.63335 0
12 12 40 372 2.64437 246
12 20 42 378 2.5982 246
12 28 170 474 2.57569 135
4 36 1456 244 2.66412 48
4 44 152 764 2.70923 0
4 4 44 728 2.64528 138
4 28 1194 490 2.65292 50
20 36 162 750 2.65666 0
20 44 162 762 2.63909 0
20 12 1310 490 2.60787 14
20 4 48 364 2.60416 141
20 20 1314 496 2.65454 14
28 36 1548 102 2.67742 1
28 44 894 250 2.53284 59
28 12 182 548 2.62483 28
28 4 56 366 2.59845 141
28 20 1546 84 2.66567 26
28 28 1548 94 2.72041 1
