36 36 50 410 2.62093 107
36 44 930 324 2.66508 26
36 12 620 368 2.56809 598
36 52 346 572 2.68982 95
36 4 620 362 2.60371 598
36 20 1146 638 2.51975 3326
36 28 166 510 2.49402 168
12 44 136 588 2.75099 39
12 12 894 288 2.76103 0
12 4 894 278 2.81047 0
4 36 130 584 2.73253 3
4 12 882 290 2.73571 0
4 52 30 726 2.42269 219633
4 4 886 278 2.76341 0
4 20 130 560 2.71593 3
20 52 318 558 2.78291 2
28 36 326 548 2.65188 17
28 44 322 554 2.76859 2
28 12 14 772 2.58695 110
28 52 326 562 2.70454 2
28 4 18 762 2.58118 110
