36 36 1046 66 2.59031 6718
36 12 1200 638 2.67655 11
36 4 1178 618 2.606 9
36 28 1232 438 2.54287 2200
12 36 674 576 2.66701 26
12 4 1692 514 2.76249 6
12 20 1690 534 2.58551 6
12 28 1234 638 2.65864 67
4 36 668 576 2.54345 26
4 4 1686 510 2.75839 6
4 20 1684 538 2.66369 6
4 28 1226 636 2.69949 122
20 36 1694 550 2.58711 365
20 12 1168 648 2.48085 2251
20 4 1610 552 2.56816 699
20 20 1070 648 2.45509 2542
20 28 1696 542 2.5555 365
28 36 934 126 2.42295 1868
28 12 1170 624 2.6351 9
28 4 1172 618 2.68209 9
28 20 1424 398 2.5618 96
28 28 1078 656 2.47861 2542
