36 44 388 552 3.15533 709
36 12 430 574 3.03238 300
36 52 390 562 3.20112 709
36 60 858 226 3.14444 1135
36 4 1020 590 3.14715 3588
36 84 2 720 3.27894 79
36 92 32 718 3.25977 2
36 28 1314 248 3.18194 137
36 116 22 728 3.46008 39
44 36 1552 242 3.01152 840
44 12 1578 106 3.12222 157
44 60 430 528 3.0914 146
44 4 1026 590 3.11413 3588
44 76 42 718 3.2137 60
44 20 1584 106 3.10648 168
44 100 14 726 3.38905 12
44 108 32 722 3.43475 66
12 36 10 452 3.25701 49
12 60 8 462 3.18114 106
12 4 1518 128 3.23126 9133
12 68 8 466 3.22108 106
12 76 14 478 3.17058 199
12 20 8 442 3.31803 49
12 84 140 570 3.11194 6820
52 12 1138 224 3.0099 516
52 4 358 596 2.99233 24606
52 108 50 724 3.4121 73
52 28 442 488 3.04896 3574
60 36 262 430 3.12175 1383
60 20 1142 232 3.02817 516
60 84 16 736 3.24122 2803
4 36 0 454 3.37403 49
4 12 0 434 3.37594 49
4 60 2 462 3.32349 106
4 68 2 468 3.31922 106
4 20 0 440 3.39633 49
4 108 26 726 3.45231 73
68 36 70 482 3.01627 1005
68 44 286 424 3.00032 388
68 52 1360 90 3.10525 471
68 20 2 746 3.02842 4129
68 84 72 474 3.18209 84
68 92 72 482 3.16272 84
68 28 70 474 3.07068 1005
68 116 72 720 3.04677 10096
76 36 888 478 2.95401 10389
76 44 562 318 2.96199 4957
76 52 1226 588 3.10097 922
76 60 1224 596 3.11254 922
76 76 508 454 3.09059 189
76 20 454 478 2.96462 1330
76 92 80 480 3.16114 84
76 108 78 494 3.12238 84
20 12 50 376 3.17065 14789
20 52 0 698 3.1102 392
20 4 1410 272 3.16679 324
20 68 1300 262 3.11263 246
20 76 22 454 3.15507 41
20 20 10 424 3.21132 15
20 92 22 706 3.06727 1
20 28 18 440 3.17516 11
84 44 1458 706 2.9307 8563
84 52 1234 588 3.14389 922
84 68 510 442 3.11593 189
84 76 2 280 3.10757 461
84 84 1704 202 3.15746 661
84 92 1704 210 3.07629 661
84 100 2 300 3.06815 461
84 116 1558 134 3.0602 3767
92 36 906 490 2.97329 10389
92 44 982 504 3.01421 10806
92 52 42 0 3.0626 4695
92 60 1242 596 3.12402 859
92 76 1240 616 3.19499 4721
92 84 694 610 3.05013 1788
92 92 514 466 3.04036 588
92 100 10 300 3.00682 461
92 108 894 248 3.03985 3681
92 28 906 478 2.9366 10389
92 116 1374 134 3.04708 625
100 44 994 506 3.00654 10806
100 52 48 570 2.9813 62169
100 60 1238 592 3.10246 39913
100 68 1450 662 3.11785 2243
100 76 1246 614 3.17192 4721
100 84 722 752 3.02789 163764
100 92 1558 84 3.0507 319785
100 100 1556 96 3.03298 241490
28 36 20 456 3.1463 9
28 44 384 540 3.19305 454
28 60 866 202 3.13047 148
28 4 310 442 3.01221 342
28 68 1308 264 3.18739 204
28 20 24 442 3.15387 9
28 84 26 462 3.14712 41
28 92 2 716 3.20921 12
28 100 24 718 3.35256 39
28 28 1302 248 3.13656 137
