36 36 1078 82 2.51256 1038
36 12 112 496 2.64696 5
36 4 1548 434 2.62754 36
36 20 962 452 2.53184 253
36 28 234 766 2.53617 470
44 36 900 256 2.387 1506
44 12 126 494 2.55836 6
44 4 538 672 2.63259 864
44 20 128 504 2.53416 65
44 28 1562 158 2.53927 8211
12 12 452 458 2.53595 139
12 4 178 400 2.57098 79
12 20 12 470 2.58781 0
12 28 1266 328 2.61114 1
4 36 0 506 2.67379 12
4 4 172 398 2.62499 79
4 28 68 446 2.65268 7
20 36 1364 134 2.52372 476
20 12 98 496 2.57098 6
20 20 98 504 2.52318 58
20 28 1002 350 2.51277 714
28 12 104 498 2.63423 5
28 4 1010 328 2.64284 488
28 20 1246 300 2.5786 183
