36 36 362 536 2.63204 123
36 44 432 512 2.62899 77
36 12 1210 656 2.51396 740
36 4 1510 294 2.57849 224
36 20 202 496 2.56018 528
44 36 372 534 2.64687 123
44 12 1218 656 2.52273 740
44 52 1522 250 2.53617 101
44 20 210 496 2.55162 528
44 28 888 314 2.58003 435
12 36 1674 492 2.56477 1123
12 44 28 724 2.77446 0
12 52 26 730 2.7695 0
12 4 884 286 2.73235 30
12 20 1524 134 2.70351 10
12 28 164 772 2.50497 212
52 36 448 514 2.6434 77
52 44 1450 206 2.58764 1215
52 12 10 736 2.57158 332
52 52 1036 106 2.53576 2514
52 20 1508 354 2.50906 1440
52 28 1176 100 2.43989 660
4 44 22 726 2.78534 0
4 12 1516 130 2.70072 13
4 52 22 730 2.78918 0
4 20 1516 136 2.67206 13
4 28 152 766 2.61258 116
20 36 1682 490 2.55668 1123
20 44 1682 498 2.54269 1123
20 12 898 298 2.66533 23
20 28 172 772 2.52136 212
28 44 1694 498 2.49715 1486
28 12 1494 228 2.62244 184
28 4 1498 298 2.64392 224
28 20 1448 318 2.48582 164
28 28 386 526 2.47862 1961
