36 36 924 652 2.58185 79
36 12 1204 644 2.75378 0
36 4 1222 660 2.7303 3
36 28 922 642 2.62905 79
12 4 1680 514 2.59035 469
12 28 890 686 2.5382 91
4 36 846 686 2.62272 3969
4 12 326 500 2.48365 2247
4 4 44 730 2.60175 2811
4 28 1684 524 2.49255 50
20 36 1694 532 2.53007 50
20 12 1694 526 2.50633 731
20 4 1508 560 2.55282 268
20 20 690 414 2.5318 317
20 28 1114 648 2.51583 213
28 36 914 646 2.5066 29
28 12 1198 646 2.63549 0
28 4 1214 660 2.74244 3
28 20 1212 672 2.59733 3
28 28 390 266 2.54024 155
