12 44 1230 632 2.65154 120
12 12 1446 602 2.58516 94
12 4 1446 596 2.60962 94
12 20 698 578 2.50739 571
12 28 1692 534 2.64672 8
4 36 70 450 2.73611 337
4 12 326 600 2.5988 24
4 4 324 594 2.65617 24
4 20 202 192 2.49303 1018
4 28 1684 534 2.6704 8
20 36 1586 80 2.61286 2
20 12 1452 602 2.60799 94
20 4 1454 596 2.65137 94
20 20 706 578 2.51176 571
20 28 1692 676 2.52524 755
28 36 1592 82 2.69997 2
28 44 1560 86 2.72841 73
28 12 1222 662 2.7016 338
28 20 1220 666 2.71269 338
28 28 1218 672 2.67982 359
