36 36 1654 554 2.46999 280
36 44 1554 88 2.56324 4247
36 12 1178 624 2.74214 0
36 4 350 590 2.60849 2
36 28 1544 8 2.46634 1275
12 36 1526 586 2.59069 131
12 44 1206 444 2.60822 333
12 4 332 504 2.66198 248
12 20 1598 662 2.59161 62
12 28 294 452 2.49112 723
4 36 1366 198 2.58939 249
4 44 1418 622 2.63099 2982
4 12 334 494 2.68041 32
4 4 326 502 2.62615 248
20 36 644 480 2.53404 132
20 44 144 560 2.58056 1011
20 20 340 740 2.48604 792
20 28 1136 536 2.5139 2219
28 36 986 510 2.53287 356
28 44 990 518 2.59339 356
28 12 336 596 2.69637 3
28 4 1172 618 2.70564 0
28 20 354 610 2.64298 16
28 28 1320 598 2.49714 2946
