36 36 50 750 3.52628 739
36 44 1390 194 3.54464 71
36 60 1394 204 3.40131 71
36 68 146 442 3.33157 318
36 76 1492 250 3.42084 1312
36 20 42 738 3.90119 928
36 84 1492 260 3.38496 1312
36 92 186 370 3.32672 31331
36 100 898 720 3.34651 597
36 108 54 714 3.42576 52052
44 36 70 746 3.38761 149
44 44 1396 194 3.54411 71
44 12 46 734 3.95654 107
44 4 46 726 3.91088 107
44 68 90 448 3.3691 150
44 76 90 458 3.36729 150
44 20 42 744 3.79263 1017
44 84 400 312 3.39316 36
44 92 248 62 3.37692 51
44 100 1324 192 3.35825 923
44 116 224 368 3.19043 1133
12 60 1366 204 3.35339 327
12 68 1662 82 3.34217 44441
12 76 80 750 3.3456 173
12 20 22 728 3.95462 0
12 84 14 702 3.33831 31261
12 92 18 718 3.34767 20719
52 44 526 106 3.37186 522
52 52 1016 568 3.28023 114
52 60 76 772 3.37025 12
52 68 1414 206 3.2976 369
52 76 852 274 3.34831 5198
52 20 58 750 3.38521 366
52 84 0 406 3.45943 2081
52 92 0 472 3.53484 5342
52 100 0 480 3.52506 5342
52 108 44 94 3.31695 586
52 28 54 760 3.49789 366
52 116 2 506 3.33285 1174
52 124 666 574 3.29203 160957
60 36 58 760 3.4878 14
60 44 12 236 3.31717 2268
60 52 138 84 3.34059 68
60 68 278 450 3.29634 436
60 76 950 146 3.38722 203
60 84 496 500 3.38822 5253
60 92 10 416 3.40649 2081
60 100 10 480 3.43145 5342
60 28 1290 550 3.39461 41921
60 116 1444 236 3.37625 74346
60 124 1446 244 3.40487 74346
4 60 16 760 3.40068 313
4 68 1208 138 3.30639 9909
4 76 66 442 3.32341 8539
4 84 66 458 3.26801 7316
4 28 10 734 3.92848 0
68 36 104 744 3.37346 25
68 44 166 48 3.39574 119
68 52 1632 342 3.37393 13437
68 68 1458 196 3.28156 123965
68 76 1428 202 3.31789 3761
68 20 1044 530 3.34646 555
68 84 2 30 3.31808 4883
68 92 102 246 3.37707 175057
68 108 846 736 3.36095 1248
68 116 1450 236 3.4301 74346
68 124 6 280 3.43223 5044
76 36 566 50 3.33388 46
76 44 176 48 3.38296 119
76 52 150 754 3.45087 84
76 60 152 762 3.40716 84
76 4 1210 654 3.3871 136637
76 68 28 332 3.33021 24348
76 76 152 264 3.30679 99
76 20 1594 498 3.3231 57648
76 84 1574 42 3.32234 5769
76 92 224 332 3.31895 328
76 100 22 254 3.35095 4702
76 108 26 54 3.3821 10910
76 28 1358 698 3.3728 4770
76 116 20 282 3.3623 4702
76 124 24 512 3.41291 849
20 52 38 762 3.55735 635
20 76 86 754 3.30905 173
20 92 978 468 3.35155 20943
84 44 172 390 3.42968 2767
84 12 1214 656 3.33969 60406
84 52 1234 200 3.42722 1396
84 60 1042 362 3.34584 9086
84 84 986 156 3.38198 89
84 92 1452 200 3.46251 44771
84 100 122 258 3.40706 175057
84 108 14 60 3.40692 4883
84 28 1600 504 3.41704 50370
84 116 154 770 3.38482 25240
92 36 1076 542 3.3569 125723
92 44 1048 560 3.52625 26095
92 52 1050 568 3.5 26095
92 60 1438 172 3.51674 4736
92 68 1438 178 3.52735 4736
92 76 1434 186 3.5163 4736
92 20 1634 560 3.36256 25972
92 84 190 760 3.34464 9165
92 92 994 162 3.46211 89
92 100 1456 210 3.37267 768
92 28 1606 502 3.41072 50370
92 116 890 252 3.57208 140245
92 124 892 260 3.55544 140245
100 36 1146 234 3.39166 17770
100 44 1056 560 3.48922 26095
100 52 1200 342 3.49987 22588
100 60 1444 170 3.5459 4736
100 68 1058 586 3.52748 26095
100 76 1446 184 3.46787 4736
100 20 1662 516 3.27522 22279
100 84 1182 366 3.34315 32747
100 92 1138 302 3.39228 9907
100 100 846 234 3.41965 39799
100 108 862 214 3.46226 71054
100 28 1142 224 3.40996 17770
100 116 898 252 3.56417 140245
100 124 902 258 3.46648 140245
28 36 38 746 3.79188 271
28 52 48 758 3.59138 635
28 68 46 772 3.50726 81
28 76 100 754 3.32454 173
28 84 924 142 3.3911 673
28 92 986 470 3.31401 20943
28 100 50 706 3.28766 22623
