36 36 884 190 2.51415 1520
36 12 1260 524 2.67532 248
36 4 910 526 2.70963 110
36 20 1260 532 2.64969 248
36 28 224 456 2.56827 195
12 36 730 590 2.53343 71
12 12 1298 546 2.5724 180
12 4 536 352 2.61458 307
12 20 1238 534 2.66203 243
12 28 1240 542 2.69088 243
4 36 956 426 2.62241 1580
4 12 1548 276 2.5628 970
4 4 44 730 2.53977 12988
4 20 1546 284 2.55983 97
20 36 1248 548 2.55421 91
20 12 1246 524 2.68083 59
20 20 1246 534 2.69987 59
20 28 1248 542 2.70099 220
28 36 1554 86 2.51045 142
28 12 1254 524 2.72358 59
28 4 1186 152 2.61946 29
28 20 1254 532 2.72569 59
28 28 1256 540 2.69272 220
