36 36 904 242 2.65753 0
36 12 1646 0 2.54823 11406
36 4 888 512 2.69061 805
36 20 1612 30 2.54246 3713
36 28 888 254 2.64382 4
12 36 1694 152 2.67694 21
12 12 342 372 2.54876 562
12 4 38 172 2.58197 4381
12 20 1520 138 2.61463 26
12 28 1402 252 2.59329 6
4 12 1428 170 2.59064 46
4 4 1686 514 2.68081 910
4 28 688 614 2.64342 570
20 36 1704 150 2.62821 21
20 4 1050 596 2.58837 1079
20 20 1698 136 2.5318 21
20 28 1702 144 2.53795 21
28 36 874 272 2.65811 158
28 12 1462 626 2.55288 44
28 4 342 596 2.63693 1406
28 20 1378 102 2.50874 205
28 28 1502 258 2.5797 7
