36 36 872 278 2.66889 888
36 4 1446 590 2.7181 163
36 20 862 266 2.55471 74
36 28 922 160 2.55928 18
12 36 1226 640 2.5839 183
12 12 762 368 2.58652 3
12 4 760 362 2.61292 3
12 20 698 618 2.51643 387
12 28 1226 632 2.61114 183
4 36 44 728 2.46504 172146
4 12 200 196 2.52904 1364
4 4 746 366 2.64377 749
4 20 1222 626 2.6384 328
4 28 130 586 2.57818 3523
20 36 1232 638 2.60349 183
20 12 500 694 2.52638 20
20 4 1502 632 2.65714 734
28 36 912 168 2.49412 18
28 12 346 606 2.58757 0
28 20 1694 224 2.52349 1101
28 28 912 164 2.59821 9
