36 36 756 578 3.32266 90
36 44 760 586 3.31308 9
36 52 762 594 3.29844 97
36 60 764 602 3.33952 97
36 68 768 608 3.39082 97
36 76 770 616 3.40374 71
36 20 342 486 3.05401 30362
36 84 774 624 3.38392 71
36 92 712 568 3.36648 11
36 100 710 574 3.36289 11
36 108 882 254 2.93588 11327
36 28 754 570 3.2226 90
44 36 764 574 3.32356 33
44 52 770 590 3.36591 6
44 60 772 598 3.43561 6
44 4 168 400 3.04725 17006
44 68 776 604 3.4653 6
44 76 778 612 3.48377 6
44 20 758 560 3.31325 6
44 84 780 620 3.36458 71
44 92 782 628 3.26835 665
44 100 888 252 3.10892 431
44 108 890 258 3.11624 431
12 52 340 492 3.13186 32581
12 60 744 610 3.29105 41
12 4 28 726 3.46821 35
12 68 744 616 3.3381 41
12 76 748 624 3.28448 44
52 36 772 574 3.32412 33
52 44 774 580 3.35302 49
52 12 762 550 3.12024 340
52 52 776 590 3.37001 49
52 60 780 594 3.44231 6
52 68 784 604 3.47312 6
52 76 786 610 3.43876 6
52 20 766 556 3.27426 97
52 84 788 618 3.32719 71
52 92 1288 650 3.09732 413
52 28 768 566 3.31196 8
60 44 782 576 3.33474 49
60 12 1200 648 3.28945 42
60 52 784 584 3.43724 6
60 60 786 592 3.45118 6
60 4 1198 638 3.33838 42
60 76 794 608 3.38427 97
60 20 774 554 3.25509 97
60 92 1040 74 3.12037 2971
60 28 776 564 3.26677 90
4 44 38 738 3.07616 2188
4 12 22 730 3.464 35
4 60 334 500 3.16243 34084
4 4 22 726 3.46015 35
4 68 72 444 3.15094 4748
4 76 130 578 3.22829 163
4 84 130 586 3.23522 163
4 28 10 734 3.40738 0
68 44 790 574 3.26079 49
68 12 1206 646 3.29955 42
68 52 792 582 3.46575 6
68 60 794 590 3.45779 6
68 68 796 600 3.4207 49
68 76 936 128 3.1616 293
68 84 1038 74 3.20898 328
68 28 850 442 3.28696 673
76 44 860 462 3.30101 386
76 76 904 238 3.12379 10012
76 20 870 454 3.03942 135
76 84 898 256 3.06734 526
76 28 1224 664 3.15544 66
20 52 746 598 3.31872 505
20 60 750 606 3.31271 41
20 68 752 614 3.30531 41
20 84 758 628 3.33126 727
20 92 966 362 3.201 47
20 100 136 584 3.2335 56
20 108 684 610 3.11312 215
20 28 46 736 3.31707 72
28 44 752 588 3.36616 9
28 52 754 596 3.35698 9
28 60 756 604 3.27144 505
28 76 764 618 3.37169 71
28 84 766 626 3.35121 71
28 92 702 566 3.32628 11
28 100 704 576 3.28014 11
28 108 968 366 3.07322 2640
28 28 38 746 3.13586 0
