36 36 174 360 2.54253 59
36 12 1202 646 2.719 0
36 4 1200 636 2.70359 13
36 20 1202 650 2.62075 89
36 28 176 352 2.58648 59
12 36 1700 554 2.60227 7
12 20 1466 242 2.59205 30
12 28 1698 544 2.57614 7
4 36 1684 538 2.6917 47
4 12 1680 514 2.67704 56
4 4 40 736 2.58693 200
4 20 1682 524 2.68389 56
4 28 1692 542 2.55663 7
20 36 164 362 2.49818 59
20 4 1434 592 2.63316 49
20 20 252 312 2.51248 227
20 28 112 248 2.50886 74
28 36 386 324 2.52012 44
28 12 1196 650 2.65481 0
28 4 1196 638 2.68992 0
28 20 874 2 2.48079 1377
28 28 430 74 2.51399 629
