36 36 896 258 2.52182 163
36 12 1274 272 2.81121 0
36 4 1184 624 2.77026 16
36 20 1346 592 2.56169 161
36 28 894 250 2.62083 163
12 36 1142 162 2.7216 31
12 20 302 702 2.60396 1864
12 28 1142 154 2.72252 31
4 36 1134 162 2.64115 31
4 12 328 502 2.56173 371
4 4 326 498 2.40281 371
4 20 152 304 2.63716 179
4 28 1130 156 2.64668 31
20 36 982 558 2.56013 168
20 12 1170 636 2.7024 16
20 20 68 558 2.61026 198
28 36 888 260 2.59333 163
28 12 1262 272 2.75074 0
28 4 1266 266 2.80247 0
28 20 62 532 2.56894 307
28 28 478 646 2.47447 4363
