36 12 1196 642 2.70279 0
36 4 1198 638 2.76871 0
36 20 824 448 2.52588 434
36 28 248 412 2.56054 541
44 36 896 256 2.62411 77
44 12 1204 644 2.76315 0
44 4 1204 638 2.69451 0
44 20 1190 232 2.5937 166
12 36 794 674 2.57026 23
12 44 1200 432 2.60741 50
12 4 1682 512 2.67883 81
12 28 8 474 2.53218 181
4 36 1682 530 2.58868 28
4 44 674 574 2.64706 1393
4 12 326 498 2.55247 41
4 4 44 728 2.60603 2664
4 20 328 502 2.6833 41
4 28 336 494 2.64104 1069
20 36 932 120 2.47015 2840
20 44 870 274 2.52454 3248
20 4 1690 512 2.71324 81
20 28 702 602 2.46835 386
28 44 888 260 2.67004 9
28 12 1218 470 2.55834 1573
28 4 176 398 2.62254 127
28 20 1226 210 2.49691 308
28 28 1590 74 2.45351 654
