36 36 50 734 3.5221 36
36 44 346 424 3.3648 874
36 52 348 434 3.47154 216
36 60 348 442 3.59229 6
36 4 30 726 3.55786 45
36 68 350 450 3.71884 0
36 76 352 458 3.72891 0
36 84 354 466 3.67887 0
36 92 354 474 3.69564 0
36 100 356 480 3.46391 2
44 44 354 424 3.41167 430
44 52 356 432 3.48241 256
44 60 358 440 3.5283 118
44 68 358 448 3.57009 49
44 76 360 456 3.57387 49
44 84 362 464 3.52572 118
44 92 362 474 3.33005 49
44 100 878 272 3.18356 4779
12 76 328 462 3.69819 0
12 84 330 470 3.70654 0
12 92 330 478 3.58907 0
12 100 326 486 3.18992 2
52 36 360 416 3.39509 1002
52 44 362 424 3.42219 874
52 52 364 432 3.49469 256
52 60 364 440 3.4713 256
52 68 366 448 3.46436 69
52 84 894 248 3.14476 11056
52 92 886 266 3.17465 4779
52 28 40 746 3.39591 34
60 36 368 414 3.42124 482
60 44 370 422 3.44893 874
60 52 372 430 3.4528 874
60 60 372 438 3.36763 537
60 68 374 444 3.22235 874
4 44 10 734 3.51785 10
4 76 1568 576 3.18045 1920
4 92 128 582 3.12606 6551
68 36 376 412 3.41799 482
68 44 378 420 3.44237 482
68 52 378 428 3.4063 557
68 68 902 240 3.19747 2160
68 20 150 524 3.24276 328
68 28 376 404 3.33218 1282
76 44 386 418 3.25986 570
76 12 180 548 3.13407 477
76 52 386 428 3.14991 1282
76 4 178 542 3.13327 477
76 20 1042 578 3.27997 244
20 44 34 742 3.5185 10
20 52 20 756 3.30167 56
20 60 334 444 3.41517 118
20 68 334 452 3.6881 0
20 76 336 460 3.70149 0
20 84 338 468 3.70453 0
20 92 340 476 3.69986 0
20 100 342 482 3.4603 116
84 36 852 360 3.1181 2411
84 44 1562 80 3.16849 1259
84 12 388 386 3.34172 208
84 52 1560 90 3.08742 1259
84 4 408 410 3.1331 24933
84 20 390 394 3.32858 208
84 28 390 402 3.16733 1226
92 12 394 384 3.33641 208
92 4 166 506 3.14084 56992
92 20 396 392 3.28146 208
92 28 400 398 3.10388 315
28 36 42 734 3.51957 10
28 44 42 742 3.51716 10
28 52 340 434 3.26143 256
28 60 342 444 3.59049 6
28 4 22 728 3.57282 45
28 68 342 452 3.70722 0
28 76 344 460 3.70406 0
28 84 346 468 3.6914 0
28 92 348 474 3.6967 0
28 100 348 482 3.57631 2
