132 36 1504 664 3.7145 38637
132 68 30 702 3.69653 34611
132 76 26 726 3.88707 65363
132 84 22 730 3.88498 65363
132 28 1504 654 3.69375 38637
140 36 1506 674 3.65915 42807
140 44 1506 680 3.62222 42807
140 52 1206 758 3.5938 3128
140 68 34 704 3.62969 34611
140 28 1512 656 3.70878 38637
36 36 546 278 3.65871 647
36 12 514 378 3.77086 74
36 52 1234 736 3.66186 37
36 60 680 424 3.66016 828
36 4 512 372 3.83382 74
36 68 684 436 3.68155 828
36 76 684 444 3.66596 828
36 84 1666 758 3.56059 4206
36 28 1582 694 3.62116 33
148 12 1200 634 3.57828 121064
148 84 30 730 3.83876 65363
156 36 1220 672 3.6658 119159
156 44 1204 658 3.453 56822
156 12 1224 654 3.41441 117541
156 20 1224 662 3.62577 77571
156 28 1220 662 3.68743 119159
44 36 658 418 3.62581 130
44 44 554 288 3.63954 6774
44 60 1670 738 3.72044 27
44 4 522 368 3.82418 117
44 68 690 436 3.66384 828
44 76 364 126 3.67746 1309
44 20 698 186 3.65224 1742
44 28 1350 734 3.64687 3382
12 44 6 418 3.63124 254
12 12 44 736 3.77509 79937
12 52 688 586 3.69652 50835
12 60 686 590 3.7537 50835
12 68 688 606 3.80407 50835
12 76 688 612 3.79771 50835
12 20 1682 516 3.67474 71675
12 84 626 538 3.6461 34893
12 28 290 436 3.61931 2041
52 36 294 14 3.65028 1040
52 44 664 424 3.66437 130
52 52 1678 734 3.69903 27
52 60 1676 740 3.71642 27
52 68 744 418 3.7144 202
52 76 1046 54 3.76299 855
52 20 1602 688 3.62963 33
52 84 1046 66 3.83862 855
52 28 1256 722 3.61527 1656
60 36 1266 726 3.67967 37
60 44 538 390 3.6546 83
60 52 1026 740 3.69635 899
60 60 710 416 3.71231 828
60 4 1602 558 3.68211 4032
60 68 688 510 3.70446 43
60 76 1058 56 3.78273 855
60 20 580 234 3.62485 31
60 84 1054 64 3.84055 855
60 28 1200 702 3.64059 0
4 36 284 442 3.6726 10278
4 44 0 414 3.67138 254
4 12 38 734 3.70919 79937
4 52 678 582 3.70025 50835
4 60 1072 242 3.65176 80083
4 4 34 726 3.7368 79937
4 68 678 602 3.74531 50835
4 76 682 610 3.75281 50835
68 36 534 432 3.69837 439
68 44 1610 726 3.70793 70
68 12 1600 718 3.62807 70
68 52 514 220 3.67479 3159
68 60 542 416 3.69112 2
68 4 562 352 3.58475 1482
68 68 698 512 3.71396 43
68 76 1046 60 3.76175 370
68 20 1598 724 3.63299 70
68 84 1128 40 3.78992 9146
68 28 1210 706 3.68974 0
76 44 662 390 3.72136 186
76 12 1470 630 3.63757 9109
76 52 1040 34 3.72182 10
76 60 658 414 3.67996 186
76 68 1036 762 3.6687 1268
76 76 1090 44 3.78771 587
76 84 1094 50 3.78214 4903
76 28 1070 8 3.67707 24
20 36 512 400 3.65212 75
20 44 1202 428 3.68137 144
20 52 668 422 3.66517 828
20 60 588 282 3.68544 304
20 68 588 292 3.62236 304
20 84 220 232 3.67628 2886
20 28 332 16 3.64009 1659
84 44 890 554 3.63106 579
84 52 914 54 3.61211 363
84 68 1044 760 3.68122 1268
84 76 1098 44 3.83183 587
84 84 1098 50 3.70053 587
84 28 886 552 3.64817 465
92 36 894 564 3.61069 465
92 44 902 566 3.6684 465
92 68 1076 46 3.64361 26434
92 20 336 16 3.58916 20354
92 28 1478 652 3.60989 51
100 60 762 432 3.58009 25589
100 20 1530 648 3.64765 5413
100 28 906 554 3.60399 465
108 44 342 170 3.59715 6600
108 12 1506 636 3.84174 21286
108 60 784 440 3.57579 12121
108 4 1510 630 3.85328 21286
108 28 1542 654 3.66309 5413
28 44 540 286 3.62754 647
28 12 506 380 3.82962 74
28 52 1656 738 3.70233 27
28 60 596 280 3.64497 304
28 4 504 374 3.79444 74
28 68 264 126 3.59361 506
28 76 828 540 3.61602 742
28 20 494 394 3.71344 2895
28 28 770 524 3.64367 730
116 36 1528 658 3.62588 2452
116 12 1514 636 3.87378 21286
116 60 1102 36 3.60944 12819
116 4 1516 630 3.82228 21286
116 28 1482 650 3.6271 38637
124 36 1044 24 3.61932 2037
124 44 1272 642 3.60351 3794
124 60 1106 38 3.65151 12819
124 76 14 726 3.85217 65363
124 20 1492 650 3.67331 38637
