36 36 762 228 3.14055 11430
36 12 914 270 3.38618 8574
36 60 576 436 3.19951 183
36 68 1682 492 3.34037 37
36 20 916 276 3.37617 8574
36 28 912 282 3.17518 1421
44 36 796 502 3.16507 5727
44 44 776 592 3.16691 8804
44 52 1056 748 3.18844 44
44 60 1188 750 3.20127 163
44 20 1684 336 3.16743 2282
12 44 334 506 3.0575 237026
12 12 26 730 3.42204 488
12 4 28 726 3.44593 488
52 36 802 502 3.15692 5727
52 44 836 554 3.17327 7659
52 52 654 492 3.21412 263
52 60 1066 758 3.19525 98
52 68 778 622 3.18231 65
52 28 924 286 3.17063 5851
60 36 198 22 3.15065 3399
60 12 1608 566 3.15585 177
60 52 806 632 3.19597 93
60 60 1072 758 3.22752 98
60 4 760 362 3.26474 51362
60 68 1454 654 3.22085 31
60 76 1674 488 3.38274 24329
60 84 1672 496 3.36151 24329
60 28 1014 738 3.15001 2535
4 44 330 502 3.10893 161778
4 12 22 730 3.44172 488
4 52 882 296 3.08924 8574
4 60 1230 638 3.10605 21405
4 4 22 726 3.43787 488
4 68 1670 496 3.12126 24473
68 36 1512 762 3.13124 12643
68 12 1616 556 3.15519 35516
68 52 314 430 3.17817 40
68 60 316 440 3.22295 40
68 4 1616 550 3.17044 34411
68 20 1614 574 3.15152 177
68 84 1680 496 3.38594 24329
76 36 1518 758 3.14821 12643
76 44 284 138 3.12501 2267
76 52 1474 630 3.24195 31
76 60 1474 638 3.2218 31
76 68 1200 754 3.17783 379
76 76 1680 486 3.25333 24329
76 20 1500 356 3.13985 5028
20 36 262 12 3.10314 2204
20 44 1526 480 3.10213 3389
20 52 698 422 3.13864 8962
20 4 42 730 3.41923 488
20 20 36 744 3.36506 2647
20 28 886 290 3.14415 2092
84 36 1558 658 3.17026 5136
84 44 574 366 3.13943 418
84 52 396 116 3.23095 11
84 60 398 124 3.26341 11
84 68 784 534 3.20434 4
84 76 1690 482 3.29394 24329
84 84 1688 494 3.31289 24329
92 44 1402 748 3.16049 4094
92 52 404 118 3.2282 11
92 60 1674 706 3.23868 10
92 76 1678 730 3.24393 6
92 20 1218 654 3.13293 974
92 84 312 180 3.11964 136
100 44 1202 652 3.25796 851
100 52 410 116 3.22957 11
100 60 1682 706 3.23369 10
100 68 794 534 3.2328 4
100 76 796 540 3.25189 4
100 84 608 454 3.20818 413
108 44 1214 656 3.35173 1143
108 52 1214 664 3.30226 1143
108 60 1206 668 3.23863 1143
108 68 1206 674 3.21272 1143
108 76 1284 650 3.20507 57
108 84 616 456 3.17359 413
108 28 10 734 3.40452 13
28 36 272 14 3.14595 2204
28 44 272 22 3.11264 2204
28 12 48 734 3.44575 488
28 52 814 560 3.15767 36326
28 60 1482 670 3.18551 2098
28 20 910 274 3.38557 8574
116 52 1220 662 3.37606 619
116 60 1218 664 3.38392 851
116 76 1144 268 3.25165 1918
116 84 838 266 3.1867 58564
