36 36 930 740 4.76006 20
36 44 930 748 4.73286 0
36 12 928 716 4.74761 20
36 52 932 756 4.6934 44
36 60 932 764 4.68061 50
36 4 928 708 4.39466 50
36 68 930 772 4.36699 22
36 20 930 724 4.72476 20
36 28 930 732 4.76464 20
44 36 938 740 4.71877 20
44 44 938 746 4.7061 4
44 12 936 716 4.72082 20
44 52 938 754 4.66088 28
44 60 940 762 4.67029 4
44 68 942 768 4.55946 10
44 20 936 724 4.71875 20
44 28 938 732 4.70123 20
12 36 906 742 4.47284 188
12 44 902 746 4.16448 220
12 12 910 718 4.08754 188
12 52 902 758 3.74768 285
12 4 502 376 3.77891 2153
12 20 904 726 4.46659 220
12 28 906 734 4.55331 188
52 36 946 738 4.73228 32
52 44 946 746 4.72033 16
52 12 944 714 4.72637 20
52 52 948 754 4.67835 38
52 60 948 762 4.69339 16
52 4 944 710 4.28067 50
52 68 948 770 4.63691 34
52 20 944 722 4.72164 20
52 28 946 730 4.71769 32
60 36 954 738 4.76984 20
60 44 954 746 4.73853 0
60 12 952 714 4.75945 20
60 52 956 754 4.69912 28
60 60 956 762 4.7122 0
60 68 958 770 4.68571 22
60 20 952 722 4.75261 20
60 28 954 730 4.76169 20
4 12 42 742 3.69772 47330
4 60 42 726 3.41273 145556
4 4 44 732 3.74219 47330
4 20 896 726 4.05136 501
68 36 962 738 4.7624 20
68 44 962 746 4.73009 0
68 12 960 714 4.74818 20
68 52 964 754 4.68243 28
68 60 964 762 4.70557 0
68 4 958 710 4.33653 50
68 68 964 770 4.64094 22
68 20 960 722 4.73862 20
68 28 962 730 4.753 20
76 36 970 738 4.74108 20
76 44 970 744 4.69695 0
76 12 968 714 4.71792 20
76 52 970 752 4.66165 28
76 60 972 760 4.67371 0
76 68 970 768 4.63448 22
76 20 968 722 4.70252 20
76 28 970 730 4.71803 20
20 36 914 740 4.70558 70
20 44 914 748 4.65134 58
20 12 914 716 4.6569 70
20 52 910 758 4.27181 123
20 4 918 710 4.03813 146
20 68 670 576 3.72048 735
20 20 914 724 4.6691 70
20 28 912 732 4.69111 70
84 36 978 736 4.74669 20
84 44 978 744 4.73266 16
84 12 976 712 4.7297 20
84 52 978 752 4.70311 38
84 60 980 760 4.69653 0
84 4 974 710 4.42144 50
84 68 980 768 4.63561 22
84 20 976 720 4.72612 20
84 28 978 728 4.74011 20
92 36 986 736 4.73804 8
92 44 986 744 4.73111 16
92 12 984 712 4.72755 32
92 52 986 752 4.69038 28
92 60 988 760 4.68654 111
92 68 988 768 4.61169 34
92 20 984 720 4.72306 16
92 28 986 728 4.72774 8
100 36 994 736 4.73256 8
100 44 994 744 4.72418 4
100 12 992 712 4.6436 8
100 52 994 752 4.70975 28
100 68 996 764 4.49749 10
100 20 992 720 4.70036 4
100 28 994 728 4.72147 8
108 36 1002 734 4.72681 16
108 44 1002 744 4.72026 16
108 12 1000 710 4.56685 32
108 60 1004 758 4.66772 111
108 68 1004 764 4.29104 34
108 20 1000 718 4.68948 16
28 36 922 740 4.76676 20
28 44 922 748 4.73487 0
28 12 920 716 4.74453 20
28 52 924 756 4.68331 44
28 60 924 764 4.67293 50
28 4 922 710 4.36107 50
28 68 924 772 4.35586 22
28 20 922 724 4.72408 20
28 28 922 732 4.76242 20
116 36 1010 734 4.62895 68
116 44 1010 742 4.39105 105
116 12 1008 710 4.60476 68
116 52 1018 750 4.0591 212
116 60 1016 756 3.99711 212
116 4 1306 612 3.82779 2127
116 20 1008 718 4.62149 68
116 28 1010 726 4.6511 68
124 44 840 266 3.75554 11740
124 12 1018 718 4.00492 240
124 52 874 282 3.69211 40024
124 60 1314 264 3.58996 109564
124 68 900 256 3.55899 22296
124 20 1020 724 4.13094 240
124 28 1018 728 4.09319 340
