36 36 1568 576 3.04213 2036
36 44 912 746 3.12267 118
36 52 914 756 3.11192 118
36 60 638 520 3.03893 11548
36 68 1600 638 3.08187 116
36 76 470 106 3.08275 359
36 84 1564 718 3.16463 32
36 92 1572 720 3.25497 26
36 100 1574 728 3.16937 26
36 108 798 550 3.17847 937
36 28 1682 520 3.10689 841
44 36 1462 662 3.07296 1240
44 44 686 546 3.23993 451
44 12 334 494 3.11185 2287
44 60 702 582 3.1082 261
44 68 686 570 3.10213 451
44 76 1452 302 3.10317 36
44 20 334 502 3.09129 2287
44 92 1582 718 3.26005 26
44 100 1582 728 3.20234 26
44 108 808 550 3.19734 937
44 28 1690 520 3.04031 841
12 4 26 726 3.46991 25
12 76 1694 122 3.02004 2171
12 20 22 728 3.50761 0
12 84 298 430 3.05977 529
12 92 1248 622 3.12067 106
12 100 1532 592 3.18481 22641
12 108 1234 644 3.24284 13754
52 36 894 704 3.17018 85
52 44 890 712 3.22205 85
52 52 696 556 3.24723 451
52 60 810 670 3.19152 248
52 76 366 340 3.10354 126
52 20 800 374 3.0528 103
52 84 334 418 3.22716 47
52 92 1586 718 3.2022 26
52 100 1586 726 3.15418 26
52 108 194 16 3.16092 5519
52 28 928 730 3.09843 118
60 36 900 706 3.17038 85
60 44 898 712 3.15707 85
60 12 1060 276 3.02383 319642
60 52 822 662 3.17401 248
60 60 708 568 3.22244 451
60 4 1194 638 3.07036 201968
60 76 1592 638 3.11516 15344
60 20 674 368 3.07 94785
60 84 342 418 3.14469 47
60 92 1086 602 3.18296 62
60 100 1598 730 3.13581 26
60 108 1298 638 3.13832 307
60 28 936 728 3.11825 118
4 4 18 726 3.4428 25
4 76 1680 514 3.11959 3388
4 84 1678 524 3.11042 3388
4 92 1682 132 3.10929 2171
4 100 1230 640 3.2085 106
4 108 1670 496 3.13022 8728
4 28 10 734 3.48147 0
68 36 600 258 3.12511 4424
68 44 720 562 3.17333 2019
68 12 1202 644 3.12527 190450
68 52 724 570 3.12263 261
68 60 716 566 3.17532 451
68 4 1202 638 3.12904 201968
68 68 718 574 3.24358 451
68 76 1694 562 3.13982 26108
68 20 1010 574 3.1382 870
68 84 192 0 3.06215 629
68 92 492 262 3.15346 4232
68 100 966 96 3.15238 4257
68 108 1048 66 3.19419 53645
68 28 680 374 3.08717 94785
20 60 0 246 2.969 4133
20 68 58 0 3.06125 8060
20 76 1354 176 2.99923 7300
20 92 170 0 3.18085 169
20 100 172 8 3.16055 169
28 44 58 738 3.1576 10
28 52 1110 602 3.02662 6567
28 68 66 0 3.05934 8060
28 76 14 258 3.03738 1510
28 20 42 730 3.41817 0
28 84 670 234 3.05152 939
28 92 178 0 3.19994 169
28 100 330 6 3.19813 253
28 108 1246 642 3.13061 1848
28 28 42 736 3.32871 0
