36 36 1512 624 3.20391 390
36 44 1510 632 3.31587 88
36 60 1414 744 3.22911 2981
36 68 1298 720 3.20475 346
36 76 806 398 3.28516 8
36 20 1128 616 3.08444 557
36 84 808 404 3.2853 8
36 92 722 486 3.33427 4
36 100 718 496 3.33192 4
36 108 762 578 3.15843 133
36 28 1026 574 3.1103 1462
44 36 1530 544 3.15574 8320
44 52 1476 620 3.27268 4560
44 60 1418 742 3.19817 2981
44 76 790 602 3.15106 2887
44 20 336 590 3.17542 4537
44 100 906 152 3.1433 11889
44 28 1528 534 3.12784 6954
12 36 1478 626 3.2526 88
12 44 1486 634 3.21126 88
12 12 130 388 3.17528 1212
12 52 842 614 3.2391 90
12 4 1102 592 3.23974 1359
12 68 680 478 3.19585 59
12 20 1290 598 3.18049 1087
12 84 8 442 3.29335 379
12 92 698 486 3.29353 4
12 100 698 494 3.3304 4
12 108 674 530 3.23618 59
12 28 1482 622 3.26599 88
52 36 1158 616 3.08774 3117
52 68 1512 648 3.13556 16429
52 76 740 162 3.1662 2852
52 20 346 590 3.14819 4537
52 84 738 170 3.17188 2852
52 100 890 254 3.20586 18366
52 108 896 256 3.1725 46582
52 28 1536 534 3.20372 6954
60 52 592 354 3.19685 5983
60 60 1302 614 3.24216 4432
60 68 1302 622 3.17026 4432
60 76 334 638 3.16532 2669
60 100 898 254 3.15848 18366
4 12 496 392 3.12907 103340
4 4 122 374 3.21051 113655
4 84 0 442 3.35488 379
4 92 0 448 3.36575 379
4 108 950 350 3.20533 68618
4 28 1222 616 3.20379 3199
68 44 1178 626 3.16516 5766
68 52 1328 606 3.05588 5411
68 60 1314 616 3.24039 4432
68 84 1026 78 3.11362 23688
76 36 10 734 3.40784 29
76 44 358 598 3.12053 22176
76 60 1534 428 3.19573 37932
76 76 1322 630 3.08512 48516
76 100 22 726 3.35281 32354
20 44 1492 634 3.18238 88
20 12 1002 532 3.15649 583
20 52 724 472 3.23919 139
20 60 872 126 3.21303 596
20 68 846 628 3.20056 90
20 20 1296 598 3.15651 1087
20 84 704 486 3.29409 4
20 92 704 490 3.3153 4
20 108 886 156 3.19608 7243
84 68 908 226 3.13522 18366
84 76 910 232 3.1558 18366
84 20 22 728 3.43738 14
28 36 564 346 3.21098 507
28 44 1498 632 3.29816 88
28 52 850 610 3.24041 90
28 60 732 488 3.21559 139
28 4 1170 618 3.15743 5925
28 68 802 390 3.19072 433
28 20 1570 568 3.1229 2318
28 84 802 402 3.2788 8
28 92 714 486 3.29825 4
28 100 710 496 3.33475 4
28 108 14 472 3.16158 97
28 28 1602 650 3.08398 2562
