36 36 846 336 3.88997 22
36 44 846 344 3.9026 14
36 12 844 312 3.80553 2
36 52 848 352 3.89951 14
36 60 848 360 3.88505 6
36 4 848 300 3.49593 39
36 68 848 368 3.89887 6
36 76 848 376 3.89923 6
36 20 844 320 3.86638 10
36 28 846 328 3.88366 2
44 36 854 336 3.89824 1
44 44 854 344 3.8983 17
44 12 852 312 3.88915 1
44 60 856 360 3.88106 6
44 68 856 368 3.90075 6
44 76 856 376 3.90063 6
44 20 852 320 3.88839 1
44 28 854 328 3.88498 1
12 36 822 338 3.71915 138
12 44 822 346 3.81469 58
12 52 822 354 3.81481 58
12 60 824 362 3.77367 138
12 68 826 370 3.34696 58
12 76 138 586 3.12367 78030
12 84 454 450 3.1126 415
12 28 822 330 3.53503 141
52 36 862 334 3.89508 1
52 44 862 344 3.88837 10
52 12 860 312 3.86228 1
52 52 862 352 3.87606 14
52 68 864 368 3.88229 14
52 76 864 376 3.86152 22
52 20 860 320 3.86572 1
60 36 870 334 3.88069 10
60 44 870 342 3.88956 10
60 12 868 310 3.8532 1
60 52 870 350 3.84723 17
60 60 872 358 3.85004 17
60 4 866 302 3.40238 92
60 68 872 366 3.86521 6
60 76 872 374 3.85971 6
60 20 868 318 3.85113 1
60 84 872 382 3.57626 73
60 28 868 326 3.8709 1
4 36 40 374 3.351 1118
4 44 38 386 3.29404 1118
4 52 814 352 3.32522 334
4 60 78 474 3.1604 1320
4 68 76 480 3.16779 7637
4 76 132 590 3.09286 78030
4 28 38 370 3.25633 1543
68 36 878 334 3.89917 2
68 44 878 342 3.89294 10
68 12 876 310 3.90985 2
68 52 878 350 3.87316 17
68 60 880 358 3.86287 6
68 68 880 366 3.8715 17
68 76 880 374 3.84372 6
68 20 876 318 3.91166 2
68 84 882 382 3.37437 141
68 28 876 326 3.89535 2
76 36 886 334 3.89011 2
76 44 886 342 3.8827 10
76 12 884 310 3.91109 2
76 52 886 350 3.87807 17
76 4 890 286 3.49879 84
76 68 888 366 3.85372 17
76 76 888 374 3.75032 6
76 20 884 318 3.91223 2
76 28 886 326 3.89223 2
20 36 830 338 3.88506 10
20 44 830 346 3.89954 17
20 12 826 310 3.40554 17
20 52 830 354 3.89992 17
20 60 832 362 3.86694 6
20 68 832 370 3.85248 6
20 76 832 376 3.83573 6
20 20 826 324 3.54859 10
20 84 462 450 3.15034 415
20 28 828 330 3.8375 63
84 36 894 334 3.87208 0
84 44 896 340 3.83755 22
84 12 892 310 3.91233 0
84 52 894 350 3.82254 14
84 60 894 356 3.72592 67
84 20 892 318 3.89696 0
84 28 892 326 3.86771 0
92 36 902 332 3.87413 0
92 12 900 308 3.90779 2
92 52 898 346 3.48021 60
92 60 906 358 3.28345 92
92 68 894 256 3.21707 680
92 20 900 316 3.90142 2
92 28 900 324 3.87132 0
100 36 910 332 3.88999 0
100 44 908 340 3.58822 88
100 12 908 308 3.87135 0
100 4 114 352 3.33189 938
100 76 22 726 3.35071 1697
100 20 908 316 3.89899 0
100 84 22 730 3.35456 1697
100 28 908 324 3.88405 0
108 36 914 332 3.69336 52
108 12 728 730 3.13229 5313
108 4 728 724 3.1028 5313
108 76 28 726 3.35877 1697
108 20 918 314 3.27203 197
108 28 916 324 3.70188 52
28 36 838 338 3.8881 22
28 44 838 346 3.90262 14
28 12 836 314 3.80066 4
28 52 838 354 3.89605 14
28 60 840 360 3.83559 6
28 4 840 300 3.46954 39
28 68 840 370 3.85705 14
28 76 840 376 3.84737 6
28 20 836 322 3.85237 22
28 28 836 330 3.87361 4
