36 36 1658 64 3.02897 5033
36 12 1528 208 3.13714 0
36 52 1674 280 3.17618 152
36 60 1672 288 3.21401 152
36 4 1378 398 3.07549 2464
36 76 278 230 3.07884 130
36 20 1530 216 3.21152 2
36 84 598 432 3.12212 4
36 92 58 134 3.08603 1344
36 100 1680 486 3.18158 119
36 108 1686 498 3.30195 155
44 36 1098 172 3.13364 390
44 44 230 334 3.13867 1290
44 12 346 598 3.03703 131540
44 52 1680 282 3.15486 152
44 60 400 594 3.21057 128
44 68 202 754 3.05169 2982
44 76 602 422 3.07526 4
44 84 324 506 3.15406 316
44 28 236 294 3.10664 359
12 36 698 614 3.10127 53
12 44 1452 258 3.04906 641
12 12 1402 238 3.2351 1313
12 52 754 628 3.0331 13722
12 60 394 402 3.16933 235
12 4 1494 214 3.12602 22063
12 68 390 412 3.21393 235
12 76 154 280 3.0959 51
12 84 1236 632 3.12207 470
12 92 1668 486 3.28308 155
12 100 1668 494 3.27663 155
12 108 22 728 3.12034 24216
12 28 1506 216 3.12708 0
52 36 158 296 3.0624 342
52 44 1698 330 3.08807 563
52 12 1188 630 3.03824 5289
52 60 850 278 3.13086 5958
52 68 406 498 3.19025 22950
52 76 330 502 3.23066 185
52 20 1704 246 3.08476 627
52 84 338 494 3.22038 350
52 100 148 374 3.11293 7
52 108 1688 90 3.0905 6068
60 36 1196 646 3.10737 4141
60 44 416 482 3.19998 11216
60 12 1196 632 3.17677 4141
60 52 414 488 3.21564 11216
60 60 1098 208 3.23214 2965
60 76 342 500 3.20369 185
60 84 156 370 3.14094 7
60 100 626 450 3.09351 4
60 108 1554 86 3.12157 37715
60 28 166 288 3.08016 342
4 44 78 502 3.18167 25783
4 12 1084 106 3.20601 939
4 52 684 594 3.14756 10716
4 60 926 254 3.15234 3195
4 4 1084 102 3.16526 79211
4 20 80 492 3.20366 987
4 84 1230 636 3.21296 4080
4 92 1230 642 3.23093 4080
4 100 12 722 3.07023 24216
4 108 44 728 3.09545 124928
4 28 1112 90 3.21686 3236
68 44 152 314 3.17107 1802
68 12 74 726 2.98357 10781
68 52 424 486 3.15809 11216
68 60 484 84 3.16336 4485
68 68 418 510 3.16299 11216
68 76 166 362 3.12413 7
68 84 952 496 3.13735 10660
68 100 1562 76 3.19868 37715
68 108 1560 86 3.20494 37715
68 28 1202 642 3.19067 5289
20 36 184 426 3.10176 248
20 44 1460 258 3.16348 641
20 52 1206 378 3.0888 34100
20 60 1656 288 3.20884 227
20 4 1406 698 3.13996 46
20 68 390 416 3.19674 141
20 76 1680 18 3.11432 12
20 20 1516 216 3.25358 0
20 84 1242 630 3.10946 4080
20 92 1676 486 3.28781 155
20 100 1678 494 3.32042 155
28 36 1522 226 3.17541 0
28 44 1470 258 3.13302 641
28 52 82 382 3.10928 2873
28 60 1664 288 3.24604 227
28 4 1408 200 3.11383 581
28 68 1664 296 3.18181 227
28 76 174 142 3.10553 498
28 20 1524 218 3.26293 2
28 84 1704 138 3.06406 358
28 92 1696 488 3.12369 15
