36 44 1386 306 3.17566 146
36 12 182 494 3.3432 0
36 52 468 450 3.10491 4449
36 4 178 484 3.39347 0
36 20 186 500 3.33305 0
36 28 1398 304 3.22749 227
44 36 166 462 3.24037 68
44 44 1554 376 3.22071 963
44 12 192 494 3.15993 1023
44 4 1182 148 3.19188 5989
44 20 1406 296 3.21449 227
44 28 166 446 3.20144 50
12 36 1686 490 3.12822 4414
12 44 1672 492 3.15499 13870
12 12 150 490 3.26586 0
12 4 154 488 3.39554 251
12 20 156 496 3.36592 0
52 36 170 460 3.26744 50
52 44 172 468 3.33811 50
52 12 386 628 3.24493 2860
52 52 102 542 3.2249 6848
52 4 384 622 3.2692 2860
52 20 174 446 3.17695 50
52 28 176 452 3.21925 50
60 36 180 460 3.29041 50
60 44 178 466 3.30291 50
60 12 394 628 3.23589 2860
60 4 402 622 3.25628 1030
60 20 184 446 3.17872 50
60 28 262 564 3.20159 54
4 36 688 614 3.17305 546
4 44 1672 498 2.99656 267
4 12 1072 228 3.24797 10701
4 52 42 730 2.98145 262506
4 4 1682 512 3.23297 45985
4 20 240 374 3.21408 1792
68 52 1574 384 3.24827 963
68 4 810 364 3.24604 86
68 28 270 564 3.20402 54
76 36 956 396 3.20506 231
76 44 1478 220 3.25082 74
76 12 274 546 3.26304 54
76 52 1480 228 3.21174 74
76 4 1356 402 3.22056 1683
76 20 1146 248 3.30241 2
76 28 1398 144 3.22169 159
20 36 164 514 3.16936 9
20 44 1688 494 3.18647 267
20 12 160 490 3.39268 0
20 4 162 486 3.39423 0
20 20 162 498 3.39573 0
20 28 164 504 3.36355 0
84 44 962 402 3.23937 231
84 12 1150 234 3.36292 8
84 52 1592 394 3.23278 33
84 4 1246 114 3.18003 48
84 20 282 552 3.29523 54
84 28 1162 252 3.33206 8
92 36 1170 262 3.25327 8
92 44 192 482 3.21098 53
92 12 1162 232 3.33106 8
92 4 1250 112 3.14372 48
100 44 188 350 3.19165 7307
100 12 1170 236 3.35822 8
100 52 190 358 3.25104 7307
100 4 124 310 3.08074 4941
100 20 1168 246 3.38576 8
100 28 1166 258 3.28477 28
28 44 1698 494 3.10177 267
28 12 170 490 3.35855 0
28 52 1694 498 3.17948 267
28 4 172 486 3.37973 0
28 20 178 502 3.27571 0
28 28 178 508 3.27227 0
