36 44 10 320 3.08468 2454
36 12 46 738 3.27753 584
36 76 1510 706 3.25289 27
36 20 50 740 3.09143 499
36 84 1476 694 3.24037 1796
44 36 974 284 3.17876 2143
44 44 970 290 3.14633 2143
44 4 50 734 3.19025 849
44 68 618 510 3.15063 644
44 76 1514 702 3.24723 1326
44 20 1160 534 3.23732 1497
44 84 1512 710 3.25596 1326
12 52 0 284 3.09854 677
12 4 22 728 3.44362 369
12 84 534 478 3.12848 97
52 36 1146 538 3.26465 827
52 44 1150 548 3.24711 827
52 52 1662 160 3.15331 1828
52 60 300 324 3.15231 370
52 4 2 764 3.24371 11978
52 68 730 760 3.11425 3515
52 20 1466 676 3.18328 1182
52 84 286 330 3.15223 11233
60 36 1482 688 3.30561 31
60 44 1160 550 3.30682 71
60 52 1162 560 3.31377 71
60 60 1344 604 3.17586 1625
60 4 1586 558 3.32324 415
60 76 1188 534 3.1906 115
60 84 34 330 3.19819 2577
60 28 1478 686 3.32234 6
4 60 494 478 3.09857 1087
4 68 286 446 3.09581 4664
4 76 238 306 3.11753 407
68 44 1168 550 3.35076 71
68 52 1166 558 3.32919 71
68 4 1590 560 3.35409 415
68 76 1320 366 3.14219 20526
68 20 1490 682 3.29533 31
68 84 1320 374 3.19835 20526
68 28 1490 688 3.341 31
76 36 1176 542 3.25556 827
76 44 1178 550 3.31143 827
76 12 1486 668 3.21676 6
76 52 1194 562 3.27712 3662
76 68 184 754 3.04326 7020
76 76 112 302 3.09639 3276
76 20 1488 674 3.25234 31
76 84 134 270 3.07341 956
76 28 1496 686 3.2906 1182
20 36 1670 134 3.03874 39019
20 84 1490 712 3.22399 1326
84 12 1502 678 3.20458 8
84 52 1484 712 3.22203 54
84 68 58 450 3.02949 15771
84 20 228 224 3.18678 233
92 36 1558 86 3.26215 4265
92 44 1556 96 3.25254 4265
92 12 184 178 3.0968 1937
92 4 1618 558 3.14354 123
28 36 0 190 3.06041 3653
28 44 0 204 3.08911 2662
28 52 1154 534 3.20483 1135
28 60 712 750 3.20558 628
28 68 256 304 3.1242 277
28 76 982 282 3.24978 295
