36 44 1474 94 3.13272 4265
36 52 1474 106 3.10573 4265
36 60 576 568 3.1167 1241
36 68 1522 182 3.10141 273
36 76 1490 138 3.09682 2523
36 20 46 730 3.52202 12
36 84 814 658 3.21945 234
36 92 738 610 3.15317 643
44 36 90 742 3.09998 127
44 44 1552 208 3.13869 13548
44 52 1486 102 3.12747 4265
44 60 604 592 3.07652 1567
44 76 664 510 3.10098 448
44 20 48 734 3.50973 25
44 84 818 654 3.20618 234
44 92 818 664 3.24386 234
44 100 282 736 3.11398 19743
12 52 18 760 3.33879 64
12 4 26 726 3.55892 29
12 68 1538 376 3.14427 30434
12 76 18 718 3.03545 259
52 36 42 760 3.07783 47
52 44 1558 206 3.11107 13548
52 52 1270 338 3.12303 10694
52 60 1584 538 3.07824 14526
52 4 46 726 3.48759 14
52 68 334 446 3.04147 342
52 92 1286 734 3.10779 573
52 100 1330 256 3.15543 11189
60 36 1626 560 3.13962 1386
60 44 1024 502 3.04943 1289
60 12 48 736 3.49633 18
60 52 1032 470 3.03728 2349
60 60 1034 474 3.06651 2161
60 68 1602 202 3.12653 291
60 76 1602 212 3.04988 291
60 84 1600 216 3.14102 291
60 92 734 576 3.07065 287
60 100 1336 254 3.10819 11189
60 28 50 754 3.21097 18
4 60 1530 368 3.09791 30434
4 68 210 432 3.09439 102897
68 44 1398 712 3.17077 1119
68 68 1044 482 3.08448 2161
68 76 1608 210 3.12881 291
68 20 1072 478 3.06825 646
68 92 1610 224 3.06474 291
68 100 1040 66 3.13065 2798
76 36 770 712 3.1437 121
76 44 1638 562 3.21546 1386
76 52 1512 216 3.2062 412
76 60 1062 274 3.17135 256
76 68 1098 632 3.14608 283
76 76 1046 40 3.10522 108
76 20 1252 342 3.1233 294
76 92 1040 60 3.12757 108
76 100 1048 66 3.18576 2798
76 28 1244 326 3.14631 207
20 36 30 746 3.52752 4
20 52 1546 354 3.06785 25949
20 4 22 728 3.55825 33
20 68 186 620 3.00459 54394
20 76 1326 254 3.09635 9986
84 36 1246 328 3.13086 436
84 44 1520 206 3.14697 412
84 12 0 426 3.14385 360
84 52 1420 724 3.18519 1194
84 60 1108 622 3.20632 283
84 4 1530 354 3.04917 3196
84 68 1084 514 3.19164 454
84 76 1084 520 3.1459 454
84 20 1250 314 3.16917 196
84 84 1046 50 3.16962 108
84 100 916 336 3.17501 19594
84 28 770 688 3.15467 182
92 36 778 694 3.14785 182
92 44 1256 338 3.09309 197
92 12 766 678 3.15704 118
92 52 1256 344 3.08483 197
92 4 1298 614 3.14382 8714
92 76 1088 518 3.1611 520
92 84 1056 52 3.11736 108
92 92 1054 62 3.27794 108
100 44 784 710 3.0684 853
100 12 776 682 3.131 118
100 60 1272 340 3.13948 1491
100 4 1196 634 3.14858 73181
100 68 1272 346 3.15403 1491
100 76 1076 282 3.10968 171
100 84 1066 54 3.19023 108
100 92 1064 62 3.20531 108
108 36 848 424 3.15883 11463
108 44 848 432 3.16104 11463
108 12 1204 642 3.14327 73181
108 60 1282 342 3.14728 1491
108 68 1282 348 3.075 1491
108 76 1312 250 3.15288 3862
108 20 54 406 2.99494 4119
108 84 876 218 3.13653 6084
108 92 898 256 3.01495 51676
108 28 58 432 3.03528 712
28 36 40 744 3.46129 4
28 68 1504 178 3.10028 13534
28 28 42 736 3.54336 12
