36 36 944 36 3.8412 4
36 44 946 44 3.80964 18
36 12 942 12 3.84754 4
36 52 946 52 3.81471 18
36 60 946 60 3.68326 111
36 4 308 422 3.26879 9308
36 68 1688 496 3.39819 403
36 20 944 20 3.84048 4
36 28 944 28 3.85084 4
44 36 952 34 3.82199 4
44 44 954 44 3.77588 22
44 12 950 12 3.83454 4
44 52 954 50 3.7873 22
44 60 954 60 3.70673 111
44 4 1266 622 3.34186 5588
44 68 1680 490 3.36269 39407
44 76 1678 498 3.33963 39407
44 20 952 20 3.83722 4
44 28 952 26 3.84304 4
12 36 920 38 3.59801 162
12 44 922 46 3.63473 162
12 12 44 738 3.12748 289846
12 52 922 54 3.51323 162
12 60 1670 490 3.3605 403
12 4 46 730 3.20805 233628
12 76 26 730 3.28528 232190
12 28 918 32 3.38973 162
52 36 960 34 3.84237 4
52 44 962 42 3.79951 22
52 12 958 10 3.82729 4
52 52 962 50 3.81195 22
52 60 962 58 3.7281 111
52 68 236 234 3.29957 1994
52 20 960 18 3.83261 4
52 28 960 26 3.85823 4
60 36 968 34 3.85898 0
60 44 970 42 3.79006 22
60 12 966 10 3.84821 0
60 52 970 50 3.8151 22
60 60 970 58 3.73331 111
60 4 1196 0 3.45646 771
60 68 970 64 3.59028 24
60 76 766 628 3.3237 2716
60 20 968 18 3.83496 0
60 28 968 26 3.86732 0
4 36 530 368 3.09715 12636
4 52 1228 636 3.13751 150168
4 68 22 726 3.30119 232190
4 76 22 730 3.30496 232190
4 28 330 504 3.13925 103322
68 36 976 34 3.85784 0
68 44 978 40 3.78746 18
68 12 974 10 3.82234 0
68 52 978 50 3.80078 18
68 60 978 58 3.76513 16
68 4 1202 0 3.45149 771
68 68 980 64 3.75519 16
68 76 248 242 3.31622 9886
68 20 976 18 3.8279 0
68 28 976 26 3.85136 0
76 36 984 32 3.86348 0
76 44 986 40 3.80732 8
76 12 982 8 3.83013 0
76 52 986 48 3.81754 8
76 60 986 56 3.80832 8
76 4 352 0 3.42858 2742
76 68 988 64 3.81066 8
76 20 984 16 3.82398 0
76 28 984 24 3.86696 0
20 36 928 38 3.7703 12
20 44 930 46 3.74552 42
20 12 926 10 3.44374 12
20 52 930 54 3.7615 42
20 4 536 354 3.19768 10198
20 20 928 22 3.67417 12
20 28 928 30 3.788 12
84 36 992 32 3.86709 0
84 44 994 40 3.80015 8
84 12 990 8 3.81072 0
84 52 994 48 3.81697 8
84 60 994 56 3.81492 8
84 68 996 64 3.81871 8
84 76 996 72 3.55654 126
84 20 992 16 3.83356 0
84 28 992 24 3.87138 0
92 36 1000 32 3.81133 4
92 44 1000 40 3.764 8
92 12 998 8 3.63101 4
92 52 1002 48 3.79923 8
92 60 1002 56 3.78256 16
92 4 1554 638 3.3615 542
92 76 1006 74 3.39961 126
92 28 1000 24 3.81028 4
100 36 1008 30 3.78743 28
100 44 1010 38 3.79584 8
100 12 1456 598 3.26198 5263
100 52 1010 46 3.80277 8
100 60 1010 54 3.77608 8
100 4 350 590 3.16685 3032
100 68 1012 62 3.64861 8
100 76 1018 82 3.35399 28
100 20 1218 672 3.27532 7125
100 28 1008 22 3.78394 28
108 36 1016 30 3.65928 135
108 44 1016 38 3.65665 135
108 12 1224 658 3.09933 11604
108 52 1018 46 3.6552 142
108 60 1314 244 3.27561 14933
108 68 1308 266 3.25629 19218
108 76 1306 274 3.14481 12424
108 20 1214 654 3.26678 10374
108 28 206 0 3.27028 8646
28 36 936 38 3.81879 0
28 44 938 44 3.77921 18
28 12 934 12 3.81976 0
28 52 938 52 3.81042 18
28 60 1678 488 3.37368 403
28 68 1680 496 3.39407 403
28 20 936 20 3.8105 0
28 28 936 28 3.84408 0
