132 36 1224 666 3.41869 60043
132 44 1222 674 3.41664 60043
132 52 1074 290 3.22958 112518
132 68 246 414 3.3634 15089
132 76 902 238 3.59739 108669
132 84 904 244 3.5492 108669
132 92 902 258 3.42048 23582
36 36 28 754 3.92084 1
36 52 58 750 3.49161 95
36 60 970 382 3.41221 5720
36 4 26 726 4.13885 0
36 68 970 390 3.43185 5720
36 76 152 56 3.36472 2074
36 84 158 14 3.4031 6266
36 92 160 22 3.36288 6266
36 100 710 98 3.3806 25867
36 108 714 104 3.35213 25867
36 28 30 746 4.10244 0
44 44 408 0 3.40954 172
44 12 30 730 4.09152 0
44 60 1158 488 3.36344 13784
44 68 770 492 3.34314 644
44 76 66 250 3.32748 1575
44 84 70 256 3.38838 1575
44 92 584 478 3.3416 46556
44 100 426 78 3.34989 330
44 108 178 120 3.30255 73725
44 28 38 746 4.04271 0
12 68 50 768 3.43907 765
12 76 1458 208 3.38925 149343
12 20 22 728 4.14375 0
12 92 252 308 3.38352 81735
12 100 686 94 3.35223 25867
12 108 626 520 3.40271 138037
52 12 42 736 4.1615 0
52 52 470 210 3.34557 285
52 60 426 6 3.2913 299
52 76 1246 294 3.35023 21149
52 84 580 262 3.3571 1176
52 92 58 48 3.34814 6110
52 100 586 278 3.3572 1726
52 108 360 48 3.37183 6972
52 28 42 746 3.97314 0
60 44 858 108 3.35152 256
60 12 50 736 4.14979 0
60 52 978 702 3.38314 145
60 60 982 712 3.41938 145
60 4 46 730 4.14602 0
60 68 1360 78 3.31856 20690
60 76 0 282 3.37947 666
60 84 502 466 3.31522 386
60 92 502 472 3.36076 386
60 108 1680 74 3.39493 73556
60 28 52 750 3.83935 0
4 60 1112 82 3.50844 6298
4 4 18 726 4.04142 2
4 68 166 416 3.49719 1989
4 76 1450 206 3.45822 149343
4 84 1246 662 3.38276 131085
4 92 1248 668 3.42812 131085
4 100 1248 676 3.39048 131085
4 108 262 74 3.33583 54234
4 28 10 734 4.11761 0
68 36 822 202 3.38725 637
68 44 974 24 3.41381 2787
68 52 1118 662 3.43795 1295
68 60 1666 364 3.44467 357
68 68 1646 534 3.38347 11392
68 20 1230 304 3.37027 6012
68 84 18 292 3.33945 15397
68 92 1482 714 3.32443 7763
68 100 22 214 3.31975 7460
68 108 24 224 3.35697 7460
68 28 820 198 3.41086 637
76 36 1416 574 3.40284 1828
76 44 794 422 3.39887 2539
76 12 1106 620 3.41514 37425
76 52 990 706 3.4543 145
76 60 740 216 3.40431 622
76 76 938 364 3.46216 3217
76 20 1456 606 3.40182 1096
76 84 938 372 3.38815 3217
76 92 1374 102 3.31818 1718
76 100 1246 582 3.34966 3296
76 28 828 194 3.43177 637
20 36 34 742 4.03213 1
20 44 22 756 3.89422 2
20 60 72 746 3.37045 702
20 68 104 746 3.33884 282
20 76 958 392 3.38221 16897
20 84 382 46 3.40026 132
20 92 182 54 3.39079 15349
20 100 40 276 3.36359 1575
20 108 636 518 3.36453 138037
84 36 1072 504 3.37099 26368
84 52 998 704 3.47514 145
84 60 702 316 3.43789 322
84 68 690 314 3.42205 454
84 76 944 366 3.39172 3217
84 20 1114 628 3.38886 37425
84 84 924 174 3.43145 7688
84 92 984 124 3.38756 56193
84 100 986 130 3.38415 56193
84 108 982 146 3.38187 1597
84 28 1070 498 3.38752 26368
92 36 1316 518 3.34168 3470
92 12 1052 492 3.32783 25547
92 52 700 310 3.43849 1343
92 60 570 36 3.41409 16220
92 4 1528 530 3.37756 99900
92 76 292 326 3.29831 3723
92 20 1390 500 3.36229 35744
92 100 144 242 3.40531 11436
92 108 146 250 3.43106 11436
92 28 1248 326 3.39832 3595
100 36 1264 342 3.49367 3595
100 12 270 696 3.40617 1468
100 52 594 142 3.3749 292
100 60 926 368 3.38551 1152
100 4 1176 618 3.29718 144731
100 68 1080 482 3.25432 3068
100 76 968 182 3.32662 34366
100 20 1402 498 3.34121 3413
100 84 934 178 3.40728 7688
100 92 932 184 3.38797 14246
100 100 932 192 3.43603 14246
100 108 154 248 3.45742 11436
100 28 1062 510 3.45876 14899
108 36 1270 346 3.47872 3595
108 44 1226 78 3.45019 1932
108 12 1218 656 3.39893 28521
108 52 936 356 3.43312 661
108 60 934 368 3.38054 1152
108 68 1430 520 3.34934 3324
108 76 702 352 3.38725 2534
108 20 1526 530 3.42265 77663
108 84 990 166 3.39436 24242
108 92 1492 256 3.4186 1943
108 100 1314 158 3.35846 156050
108 108 134 270 3.43235 28546
108 28 1274 338 3.43717 3595
28 52 50 760 3.60656 54
28 60 960 386 3.43176 5720
28 68 112 746 3.40765 282
28 76 608 242 3.39598 532
28 84 388 44 3.39804 132
28 92 152 22 3.43153 6266
28 100 846 754 3.38165 45273
28 108 196 78 3.33659 15349
116 36 1540 546 3.41695 77663
116 44 1232 78 3.36048 1932
116 52 946 354 3.39372 661
116 60 940 200 3.47142 2977
116 20 1216 654 3.33344 6985
116 84 712 360 3.4217 2534
116 92 1504 258 3.40278 1943
116 28 1540 538 3.44827 77663
124 52 1002 152 3.24958 31172
124 60 1126 78 3.31129 10945
124 68 838 266 3.51544 305
124 76 838 274 3.4755 305
124 92 892 258 3.52141 23582
124 28 1550 538 3.44261 77663
