36 36 822 590 3.67532 4900
36 44 686 490 3.70195 19
36 12 1396 538 3.61875 2193
36 52 590 616 3.71045 384
36 60 590 624 3.70023 384
36 4 1130 208 3.56808 4931
36 76 1534 190 3.66996 219
36 20 670 366 3.63884 386
36 84 722 562 3.64464 110
36 92 722 568 3.65719 110
36 100 662 516 3.63547 499
36 28 666 376 3.64915 32
36 116 1382 574 3.57046 1169
36 124 1094 288 3.50915 2847
44 36 1118 250 3.64121 51
44 44 594 554 3.62487 195
44 60 794 552 3.64711 0
44 68 660 398 3.6861 2
44 76 792 594 3.71323 0
44 20 1132 216 3.69509 36
44 100 792 618 3.64975 0
44 108 666 516 3.5625 267
44 116 1028 72 3.50035 1737
12 36 664 478 3.71061 1481
12 44 666 484 3.70438 19
12 12 42 736 3.6523 114998
12 52 664 490 3.64177 19
12 60 666 496 3.67552 19
12 68 1514 178 3.69335 594
12 76 1516 184 3.6652 594
12 20 536 354 3.61283 2521
12 92 10 658 3.58958 3549
12 100 722 586 3.68622 0
12 28 530 368 3.5453 1545
12 124 0 592 3.56189 10857
52 36 672 374 3.66557 6
52 44 1214 678 3.63672 7028
52 12 1138 218 3.62251 467
52 52 1186 650 3.62723 256
52 4 1398 532 3.41443 28023
52 68 806 562 3.63266 0
52 20 1138 214 3.71626 36
52 84 800 600 3.67308 0
52 92 798 608 3.72832 0
52 100 802 618 3.69131 0
52 108 692 540 3.59489 197
52 28 1212 658 3.72798 234
52 116 1036 72 3.64455 1737
52 124 32 706 3.35548 2542
60 36 1218 670 3.73146 183
60 44 1130 254 3.67685 51
60 52 1194 648 3.61743 1168
60 60 1194 660 3.60232 256
60 68 584 56 3.60428 1972
60 76 814 594 3.7047 0
60 92 810 606 3.67907 0
60 108 1046 62 3.59068 667
60 28 1216 660 3.76365 183
60 116 1306 272 3.59573 31915
4 12 22 730 3.65056 44945
4 52 4 442 3.72667 312
4 60 1076 264 3.73988 36
4 4 26 726 3.65235 44945
4 68 1074 262 3.7196 36
4 84 678 592 3.64325 365
4 108 70 482 3.30937 16541
4 28 524 366 3.58146 1545
68 36 1224 666 3.74565 183
68 44 866 474 3.70029 46
68 52 1202 646 3.68705 1168
68 60 842 474 3.61631 68
68 76 850 486 3.65703 11
68 84 946 574 3.64031 42
68 100 1308 254 3.67566 21737
68 108 1052 64 3.64427 667
68 116 896 256 3.39299 38824
76 52 1224 662 3.64781 181
76 68 1220 674 3.74231 166
76 76 1314 238 3.51644 5142
76 84 1312 242 3.63954 3321
76 92 1312 256 3.72965 5142
76 100 1312 264 3.71811 5142
20 52 674 494 3.72415 19
20 60 674 498 3.6794 1481
20 4 46 730 3.64236 114998
20 68 1090 272 3.65874 36
20 76 1524 186 3.66108 594
20 20 1102 240 3.56513 158
20 84 18 658 3.63667 1574
20 100 732 584 3.59865 0
20 108 738 606 3.59689 24
20 28 674 474 3.60676 85
20 116 678 618 3.56234 23903
28 36 578 564 3.6449 20
28 12 1122 218 3.57925 467
28 68 584 582 3.64954 266
28 76 736 564 3.69896 0
28 84 738 572 3.62868 0
28 92 710 570 3.67074 110
28 28 590 586 3.6573 67
