36 36 2 418 3.01772 276
36 44 546 394 2.9842 3973
36 52 544 400 3.02794 3973
36 76 1154 72 3.17209 38
36 84 1152 90 3.17925 38
36 100 1154 110 3.11434 52
36 116 934 224 3.08177 34
44 36 1058 518 3.09059 631
44 12 1380 546 3.02466 714
44 52 1504 194 3.15434 1397
44 60 1294 586 3.07703 15730
44 76 1486 158 3.03351 1481
44 84 1412 94 3.05575 726
44 92 1106 106 3.02749 230
44 100 1408 230 3.06339 224
44 108 1408 238 3.09947 224
44 116 226 306 3.07448 765
12 76 1138 76 3.14031 38
12 20 22 728 3.52764 0
12 84 1090 448 3.09955 100
12 100 910 210 3.24349 34
12 116 920 230 3.11427 66
52 36 626 636 3.09869 402
52 52 1514 196 3.09412 1397
52 60 1512 204 3.13022 1397
52 20 798 398 3.11396 48
52 84 290 530 3.04811 959
52 92 1478 194 3.06847 2004
52 100 1418 232 3.07418 385
52 108 1420 242 3.00279 246
52 116 1470 214 2.95533 2468
60 36 634 634 3.09302 402
60 44 642 638 3.03926 260
60 12 808 392 3.12589 48
60 52 1524 198 3.08206 1397
60 60 900 490 3.0487 350
60 4 1212 658 3.05467 3280
60 68 1522 214 3.05938 4961
60 76 1046 458 2.97461 2486
60 84 898 506 3.01053 531
60 92 1422 222 3.023 385
60 100 1424 230 3.0786 385
60 108 1428 246 3.05184 246
60 28 808 406 3.09325 48
60 116 888 264 3.01582 499
4 76 326 500 2.97718 5828
4 84 1110 80 3.18652 65
4 92 1682 526 3.09847 1029
4 108 950 350 3.16381 59
4 28 10 734 3.5015 0
68 36 1094 614 3.04385 157
68 44 1532 186 3.03842 2813
68 12 1220 662 3.07424 446
68 52 614 586 3.0294 1532
68 60 1556 190 2.99155 2040
68 68 1062 494 2.96569 1394
68 76 1062 502 2.99911 1394
68 20 820 398 3.09142 263
68 92 1308 256 3.00047 1950
68 28 816 400 3.123 48
76 36 824 408 3.12634 48
76 44 1104 624 3.10834 157
76 52 1098 632 3.01457 304
76 60 1650 198 2.95019 5645
76 68 1316 234 3.041 9383
76 76 1308 254 3.02901 22673
76 84 892 250 3.09645 19307
76 92 892 258 3.10129 19307
76 28 826 402 3.17023 48
20 76 1462 216 3.12384 71
20 84 1134 86 3.20656 101
20 92 918 204 3.24784 34
20 100 918 210 3.22223 34
84 44 1224 666 3.06832 4468
84 52 864 472 3.09302 18194
84 68 1314 244 3.05728 27798
84 76 906 236 3.08258 9639
84 84 900 254 3.04828 19307
28 36 52 728 3.13743 12
28 12 30 726 3.48022 0
28 52 52 738 3.11621 22
28 60 1250 76 3.12885 634
28 68 1148 66 3.21276 38
28 76 1148 74 3.19077 38
28 20 42 730 3.46395 0
28 84 1142 86 3.2813 38
28 92 1144 96 3.3044 38
28 100 1142 108 3.11916 52
28 108 972 344 3.02184 59
28 28 40 736 3.45268 0
28 116 926 222 3.05473 34
