36 36 48 750 3.7492 1756
36 44 936 90 3.70212 33
36 12 30 730 4.02561 788
36 52 938 98 3.67144 33
36 60 786 538 3.62333 2850
36 68 750 592 3.62064 1164
36 84 774 628 3.74905 113
36 92 1240 648 3.63545 33331
44 44 526 376 3.77163 19
44 52 530 382 3.74566 19
44 60 848 152 3.65017 151
44 4 46 726 3.97791 1860
44 68 948 90 3.66214 62
44 76 630 458 3.64968 44
44 84 626 466 3.62219 44
44 92 1248 648 3.62423 33331
12 44 38 744 3.98695 356
12 76 1670 494 3.5428 69257
52 36 626 394 3.67059 106
52 44 538 376 3.7237 19
52 52 534 384 3.72281 19
52 60 974 68 3.6633 52
52 68 638 418 3.66148 133
52 76 638 460 3.65367 44
52 84 636 466 3.67078 44
52 28 754 372 3.68941 76
60 36 634 396 3.66194 106
60 44 1226 706 3.6813 144
60 12 52 738 3.83571 0
60 52 648 432 3.6826 44
60 68 870 164 3.67042 230
60 84 790 626 3.61405 495
60 28 892 50 3.63062 253
4 44 30 744 3.99871 356
4 60 40 764 3.63823 252
4 68 1230 642 3.56642 113800
4 20 10 734 4.03727 80
68 36 416 144 3.64468 303
68 44 652 398 3.71519 133
68 52 658 430 3.67357 44
68 68 658 418 3.64752 133
68 76 774 422 3.59997 76
68 84 942 120 3.59708 33
68 92 846 238 3.55239 6591
68 28 898 52 3.6544 253
76 36 878 154 3.68049 24
76 44 878 166 3.65505 24
76 52 862 618 3.67041 208
76 60 742 424 3.65332 117
76 4 338 594 3.68392 25941
76 68 746 530 3.62914 7746
76 20 782 262 3.60915 192
76 28 906 50 3.64736 253
20 44 24 756 3.92312 788
20 52 34 754 3.62894 6836
20 4 22 728 4.09323 80
20 68 1572 614 3.64066 375
20 76 1656 766 3.7284 1479
84 36 886 154 3.66429 24
84 44 818 488 3.66082 422
84 12 344 600 3.62718 56782
84 52 884 176 3.66649 24
84 60 984 690 3.63546 311
84 4 346 594 3.68874 25941
84 68 1032 64 3.67221 14381
84 76 1034 74 3.69723 14381
84 20 664 408 3.67199 129
84 84 890 262 3.53385 6064
84 28 890 150 3.67533 24
92 36 582 378 3.6263 9
92 44 988 54 3.64128 62
92 60 898 158 3.67722 212
92 4 346 590 3.6563 97094
92 68 1042 66 3.7124 14381
92 20 760 370 3.62618 1
92 28 582 372 3.61435 9
100 36 998 50 3.66424 62
100 44 556 384 3.6342 70
100 12 1512 632 3.62665 4191
100 52 556 394 3.63951 70
100 60 904 158 3.72551 212
100 68 1040 74 3.68324 752
100 20 1554 646 3.62197 1078
100 28 588 374 3.61883 9
108 36 1562 660 3.56828 1078
108 52 876 190 3.59087 1254
108 60 906 236 3.51307 9317
108 20 1562 648 3.65225 1078
28 44 40 758 3.79792 13
28 52 930 94 3.64277 33
28 60 738 586 3.63816 666
28 4 30 726 4.07827 80
28 68 740 594 3.62547 1164
28 76 768 622 3.73482 113
28 20 46 728 4.01981 356
28 84 766 628 3.75452 113
28 28 46 736 4.03993 356
116 60 898 256 3.46353 4436
116 20 360 600 3.53006 62890
