36 36 1704 190 3.24115 4
36 44 136 542 3.22257 404
36 12 678 578 3.18264 64
36 52 1704 202 3.21033 4
36 60 1702 200 3.10193 12
36 4 1362 400 3.16237 16694
36 20 682 586 3.21845 64
36 28 138 532 3.19926 119
44 44 146 538 3.15536 404
44 12 1250 606 3.17996 753
44 52 144 548 3.13349 404
44 60 1116 544 3.00319 3356
44 4 1384 584 3.20486 4028
44 28 144 530 3.17349 119
12 36 968 368 3.16468 102
12 44 1688 192 3.17671 4
12 12 970 464 3.04913 1874
12 52 1688 202 3.10062 4
12 4 1688 126 3.05167 2227
12 20 1526 138 3.13182 4224
12 28 1526 148 3.11807 4224
52 36 160 534 3.10852 119
52 44 462 464 3.08151 368
52 52 156 542 3.1193 404
52 4 342 0 3.19366 3344
52 20 1326 496 3.04555 1926
52 28 16 576 3.09525 690
60 36 1118 246 3.12895 79
60 44 468 462 3.07368 368
60 12 208 496 3.179 108
60 52 78 448 3.06251 219
60 60 926 330 3.10454 145695
60 4 350 0 3.17948 3344
60 20 210 504 3.14577 108
60 28 242 554 3.05563 833
4 36 1222 632 3.12861 2665
4 12 1516 134 3.12132 3392
4 4 1678 126 3.09807 2227
4 20 1518 140 3.05503 4224
4 28 960 358 3.14604 102
68 44 1130 250 3.13801 2088
68 12 210 494 3.1373 30
68 52 1094 44 3.11848 14795
68 60 1094 50 3.11007 14795
68 20 216 502 3.15954 108
68 28 218 510 3.15339 30
76 36 1138 240 3.14566 28
76 44 1136 254 3.11259 2088
76 12 454 410 3.17536 8
76 52 1102 44 3.13912 14795
76 4 358 0 3.18926 3344
76 28 222 512 3.17641 30
20 36 982 494 3.12046 1874
20 44 1690 188 3.06627 7
20 12 674 574 3.15556 64
20 28 980 486 3.11739 1874
84 44 1492 180 3.04501 1937
84 12 458 408 3.41356 0
84 52 1056 64 3.02952 3471
84 4 1378 398 3.15662 6716
84 20 460 418 3.39951 0
92 36 464 440 3.34128 0
92 12 466 406 3.38985 0
92 20 466 414 3.38263 0
92 28 462 434 3.29716 0
100 36 470 438 3.19072 0
100 44 1062 578 3.06502 3324
100 52 10 726 3.22206 7638
100 60 10 734 3.26679 7638
100 4 10 738 2.80568 323345
100 20 474 422 3.1782 0
108 36 478 436 3.29436 0
108 44 894 348 2.98885 7042
108 12 1378 400 3.25822 5
108 52 22 726 3.27758 7638
108 60 22 730 3.2814 7638
108 20 1374 406 3.23263 5
108 28 478 426 3.29426 0
28 36 1698 186 3.2116 4
28 44 1246 330 3.16286 159
28 12 1238 604 3.10854 1778
28 52 2 682 3.0085 359
28 60 1018 302 2.99483 4955
28 28 1698 182 3.21973 4
