36 12 328 612 3.18097 138
36 52 374 668 3.6665 10
36 60 376 384 3.63852 29
36 20 534 698 3.25469 137
36 84 388 400 3.47859 188
36 92 566 750 3.50321 2
36 100 568 758 3.48427 2
36 108 1558 74 3.20133 21825
36 28 310 634 3.54445 0
44 76 374 400 3.56245 1312
44 84 1198 36 3.38672 1943
44 100 1310 474 3.30625 161
44 108 1564 78 3.22971 21825
44 28 1488 422 3.28103 189
12 36 284 632 3.53795 19
12 12 294 610 3.35874 47
12 52 358 666 3.63592 35
12 60 362 672 3.66519 10
12 68 364 670 3.66498 4
12 76 358 390 3.6571 29
12 20 290 616 3.40833 13
12 84 358 682 3.67199 4
12 92 256 680 3.47429 43
12 100 258 690 3.4983 43
12 108 256 696 3.2996 100
12 28 290 624 3.53476 0
52 60 380 664 3.64986 94
52 68 386 670 3.64014 97
52 20 10 738 3.20257 150901
52 84 1202 38 3.39636 1943
52 100 854 366 3.1465 256
52 28 536 694 3.20479 239
60 36 1258 206 3.26486 3359
60 44 1246 200 3.2966 11443
60 4 22 728 3.28003 150901
60 92 400 398 3.24927 932
60 28 1514 294 2.98903 1934
4 36 318 546 3.34862 912
4 12 1074 234 3.21469 9099
4 52 318 558 3.49932 819
4 60 318 560 3.46173 200
4 4 170 398 3.2259 30014
4 68 422 386 3.39887 2304
4 76 1192 498 3.36553 2764
4 100 1288 478 3.37924 126
4 108 80 506 3.22124 5026
20 36 292 634 3.55149 19
20 44 368 654 3.62487 10
20 12 302 612 3.32808 47
20 76 368 674 3.66563 4
20 92 1302 468 3.52928 56
20 100 264 688 3.47236 43
28 36 298 638 3.54789 0
28 12 528 694 3.20406 208
28 52 366 386 3.6562 44
28 76 366 398 3.65707 44
28 20 306 624 3.33881 321
28 100 566 758 3.45931 11
28 108 272 704 3.28399 100
28 28 302 630 3.57055 0
