36 36 1282 294 3.2469 5
36 44 908 470 3.3102 50
36 12 1536 560 3.14034 213
36 60 206 480 3.37944 19
36 68 204 488 3.36843 19
36 20 1192 526 3.1531 131
36 100 1218 470 3.3121 0
36 108 1222 476 3.21993 18
36 28 296 542 3.18869 74
44 44 1280 310 3.2227 26
44 60 210 482 3.34898 19
44 68 210 490 3.38496 19
44 92 1228 462 3.35557 0
44 108 1230 478 3.13896 18
12 36 1218 116 3.35811 1763
12 44 1218 126 3.33797 1763
12 52 1218 130 3.27224 653
12 60 70 450 3.33273 4675
12 4 1514 558 3.08799 966
12 68 70 458 3.29956 4675
12 92 82 478 3.26855 1176
12 100 82 486 3.22349 1176
52 52 1288 322 3.28175 5
52 68 908 478 3.32771 269
52 76 226 490 3.37877 19
52 92 1234 462 3.4138 0
52 100 1230 470 3.37495 0
60 36 10 738 3.11346 91
60 60 872 454 3.20423 89
60 76 864 452 3.32886 197
60 84 866 460 3.34989 197
60 92 1238 464 3.32612 0
60 100 1238 472 3.37951 0
60 28 10 734 3.40462 9
4 36 1206 118 3.30905 1763
4 44 1206 122 3.37034 1763
4 60 1252 326 3.31503 5
4 4 1134 90 3.12328 204
4 68 76 502 3.23754 22080
4 92 74 478 3.28153 1176
4 100 72 482 3.23905 1176
4 108 70 480 2.88201 6147
4 28 1256 322 3.23112 651
68 52 1224 666 3.15004 2777
68 60 1222 672 3.186 2777
68 20 22 728 3.43059 9
68 84 1158 224 3.15776 111
68 92 1322 162 3.14852 1380
20 36 202 478 3.28428 1080
20 52 1586 374 3.23152 87
20 4 1526 556 3.16841 2180
20 76 1694 558 3.1821 6980
20 92 1254 336 3.22326 26
20 100 1394 262 3.04719 1937
28 36 1270 296 3.25259 5
28 44 898 470 3.34073 50
28 60 1278 326 3.32949 6
28 4 1512 294 3.07827 319
28 68 1280 338 3.23525 23
28 92 1260 336 3.22189 57
28 100 726 594 3.14758 228
28 108 208 248 2.98766 187
