36 36 530 368 3.28138 100
36 44 742 382 3.17316 196
36 12 30 730 3.50724 20
36 52 1000 30 3.1849 232
36 60 576 108 3.13428 1015
36 68 1226 714 3.16459 2512
36 76 666 480 3.17363 632
36 84 324 190 3.181 327
36 92 634 406 3.1638 122
36 100 532 90 3.11655 163
36 108 1242 634 3.06377 272
36 116 1242 644 3.18193 272
44 52 1586 742 3.16132 215
44 60 1586 750 3.18985 215
44 68 958 46 3.13579 168
44 76 1010 54 3.1448 127
44 84 638 448 3.16772 129
44 92 656 424 3.14651 103
44 108 1330 772 3.20932 430
44 28 754 366 3.16189 119
12 92 1226 630 3.20656 188
12 100 1228 638 3.22294 188
12 108 66 458 3.10183 2803
52 36 720 506 3.15103 848
52 44 1026 10 3.1388 343
52 52 822 574 3.17206 509
52 60 674 520 3.17124 8065
52 68 554 38 3.19602 427
52 76 858 650 3.16579 1744
52 84 650 404 3.15443 122
52 92 664 424 3.13454 103
52 100 1334 766 3.2343 430
52 28 750 378 3.14918 3951
52 116 1078 76 3.19564 14808
60 36 710 462 3.19354 174
60 44 708 474 3.18675 174
60 52 1486 666 3.1754 8133
60 60 798 464 3.19159 680
60 68 726 526 3.22621 584
60 76 798 546 3.18373 205
60 92 640 452 3.156 130
60 100 696 216 3.135 1194
60 28 1650 674 3.20044 333
60 116 1088 76 3.21868 14808
4 36 10 734 3.51703 0
4 52 14 756 3.3609 18
4 60 0 772 3.25644 54
4 68 1074 254 3.14236 16171
4 76 1222 622 3.19189 30533
4 84 66 448 3.2195 31752
68 36 568 366 3.18945 158
68 44 714 474 3.18453 174
68 12 572 340 3.07337 13140
68 60 1070 742 3.20001 281
68 4 1696 514 3.04243 185381
68 68 578 50 3.22558 163
68 76 1070 758 3.20511 281
68 20 574 348 3.15949 855
68 84 1070 764 3.18409 281
68 92 944 72 3.13694 217
68 28 568 354 3.18948 158
68 116 1090 80 3.06353 43211
76 36 798 382 3.20113 161
76 44 562 38 3.19423 233
76 52 726 492 3.19958 739
76 60 724 498 3.1972 174
76 68 1352 736 3.19524 430
76 76 1048 44 3.19661 792
76 20 580 346 3.18313 855
76 84 584 388 3.21415 170
76 92 1108 34 3.14885 176
76 108 1104 46 3.22963 176
76 28 578 354 3.21923 158
20 36 42 738 3.52642 12
20 60 550 376 3.12075 1198
20 4 22 728 3.5705 18
20 76 972 678 3.11874 2333
20 84 714 436 3.12845 857
20 92 1234 630 3.1204 188
20 100 1234 636 3.20423 188
20 116 1670 496 3.08467 143615
84 36 578 100 3.19198 373
84 44 890 22 3.17695 393
84 52 818 450 3.21384 289
84 60 1086 736 3.18507 281
84 68 1088 744 3.13881 281
84 20 586 342 3.21676 181
84 84 818 490 3.19052 680
84 92 1116 30 3.14017 176
84 100 1112 40 3.2361 176
84 108 1110 48 3.07999 176
84 28 814 368 3.18113 119
92 60 830 464 3.25624 131
92 68 1598 694 3.12643 4883
92 84 820 418 3.18632 119
100 44 1222 666 3.26981 320
100 52 838 456 3.2909 131
100 60 840 466 3.26888 131
100 76 1208 674 3.18773 5814
100 84 130 668 3.08899 16035
100 92 1086 72 3.19165 2101
108 60 1220 662 3.27058 5814
108 76 862 506 3.13367 7095
108 92 1040 74 3.14535 17898
28 36 40 744 3.49607 0
28 60 808 642 3.16185 376
28 68 642 402 3.14727 1219
28 76 1216 726 3.17656 2512
28 84 962 64 3.14941 198
28 92 636 424 3.12448 118
28 100 524 290 3.08257 963
28 108 212 216 3.09152 3455
28 28 46 734 3.52761 12
28 116 1238 646 3.19144 272
