36 36 254 440 3.26709 6
36 44 1050 478 3.05095 612
36 12 892 290 3.21698 280
36 52 1046 424 3.03293 1449
36 60 1300 226 3.04124 597
36 4 892 278 3.25232 280
36 68 2 458 3.04768 7470
36 20 1574 118 3.24658 6253
36 84 450 486 3.10828 147
36 92 1082 294 3.04941 57
36 100 890 256 3.15607 846
44 36 62 490 3.20438 2
44 44 1186 604 3.0801 617
44 52 1058 434 3.08699 1449
44 60 1056 448 3.03914 2399
44 4 904 274 3.22728 924
44 68 824 250 3.07741 449
44 76 1278 256 3.09046 1150
44 20 490 462 3.20772 41
44 84 1282 264 3.10896 1150
44 28 62 480 3.30615 2
12 68 844 370 3.21078 236
12 76 846 380 3.25979 16
12 84 848 398 3.32641 92
12 92 850 408 3.33379 92
12 100 154 394 3.18235 190
12 108 674 574 3.10626 182872
52 52 746 710 3.06746 972
52 60 830 242 3.07183 850
52 4 914 272 3.26563 924
52 76 832 254 3.07776 997
52 20 496 464 3.14446 41
52 84 890 254 3.2121 32
52 28 894 268 3.17642 114
60 36 1190 596 3.10392 46
60 12 1032 482 3.15332 68
60 52 1194 614 3.08256 46
60 60 1308 252 3.10755 373
60 4 238 392 3.12611 1284
60 68 1310 258 3.22069 373
60 76 898 248 3.20175 32
60 20 494 548 3.155 59
60 84 898 256 3.1554 32
60 100 26 726 3.34926 1949
60 28 1200 190 3.1269 14
4 68 40 444 3.20192 2695
4 76 144 312 3.29524 722
4 20 34 726 3.33257 25
4 84 144 320 3.30067 722
4 100 1398 254 3.10682 21056
4 108 1398 262 3.09049 21056
68 36 1022 476 3.05605 4000
68 44 1316 238 3.02243 373
68 12 500 540 3.16859 59
68 52 906 230 3.14271 1151
68 60 1316 254 3.19667 373
68 4 1176 642 3.07601 59340
68 20 216 432 3.16163 113
68 100 22 728 3.36845 564
68 28 1680 210 3.11384 1744
20 36 1564 126 3.23124 105
20 12 42 736 3.17955 9551
20 52 856 364 3.1341 5302
20 68 856 378 3.31805 92
20 76 856 392 3.33106 0
20 20 1510 134 3.13848 238
20 84 856 400 3.34734 92
20 92 856 410 3.35567 92
28 36 1570 130 3.28198 71
28 12 882 288 3.25175 280
28 4 886 278 3.15012 280
28 68 866 394 3.12151 3051
28 20 456 510 3.1667 3338
28 100 1070 306 3.10801 57
