36 44 1322 590 3.16319 311
36 12 1526 536 3.11841 46
36 52 128 214 3.13615 419
36 60 1406 702 3.2033 13
36 4 1326 574 3.21911 914
36 68 1510 208 3.20006 539
36 20 1130 576 3.18616 0
36 84 1138 562 3.23932 3
44 36 1570 396 3.18513 6
44 12 1338 582 3.08883 914
44 52 998 206 3.07471 739
44 60 1154 608 3.18751 26
44 4 1336 574 3.16694 914
44 68 1142 546 3.18717 2
44 76 1142 558 3.19676 3
44 20 1138 576 3.21357 0
44 84 1146 562 3.23504 3
44 92 1126 620 3.05069 242
12 36 558 334 3.22969 35
12 44 1440 434 3.17493 7
12 12 1510 536 3.30298 46
12 52 66 456 3.10876 1336
12 4 1510 528 3.23094 46
12 76 26 726 3.31385 14918
12 20 274 694 3.10894 2673
12 28 562 328 3.19961 35
52 36 1576 396 3.22751 6
52 44 182 708 3.11416 119
52 12 1330 580 3.16777 2558
52 60 1162 532 3.19346 2
52 4 1400 584 3.15771 1063
52 68 1464 700 3.15737 74
52 76 1518 208 3.18595 539
52 20 1660 402 3.19567 58
52 84 1520 218 3.18924 539
52 92 906 230 3.0273 4828
52 28 1146 580 3.20206 11
60 36 1586 392 3.15941 6
60 44 1334 586 3.2455 895
60 12 1194 636 3.19552 1364
60 52 1334 596 3.23093 895
60 60 580 322 3.15983 3642
60 4 360 596 3.08584 131
60 68 240 266 3.12318 215
60 76 1158 554 3.14532 2
60 20 1290 618 3.17135 404
60 84 46 562 3.06068 3359
60 92 912 232 2.98745 4828
60 28 1590 382 3.19584 6
4 4 160 712 3.03689 52124
4 20 1220 618 3.20008 1525
4 92 22 728 3.31671 17357
4 28 1220 626 3.26944 180
68 36 1594 390 3.09839 6
68 44 1342 586 3.25439 895
68 12 1200 634 3.17942 4800
68 52 1338 594 3.25377 895
68 60 586 326 3.14182 3642
68 68 194 260 3.04955 708
68 20 364 606 3.18159 131
68 84 1038 220 3.05186 18054
68 92 902 258 2.88825 94459
68 28 1594 382 3.1774 6
20 36 568 338 3.17257 35
20 44 1448 434 3.19146 7
20 12 1518 536 3.18556 46
20 60 1214 602 3.09212 289
20 4 1516 526 3.3112 46
20 68 1216 614 3.12326 289
20 20 1452 400 3.19187 8
20 28 568 326 3.19522 35
28 36 1166 554 3.1846 987
28 44 1458 434 3.1836 7
28 12 1462 390 3.15194 8
28 52 774 666 3.0786 2379
28 60 1504 202 3.20395 539
28 4 1456 380 3.22987 8
28 68 1502 210 3.16303 539
28 20 1458 400 3.23442 8
28 28 1458 408 3.11775 7
