36 12 998 364 3.83632 16
36 20 998 372 3.83626 16
36 28 996 380 3.65313 16
44 36 1004 388 3.6987 8
44 44 1622 480 3.271 3721
44 12 1006 364 3.88789 8
44 4 1446 418 3.35734 439
44 20 1006 374 3.89124 8
44 28 1004 380 3.82477 8
12 36 28 726 3.35941 13299
12 44 26 730 3.34087 13299
12 12 974 362 3.60444 66
12 20 972 372 3.53029 66
12 28 970 378 3.2798 66
52 36 1012 390 3.85229 20
52 44 1632 480 3.27013 3721
52 12 1014 366 3.89224 8
52 4 674 726 3.35193 328
52 20 1014 374 3.89486 8
52 28 1014 382 3.87397 20
60 36 1020 390 3.87494 8
60 44 1020 398 3.55594 93
60 12 1022 366 3.89461 8
60 4 1474 418 3.33515 329
60 20 1022 374 3.89647 8
60 28 1020 382 3.87723 8
4 36 22 726 3.3567 13299
4 44 22 730 3.36055 13299
4 12 966 364 3.29218 123
4 4 1680 130 3.2032 65426
4 28 12 722 3.09625 2699
68 36 1028 390 3.85732 8
68 44 1028 398 3.66039 93
68 12 1030 368 3.89373 8
68 4 622 718 3.29785 282
68 28 1030 382 3.84895 8
76 36 1036 392 3.85745 0
76 12 1038 368 3.89982 0
76 20 1038 376 3.89566 0
76 28 1036 384 3.86193 0
20 12 982 362 3.74389 38
20 4 186 606 3.22728 364
20 20 982 370 3.72023 38
20 28 976 378 3.62087 38
84 36 1044 392 3.88009 0
84 44 1044 400 3.61498 93
84 12 1046 368 3.9024 0
84 20 1046 376 3.90278 0
84 28 1044 384 3.87711 0
92 36 1052 392 3.87744 16
92 44 1052 402 3.29983 88
92 12 1054 368 3.87978 0
92 20 1054 376 3.88004 0
92 28 1052 384 3.87417 16
100 36 1062 394 3.81537 0
100 44 1060 402 3.22203 74
100 12 1062 370 3.86839 0
100 4 1088 386 3.33704 396
100 20 1060 378 3.8673 0
100 28 1062 386 3.83555 0
108 36 1074 398 3.50489 20
108 12 1070 372 3.75945 20
108 4 1582 354 3.33813 2464
108 20 1070 378 3.71636 20
108 28 1072 390 3.49225 20
28 36 982 384 3.56385 38
28 12 990 364 3.81448 22
28 4 1198 4 3.22601 3392
28 20 990 372 3.81737 22
28 28 990 380 3.64838 22
