132 44 1222 666 3.50491 87571
132 60 472 466 3.42387 130447
132 76 52 446 3.61761 10560
132 84 54 454 3.63034 10560
36 140 1202 360 3.35625 14663
36 52 50 754 3.81274 67
36 60 844 430 3.84324 51
36 84 850 430 3.88423 13
44 44 32 752 3.79911 2
44 60 850 434 3.91611 51
44 68 852 440 3.89078 51
44 84 968 490 3.77192 77
44 100 844 464 3.86118 13
12 20 22 728 4.14089 0
12 108 1398 248 3.55559 425
12 116 1398 258 3.56637 425
12 124 1398 264 3.39911 425
52 140 626 540 3.49553 3254
52 60 862 430 3.8338 51
52 68 862 438 3.80394 51
52 92 854 456 3.82335 18
52 108 854 478 3.90719 9
52 28 42 738 4.16501 0
52 116 846 472 3.87384 17
52 124 846 480 3.86192 17
60 140 634 540 3.55577 3254
60 36 50 746 3.76662 3
60 12 46 726 4.0663 3
60 68 880 398 3.54365 30
60 20 46 734 4.17074 0
60 84 868 460 3.80649 9
60 92 860 450 3.93655 18
60 100 864 470 3.97143 9
60 108 864 478 3.93978 9
60 28 48 740 4.08475 0
60 116 858 480 3.82904 18
60 124 872 486 3.88724 9
4 92 1012 298 3.42219 1354
4 100 1222 626 3.4544 54911
4 28 10 734 4.11475 0
68 140 1058 580 3.42618 17957
68 44 816 60 3.5094 1018
68 52 888 384 3.49534 142
68 76 882 410 3.61907 15
68 84 876 458 3.65822 997
68 92 866 446 3.84056 18
68 100 870 454 3.83712 18
68 116 868 480 3.94829 18
76 140 550 440 3.4502 2857
76 52 896 384 3.49757 142
76 68 1022 478 3.5169 244
76 76 906 414 3.53804 75
76 100 878 476 3.81377 8
76 124 880 492 3.86222 9
20 68 46 762 3.72654 82
84 140 586 312 3.41517 1735
84 36 90 760 3.47724 37
84 52 1242 294 3.49639 1137
84 76 6 74 3.49415 837
84 20 96 746 3.5529 32
84 100 882 464 3.68615 11
84 108 1006 502 3.63364 77
84 28 94 754 3.63734 32
84 116 880 478 3.73006 11
84 124 882 486 3.78863 11
92 140 592 312 3.39353 2613
92 36 1222 726 3.47125 1229
92 44 1056 482 3.53227 424
92 12 96 726 3.55653 32
92 52 1054 486 3.53715 424
92 60 86 772 3.53791 20
92 68 1058 502 3.466 424
92 76 16 74 3.5003 837
92 20 104 746 3.51465 32
92 84 1022 470 3.53723 179
92 92 1032 478 3.53837 161
92 108 1102 528 3.55854 1577
92 28 102 754 3.5215 32
92 116 304 530 3.63001 2641
92 124 306 542 3.49613 2641
100 140 88 198 3.36005 65525
100 36 1266 288 3.4624 4045
100 44 916 360 3.55428 142
100 12 1206 664 3.33473 107516
100 52 1062 488 3.55717 424
100 60 1262 306 3.48554 1137
100 76 1030 472 3.53248 161
100 20 1032 462 3.38716 1950
100 84 1034 470 3.49329 154
100 92 1008 362 3.55324 1936
100 100 142 530 3.57782 6001
100 28 590 214 3.4155 459
100 116 1042 518 3.45595 277
108 132 468 502 3.4133 3118
108 140 890 256 3.43842 47973
108 36 396 46 3.43345 6123
108 44 922 362 3.51871 142
108 52 1066 488 3.55123 746
108 60 1272 304 3.56958 1137
108 4 1216 656 3.47811 107516
108 20 1040 458 3.35227 1950
108 84 1042 472 3.47333 161
108 92 150 526 3.55921 6001
108 100 148 530 3.5682 6001
108 108 314 490 3.45129 4152
108 28 518 12 3.40205 1733
108 124 1066 298 3.50194 3717
28 132 1404 262 3.51948 1599
28 12 30 726 4.09348 0
28 60 834 434 3.82848 51
28 68 834 442 3.88978 51
28 76 838 458 3.87477 51
28 84 842 434 3.88288 13
28 92 846 452 3.86991 9
116 132 1074 310 3.46302 3717
116 140 898 256 3.37432 47973
116 36 1690 680 3.41168 1098
116 44 722 544 3.42354 733
116 12 1224 664 3.40068 131481
116 52 1072 486 3.50713 746
116 60 1284 312 3.52546 4045
116 76 1346 120 3.4699 26578
116 84 406 256 3.38235 1232
116 92 1030 362 3.49106 1936
116 100 1298 210 3.49214 1157
116 108 1112 286 3.38626 3575
116 28 530 14 3.42089 1733
116 124 1074 302 3.52074 3717
124 44 1478 628 3.39175 16494
124 52 462 462 3.46414 130447
124 60 462 466 3.51619 130447
124 68 456 484 3.55086 132340
124 76 44 446 3.60903 10560
124 84 44 450 3.60136 10560
124 92 1574 112 3.55167 21963
124 100 48 466 3.55386 10560
124 108 394 504 3.3901 17030
124 124 1498 278 3.39379 976
