36 44 1674 752 3.14645 453
36 12 204 608 3.24251 15979
36 60 866 692 3.09441 2116
36 68 870 700 3.18501 2116
36 20 1496 746 3.15565 57
36 28 870 574 3.1957 34
44 36 876 586 3.17797 107
44 12 1272 632 3.22244 1786
44 52 684 186 3.1372 13652
44 60 682 198 3.18105 13652
44 4 758 360 3.30643 388
44 68 960 606 3.08544 7634
44 76 202 200 3.16725 49840
44 20 286 616 3.15252 1868
44 28 876 576 3.18774 107
12 36 1466 762 3.17528 57
12 44 1662 764 3.19873 1943
12 12 906 278 3.31469 22940
12 52 1654 766 3.21965 453
12 4 906 270 3.25804 22940
12 68 28 726 3.30394 181095
12 76 26 730 3.28005 181095
12 28 1464 754 3.18534 57
52 36 882 586 3.27158 34
52 44 894 650 3.22063 94
52 12 1282 630 3.23876 1786
52 52 894 658 3.24555 94
52 4 782 364 3.31543 1
52 68 726 428 3.21387 208
52 76 1674 748 3.24004 169
52 20 770 386 3.27903 0
52 28 882 574 3.29362 34
60 36 890 586 3.2703 34
60 44 902 650 3.24205 94
60 12 786 370 3.36175 39
60 52 900 660 3.2546 94
60 4 786 364 3.37938 39
60 68 824 256 3.25798 3
60 20 782 388 3.31084 0
60 28 890 574 3.29817 34
4 36 1400 302 3.2542 6
4 12 1398 272 3.24226 6
4 60 12 722 3.05541 44706
4 68 22 726 3.29588 181095
4 76 22 730 3.29973 181095
4 20 882 296 3.20044 90484
68 36 786 412 3.31196 2
68 44 784 418 3.22919 1
68 12 792 372 3.40974 1
68 52 1298 250 3.19931 5781
68 68 1696 758 3.24892 207
68 76 1694 744 3.18128 422
76 36 792 412 3.27382 2
76 44 1696 730 3.21754 426
76 12 796 378 3.29916 0
76 52 834 250 3.27984 3
76 60 1310 254 3.27206 7
76 4 798 366 3.39609 1
76 68 1308 262 3.29782 7
76 76 1308 264 3.27989 115
76 20 796 386 3.26096 0
76 28 790 406 3.29209 2
20 36 1412 304 3.19294 6
20 44 1654 754 3.16143 1725
20 12 1408 272 3.28797 6
20 52 1664 766 3.22417 453
20 60 1662 772 3.25354 453
20 4 190 390 3.27161 848
20 20 1410 280 3.23911 6
20 28 1414 294 3.16915 6
84 44 846 242 3.31472 3
84 12 888 526 3.18728 4728
84 60 1316 254 3.3102 7
84 4 1616 552 3.27138 10552
84 68 1314 264 3.25486 7
28 36 854 592 3.12697 107
28 44 742 410 3.12683 16
28 12 1416 272 3.31059 6
28 60 862 694 3.17985 2116
28 4 194 390 3.31394 848
28 68 860 698 3.13651 2116
28 20 1416 280 3.25908 6
28 28 1418 294 3.17492 6
