36 12 910 272 3.34267 23
36 76 708 556 3.18745 76
36 20 906 282 3.22697 42494
36 84 656 510 3.26385 279
44 36 576 386 3.11431 2831
44 12 914 274 3.32742 23
44 52 638 462 3.12517 185
44 60 720 142 3.10156 2187
44 4 916 266 3.31581 23
44 68 632 470 3.13832 206
44 76 690 530 3.14345 78
44 20 920 282 3.19314 108
44 84 664 510 3.18997 279
44 92 666 520 3.25988 279
12 12 26 730 3.47215 0
12 52 136 584 3.22342 75723
12 60 1228 640 3.1554 3508
12 4 28 726 3.49572 0
12 20 34 744 3.4193 0
52 44 872 72 3.08982 245
52 12 926 274 3.23397 66
52 60 1616 726 3.12993 226
52 4 922 268 3.31198 66
52 68 1480 652 3.1816 375
52 76 1606 736 3.12596 226
52 84 680 518 3.12363 89
52 92 1490 670 3.14534 375
60 44 1622 616 3.14707 6898
60 52 710 508 3.11662 45
60 60 922 590 3.14084 367
60 68 704 516 3.1563 78
60 76 1486 662 3.15641 375
60 92 1496 670 3.14213 375
60 28 1688 686 3.09167 1206
4 44 1224 630 3.19014 13380
4 12 22 730 3.4915 0
4 52 130 586 3.19779 75723
4 4 22 726 3.48766 0
4 20 26 746 3.38408 0
68 36 678 478 3.16818 512
68 44 678 486 3.1701 512
68 12 1202 662 3.21728 25
68 52 1666 734 3.13965 625
68 60 918 574 3.16598 80
68 4 1206 652 3.25948 25
68 68 800 458 3.18551 31
68 76 798 468 3.19592 31
68 20 1198 668 3.13798 79
68 108 846 226 3.06082 878
68 28 878 632 3.14525 522
76 36 490 148 3.13267 561
76 44 712 510 3.13295 39
76 12 1212 658 3.26969 25
76 52 1672 730 3.14091 625
76 60 968 648 3.1397 125
76 4 1212 650 3.23993 25
76 68 808 462 3.18599 31
76 76 806 468 3.18889 31
76 20 860 506 3.1525 861
76 84 710 546 3.15629 150
76 92 1288 638 3.12448 247
76 100 1288 646 3.15863 247
76 108 888 256 3.18177 142
76 28 884 630 3.15044 522
20 36 1418 102 3.04605 6247
20 44 634 518 3.06879 2312
20 12 42 734 3.46921 0
20 76 668 574 3.0755 1599
20 28 28 756 3.2185 2
84 36 828 452 3.23126 44
84 44 830 458 3.17047 47
84 52 1688 750 3.21575 46
84 60 1690 758 3.22034 46
84 68 920 426 3.13382 473
84 76 918 430 3.14147 473
84 20 1218 662 3.23737 25
84 84 1308 242 3.12511 83
84 100 892 252 3.20972 8649
84 108 898 254 3.18093 142
84 28 828 442 3.26578 44
92 36 834 450 3.30775 44
92 44 834 458 3.21831 47
92 52 1696 754 3.19571 46
92 76 936 116 3.14412 9351
92 84 934 128 3.20645 6135
92 92 898 246 3.12262 142
92 28 836 446 3.23104 44
100 36 1224 664 3.23431 98
100 44 864 470 3.23804 3089
100 60 1208 686 3.11275 1790
100 68 850 490 3.10354 965
100 76 1040 66 3.2418 1202
100 84 1040 72 3.23949 1202
28 36 654 488 3.11502 39
28 44 1034 446 3.05504 2404
28 12 50 734 3.47685 0
28 52 632 506 3.07288 324
28 60 654 486 3.11789 89
28 76 702 558 3.2535 76
28 20 898 282 3.30031 42494
28 84 1224 636 3.14205 247
28 28 656 482 3.09903 39
