36 36 890 238 3.13213 38
36 12 462 442 3.05899 225
36 4 1122 82 3.07735 158
36 76 1546 250 3.20914 5
36 20 462 450 3.1064 225
36 100 1594 262 3.33399 0
36 108 1590 272 3.26128 1
36 28 994 420 3.13865 106
44 12 1224 664 3.0083 158138
44 52 1604 90 3.0084 298
44 60 1582 148 3.03661 7507
44 76 1552 250 3.21112 5
44 20 56 472 3.06581 304
44 84 1602 250 3.26487 1
44 100 1598 264 3.30496 0
44 28 474 466 3.03205 225
12 36 12 444 3.14046 3627
12 44 1510 120 3.25086 33
12 12 620 390 3.11176 4345
12 60 870 258 3.24108 279
12 4 524 364 3.10296 63357
12 68 870 266 3.23358 279
12 76 870 280 3.26198 87
12 20 618 402 3.14717 11367
12 84 870 288 3.29898 87
12 92 1374 138 3.14926 172
12 100 1372 148 3.09099 172
12 28 622 408 3.11339 11367
4 36 4 446 3.26524 292
4 60 400 588 3.11304 729
4 4 38 738 3.02144 19151
4 68 1562 94 3.17107 342
4 76 854 288 3.31279 87
4 20 2 450 3.21938 3266
4 84 1566 114 3.31273 478
4 92 1366 140 3.13839 172
4 100 1366 148 3.08738 172
4 108 18 728 2.84105 149679
20 36 944 438 3.09221 165
20 44 1520 122 3.21542 33
20 12 630 392 3.09074 4345
20 52 1518 130 3.26284 33
20 60 878 260 3.28145 279
20 4 532 364 3.07645 63357
20 68 882 270 3.30603 279
20 76 876 282 3.25955 87
20 20 804 378 3.11415 3130
20 84 1570 254 3.24345 1
20 92 1520 266 3.27862 5
20 108 1526 284 2.994 37
20 28 918 248 3.09104 674
28 44 1522 128 3.13786 51
28 12 990 406 3.16078 106
28 60 882 274 3.25441 42
28 4 1110 80 3.07741 158
28 68 442 602 3.13242 60
28 76 1532 256 3.15405 748
28 20 990 414 3.16533 106
28 84 1580 256 3.26903 0
28 100 1576 270 3.29299 0
28 28 988 418 3.0708 106
