36 36 1062 622 3.15548 80
36 44 434 86 3.12075 3775
36 12 8 772 3.3604 143
36 52 642 470 3.10168 3282
36 60 840 738 3.053 31052
36 4 6 762 3.36381 143
36 68 646 484 3.15795 10619
36 76 1666 770 3.1792 382
36 20 334 12 3.18782 25
36 28 288 186 3.15626 172
44 36 954 40 3.12842 606
44 44 1066 642 3.07085 2
44 12 16 772 3.33955 143
44 52 1680 750 3.0863 77
44 4 16 766 3.31571 143
44 76 324 756 3.08348 17896
44 20 1066 614 3.2358 0
44 84 1686 494 3.19866 96164
44 28 1064 622 3.22376 0
12 36 270 78 3.10082 1250
12 44 1232 626 3.07599 20330
12 52 696 616 3.12433 17035
12 60 1654 764 3.20796 1292
12 68 1670 496 3.10525 2090
12 76 28 726 3.29507 207749
12 20 762 368 3.19189 1370
12 84 26 730 3.27117 207749
12 28 380 24 3.12143 288
52 36 1070 632 3.18189 2
52 12 202 610 3.23987 6
52 52 1558 772 3.09321 1355
52 4 1592 558 3.35861 1044
52 76 1682 770 3.06389 77
52 20 1072 610 3.20213 0
52 84 890 714 3.12932 5675
52 28 1074 622 3.25042 0
60 36 312 188 3.20048 172
60 44 1090 640 3.17598 2
60 12 1084 610 3.2081 0
60 52 1694 746 3.12094 77
60 60 886 628 3.1727 278
60 4 1084 598 3.3272 0
60 68 884 634 3.154 1176
60 76 1694 696 3.10287 220
60 20 1078 606 3.22375 0
4 36 688 606 3.26093 17035
4 44 688 610 3.27062 17035
4 12 500 380 3.3055 303
4 52 1222 628 3.25397 16111
4 60 1220 634 3.11484 21903
4 68 12 722 3.0398 87868
4 76 22 726 3.287 207749
4 20 500 386 3.24361 303
4 84 22 730 3.29085 207749
68 36 922 590 3.21479 119
68 44 1438 766 3.17747 2311
68 12 1492 636 3.30822 2567
68 52 1310 246 3.21867 3176
68 60 1310 254 3.26637 3176
68 76 1308 264 3.18232 3176
68 20 370 634 3.23 4
68 28 1086 618 3.2638 0
76 36 302 184 3.19501 935
76 44 1314 250 3.23354 26297
76 52 1314 256 3.22891 26297
76 4 1626 556 3.36115 1586
76 68 1314 264 3.15169 26297
76 20 1482 596 3.22613 102
76 84 902 258 2.99972 117653
76 28 1102 632 3.21812 50
20 36 518 406 3.15922 303
20 44 1580 772 3.07721 28231
20 12 0 770 3.36516 143
20 52 706 616 3.17646 17035
20 68 1662 772 3.21924 1292
20 76 1672 498 2.97928 96164
20 20 1526 648 3.13031 567
20 28 518 398 3.10374 303
28 44 634 458 3.08731 3282
28 68 1662 766 3.19047 382
28 20 286 162 3.15675 130
