36 36 902 294 3.1014 1119
36 52 1696 46 3.01666 76
36 60 1674 54 3.14047 61
36 4 42 730 3.50663 4
36 20 48 736 3.49904 6
36 84 1684 492 3.29683 1598
44 44 172 730 2.98831 867
44 12 48 734 3.53587 4
44 52 1358 406 3.0341 497
44 60 880 502 3.09855 1323
44 68 1696 480 3.06614 252
44 76 530 498 3.07416 1473
44 84 1672 42 3.15814 44114
44 28 1356 646 3.04733 3120
12 60 1636 338 3.16239 65
12 4 26 726 3.52342 22
12 68 1634 346 3.19882 65
12 76 1656 86 3.1493 99
12 20 22 728 3.54869 0
52 36 698 728 3.06273 14246
52 52 190 726 3.13449 407
52 60 958 362 3.17066 578
52 68 958 372 3.12628 578
52 76 1362 0 3.30914 170
52 28 158 272 3.07963 2510
60 36 1030 374 3.24791 78
60 12 1670 10 3.19734 168
60 52 1538 574 3.30085 57
60 60 198 730 3.14855 185
60 4 10 758 3.31638 269
60 68 1542 606 3.22663 45
60 20 366 424 3.22777 106
60 84 1366 10 3.34698 170
60 28 370 430 3.19856 106
4 44 18 756 3.38617 39
4 60 64 436 3.07301 801
4 68 64 442 3.20738 291
4 76 64 454 3.15466 291
4 28 10 734 3.52256 0
68 36 1662 46 3.22318 130
68 44 1548 568 3.20035 57
68 12 246 600 3.16925 1798
68 52 1550 578 3.28184 45
68 60 1554 586 3.29663 45
68 68 1548 602 3.17257 45
68 76 1548 612 3.28898 45
68 84 1374 10 3.23882 316
68 28 1038 366 3.25055 78
76 12 1058 346 3.09807 78
76 52 1562 574 3.33988 57
76 60 1562 582 3.29287 45
76 4 1682 2 3.1674 154
76 68 1442 270 3.1676 257
76 76 1554 610 3.15072 57
76 20 1058 354 3.11712 78
76 28 460 442 3.1428 560
20 44 896 304 3.1735 1354
20 52 898 312 3.17258 1354
20 60 1644 338 3.21227 65
20 68 1642 346 3.24173 65
20 76 1650 346 3.19411 603
20 28 38 740 3.522 10
84 36 1568 566 3.26636 45
84 12 1692 16 3.13351 168
84 60 1570 582 3.13389 45
84 4 854 456 3.11468 105565
84 68 1452 274 3.11815 257
84 76 1396 2 3.12285 170
84 20 152 334 3.15345 2483
84 84 1566 620 3.29027 45
84 28 154 344 3.19396 2483
92 12 70 754 3.17238 844
92 52 1418 408 3.09733 689
92 60 192 710 3.08676 1926
92 4 1222 662 3.1308 87810
92 68 1316 670 3.04562 24360
92 76 1402 2 3.12013 170
92 20 160 336 3.21071 2483
92 84 1036 220 3.1612 10164
92 28 162 344 3.19735 2483
28 44 902 302 3.17613 1354
28 60 1690 56 3.15707 76
28 68 1578 384 3.16428 351
28 76 1676 84 3.20823 99
28 84 1676 490 3.28825 1598
28 28 42 742 3.51995 0
