36 44 322 404 3.12643 64
36 52 454 670 3.09099 5438
36 60 418 724 2.94203 7103
36 4 218 600 3.31222 1096
36 68 662 514 2.98198 45276
36 20 38 616 3.25573 16
36 28 1450 40 3.34861 28
44 12 30 620 3.1569 2701
44 52 324 162 3.04376 7756
44 60 42 676 3.01692 10811
44 68 52 682 3.04448 2357
44 76 18 698 3.05369 1623
44 20 270 624 3.13529 1627
12 36 1638 46 3.20334 4
12 44 294 406 3.19334 64
12 12 1680 132 3.26253 471
12 4 908 270 3.30232 3606
12 20 192 618 3.23595 20
12 92 22 728 3.4954 0
12 28 1658 42 3.31171 22
52 44 506 576 3.14938 4895
52 12 240 422 3.18206 26214
52 52 502 586 3.10963 4895
52 60 312 636 3.15573 584
52 4 72 360 3.07195 26691
52 68 58 682 3.15105 217
52 76 26 698 3.19377 459
52 20 238 432 3.20303 26214
52 28 1148 272 3.07272 2846
60 36 54 584 2.97655 892
60 44 510 574 3.13664 4895
60 12 248 422 3.16657 26214
60 52 318 628 3.13619 584
60 60 1492 132 3.16069 2400
60 4 1502 300 3.08646 4418
60 68 1118 262 3.19461 377
60 76 1058 770 3.20964 463
60 20 246 430 3.15665 26214
60 84 1182 58 3.05325 1365
60 92 18 370 3.05635 556
60 100 744 610 2.93546 5703
60 28 114 370 3.08618 822
4 36 130 580 3.19741 1028
4 20 1676 134 3.25994 471
4 100 10 734 3.46927 0
4 28 1676 142 3.22563 471
68 36 76 612 3.1834 640
68 44 1130 254 3.15282 318
68 12 292 540 3.06166 9680
68 60 1128 258 3.14936 318
68 68 1130 264 3.17984 377
68 76 1128 272 3.14381 377
68 20 1526 568 3.0596 8458
68 84 1496 66 3.11032 448
68 92 76 706 3.06516 217
68 100 1342 274 2.97683 2329
68 28 108 600 3.04774 703
76 36 334 612 3.17403 1933
76 44 70 608 3.15703 864
76 12 10 738 3.06184 120832
76 76 1354 254 3.10833 2011
76 20 1538 566 3.1039 8458
76 84 1350 266 3.12476 2011
76 92 82 706 3.02612 217
76 28 1206 654 3.09601 3739
20 44 302 408 3.13537 64
20 12 200 608 3.22416 20
20 52 98 534 3.08478 478
20 60 134 592 2.98791 12626
20 4 916 270 3.29958 3606
20 92 30 726 3.43808 0
20 28 1646 38 3.30935 4
84 44 1140 252 3.18991 318
84 52 1140 258 3.17486 318
84 60 1218 674 3.02197 18100
84 68 1312 244 3.10594 27201
84 76 1312 250 3.10513 27201
84 84 822 416 3.01217 2368
84 92 876 216 2.97505 37623
84 100 72 720 2.90583 34253
84 28 1220 658 3.08608 16870
28 36 1410 38 3.33102 35
28 44 190 722 3.08179 482
28 12 344 370 3.27702 6
28 52 1220 470 3.04398 737
28 60 324 318 2.97004 51699
28 4 330 366 3.31705 163
28 20 1666 30 3.2781 22
28 92 42 730 3.42711 0
28 28 1652 38 3.35484 4
