36 36 1298 254 3.12697 2
36 44 550 558 3.09726 381
36 12 374 614 3.14197 1032
36 52 1622 210 3.19463 29
36 60 1624 216 3.24821 29
36 4 1662 518 3.11515 263
36 76 384 162 3.1456 321
36 92 1202 192 3.19646 28
36 28 1296 246 3.134 2
44 36 736 528 3.11377 0
44 44 1588 264 3.16954 956
44 60 1128 290 3.18538 206
44 84 1206 186 3.24112 28
44 92 1208 194 3.22725 28
44 100 1272 650 3.09717 11
12 36 74 444 3.11772 24272
12 44 74 450 3.17665 24272
12 12 754 370 3.18896 26417
12 4 752 362 3.24518 26417
12 20 1266 248 3.19127 2
12 100 28 726 3.32963 23948
12 108 26 730 3.30574 23948
52 36 1494 360 3.05022 227
52 44 746 534 3.15041 4
52 12 10 738 3.21007 81358
52 52 1630 210 3.23098 29
52 60 1634 214 3.22904 29
52 68 1638 216 3.29025 29
52 20 1212 654 3.15041 564
52 84 794 618 3.15461 266
52 92 1284 642 3.11223 11
52 108 1310 256 3.225 586
52 28 1212 664 3.10548 564
60 68 1644 218 3.27115 29
60 76 1644 224 3.23859 29
60 84 804 620 3.14064 266
60 100 1314 256 3.23238 55
60 108 1314 264 3.16094 55
60 28 1216 658 3.18915 2044
4 36 66 446 3.18478 24272
4 44 64 452 3.15213 24272
4 12 744 370 3.2496 26417
4 52 64 458 2.94178 14726
4 100 22 726 3.32157 23948
4 108 22 730 3.32542 23948
4 28 654 510 3.12164 166
68 44 824 398 3.29297 962
68 52 822 394 3.3058 2912
68 60 822 404 3.30534 2912
68 92 900 250 3.16183 19750
68 100 900 258 3.08336 19750
68 28 1224 658 3.05455 2044
20 44 1596 256 3.09828 24025
20 12 1274 238 3.19456 2
20 52 1594 266 3.13383 24025
20 60 720 574 3.13799 336
20 4 1202 652 3.09883 2881
20 68 722 582 3.16514 336
20 76 702 560 3.17209 494
20 20 1274 246 3.21558 2
20 84 1078 278 3.06548 432
20 28 1498 378 3.16147 5
28 36 970 674 3.13293 20
28 12 1208 660 3.08066 2881
28 52 1604 262 3.15614 24025
28 4 348 596 3.16985 2462
28 76 710 558 3.1277 494
28 92 716 576 3.16391 362
28 100 1080 278 3.10199 1580
28 108 950 424 2.92733 31656
