36 36 942 338 3.1083 48
36 44 222 414 3.13378 178
36 52 16 398 3.09764 80
36 60 18 408 3.08063 80
36 4 918 266 3.28857 574
36 68 760 388 3.10345 896
36 76 1696 22 2.99941 3320
36 20 1666 314 3.19681 0
36 28 930 338 3.15778 2055
44 36 26 636 3.13248 163
44 44 1434 588 3.1521 32355
44 12 8 772 3.21632 106
44 52 1170 390 3.05282 949
44 60 412 464 3.13615 5929
44 4 6 764 3.28489 106
44 68 414 474 3.17585 5929
44 76 896 186 3.0857 3930
44 20 1558 46 3.17472 51
44 28 726 130 3.10758 1797
12 36 1298 510 3.07603 308
12 44 1298 514 3.01583 1972
12 12 24 750 3.28479 430
12 52 0 164 3.08429 53
12 60 1222 618 3.13297 87
12 68 1222 630 3.17943 21
12 76 64 446 3.23289 423
12 28 1640 322 3.20576 0
52 36 446 366 3.11456 28
52 44 1520 634 3.17808 388
52 12 1562 42 3.19161 51
52 52 1170 396 3.09589 3270
52 60 422 464 3.1978 5929
52 4 14 766 3.24595 106
52 68 420 474 3.12977 5929
52 76 1170 424 3.12537 3270
52 28 1582 178 3.12565 144
60 12 1610 156 3.22686 777
60 52 1338 626 3.10887 9853
60 60 1174 402 3.1052 3270
60 68 1176 418 3.1068 3270
60 76 1176 424 3.08582 3270
4 12 38 738 3.2482 62683
4 60 64 450 3.15524 1209
4 4 10 734 3.3008 430
4 20 18 756 3.27949 430
68 36 1388 146 3.15051 26
68 44 1534 634 3.1544 388
68 12 1584 150 3.18945 2281
68 4 1582 144 3.2101 2281
68 68 890 256 3.10079 673
68 76 8 726 3.15073 15371
68 20 1606 114 3.11051 15
68 28 1390 142 3.15897 26
76 44 796 766 3.11317 409
76 12 1324 216 3.0483 1225
76 52 794 772 3.03549 409
76 60 896 248 3.13565 673
76 4 1638 82 3.04589 99
76 68 898 256 3.06767 673
76 76 18 726 3.29677 8637
76 28 1632 176 3.15698 29
20 36 898 264 3.09975 15947
20 12 0 768 3.29962 101
20 60 8 170 3.08957 53
20 68 10 186 3.14245 53
20 84 72 454 3.23356 423
84 36 1310 264 3.22036 7074
84 44 1312 264 3.12354 25237
84 12 1642 570 3.06454 4700
84 4 1638 76 3.06487 4143
84 76 26 726 3.32387 8637
84 20 1258 168 3.07134 262
84 84 22 730 3.32208 8637
84 28 1310 258 3.22319 7074
28 36 1422 578 3.07879 322
28 44 750 358 3.17154 896
28 12 902 280 3.30293 700
28 52 746 370 3.18022 896
28 60 750 380 3.12835 896
28 4 904 270 3.28621 700
28 68 750 390 3.05822 896
28 76 224 202 2.98713 214
28 20 1662 314 3.21684 0
28 28 918 338 3.20754 2055
