36 36 976 630 3.12008 318
36 52 1690 708 3.06007 45
36 60 1680 718 3.16028 6
36 68 1680 726 3.12193 6
36 76 1016 280 3.09591 6176
36 84 734 580 3.0923 22308
36 28 496 398 3.16274 0
44 44 930 598 3.08436 661
44 12 504 384 3.34044 0
44 52 902 566 3.11279 809
44 60 1690 718 3.12998 6
44 4 910 270 3.37724 5110
44 20 1602 568 3.15577 14
44 84 1694 734 3.1763 6
44 92 830 266 3.13065 52
44 28 508 404 3.15417 0
12 36 1686 314 3.09188 3973
12 44 604 404 3.00978 6868
12 12 40 738 3.33674 7059
12 52 1242 658 3.1275 1786
12 60 788 692 3.03633 289
12 76 72 442 3.09106 1359
12 84 1230 638 3.18001 662
12 92 670 576 3.07724 9389
12 28 158 760 3.06309 65419
52 36 194 26 3.12429 131
52 44 730 192 3.05709 378
52 12 920 276 3.27488 5110
52 52 1206 704 3.07532 591
52 60 1700 718 3.1088 6
52 68 1702 726 3.19645 6
52 76 1704 728 3.23829 6
52 84 1704 736 3.25114 6
52 92 840 262 3.22111 52
52 28 194 20 3.1153 131
60 36 1290 642 3.01089 443
60 4 1096 598 3.12934 133
60 68 874 282 3.19872 8665
60 76 1314 264 3.121 1080
60 20 96 422 3.14146 315
60 84 1324 168 2.95194 96616
60 28 696 742 3.03971 571
4 36 496 502 3.02936 26251
4 12 22 730 3.37569 7059
4 52 80 502 3.14279 46747
4 60 32 410 3.13043 27526
4 4 26 726 3.37293 7059
4 68 0 496 3.10808 15812
4 76 64 446 3.1875 71
4 20 18 754 3.30351 79
4 84 64 454 3.11944 71
20 44 334 498 3.11805 4632
20 12 38 742 3.32887 1866
20 52 2 450 3.12439 225
20 60 798 698 3.14634 228
20 68 798 706 3.17415 228
20 76 1680 536 3.20729 421
20 84 1680 544 3.14673 421
20 92 1194 446 3.17244 6418
20 28 1398 284 3.08481 67
28 36 762 286 3.06777 63
28 52 512 418 3.06501 54
28 60 806 694 3.10578 228
28 68 1670 726 3.13408 6
28 76 722 574 3.1352 660
28 20 492 394 3.20375 8
28 84 1688 546 3.21823 421
28 92 1200 442 3.15896 6418
28 28 488 400 3.12042 0
