36 36 594 524 3.01479 589
36 44 1524 92 3.27919 29
36 12 1394 340 3.16592 6262
36 60 1542 428 3.34612 16
36 4 624 712 3.22462 7296
36 68 1544 438 3.27292 5
36 76 1560 490 3.21014 0
36 20 816 738 3.09383 36
36 84 1560 504 3.25628 0
44 44 1534 90 3.20701 40
44 12 1400 340 3.17011 6262
44 52 1532 100 3.23138 40
44 4 1274 90 3.241 1089
44 68 322 714 3.26651 302
44 76 1502 126 3.07943 8403
44 20 110 216 3.09661 303
44 84 1426 454 3.07739 1329
44 28 1536 76 3.21587 29
12 36 284 456 3.01492 579
12 44 630 558 3.08656 309
12 60 278 706 3.249 9
12 4 28 726 3.35866 8275
12 68 686 658 3.19272 257
12 76 688 664 3.23127 257
12 84 1542 504 3.33461 0
12 28 46 738 3.16253 1224
52 44 1542 86 3.22751 29
52 12 1306 96 3.17234 1832
52 52 1540 100 3.23115 40
52 60 1534 104 3.24851 34
52 4 680 724 3.23211 717
52 76 336 722 3.14609 429
52 20 1542 70 3.13337 64
52 84 1506 130 3.05684 10853
60 36 314 748 3.09045 1109
60 44 1548 92 3.3018 40
60 12 832 730 3.16531 36
60 52 1546 98 3.24042 40
60 4 688 722 3.17784 717
60 68 338 714 3.12478 61
60 76 1634 560 3.14209 17802
60 84 1654 466 2.99648 64434
60 92 1316 166 3.06907 55462
60 28 1116 480 3.11171 145
4 44 496 480 3.03458 13052
4 12 22 730 3.35445 8275
4 52 166 442 2.9883 124964
4 60 204 204 3.10333 9943
4 4 22 726 3.3506 8275
4 68 1256 322 3.10383 4962
4 76 80 502 3.09525 19587
4 84 282 734 3.11957 106
4 92 1670 500 2.91661 8089
68 36 634 524 3.06369 111
68 4 24 228 3.08306 790
68 20 1690 380 3.06898 132
68 84 194 354 2.96166 27440
68 28 832 726 3.10773 369
76 36 1562 76 3.17856 125
76 44 1558 88 3.33103 29
76 12 1150 594 3.07576 2340
76 52 1556 98 3.30734 29
76 4 1442 594 3.1093 4782
76 68 10 722 3.00885 2551
76 20 140 238 3.04922 1057
76 28 140 244 3.06297 1057
20 44 282 686 3.12884 528
20 52 294 698 3.27717 55
20 60 294 704 3.3234 55
20 68 1558 480 3.21302 1
20 20 288 442 3.04602 530
20 84 1552 506 3.33372 0
20 28 1494 68 2.93161 966
28 36 1238 590 2.97559 11278
28 44 1514 90 3.26728 29
28 12 346 424 3.07876 2504
28 52 1538 422 3.32274 16
28 4 50 734 3.18503 3400
28 68 1534 442 3.21595 5
28 20 662 574 2.94535 1685
28 84 1550 504 3.29047 0
28 92 1552 512 3.33183 0
28 28 1514 72 3.09992 29
