36 36 144 334 3.59377 7016
36 44 1532 368 3.52237 1752
36 12 12 682 3.52335 3
36 4 122 488 3.48047 3640
36 20 12 690 3.53975 3
36 28 146 326 3.58657 7016
44 36 152 332 3.56094 7016
44 44 1538 368 3.49455 1752
44 12 1214 138 3.50791 16
44 52 1414 314 3.48423 2459
44 60 462 720 3.32491 687
44 4 134 494 3.54419 3640
44 28 152 324 3.53561 7016
12 36 1398 262 3.34638 140415
12 12 1524 136 3.41834 49942
12 4 1684 130 3.49755 51397
12 20 1522 148 3.37047 28818
12 84 22 728 3.92191 232
52 44 1400 570 3.48104 7722
52 12 1220 136 3.55102 16
52 52 1420 312 3.4945 2459
52 60 1392 450 3.316 465
52 4 140 492 3.52655 3640
52 68 50 708 3.37106 79
52 20 1394 422 3.52407 183
52 92 30 730 3.79122 15
52 28 236 550 3.49593 56
60 36 242 554 3.48791 56
60 44 166 350 3.39411 31465
60 12 346 602 3.52891 120
60 60 1234 518 3.3807 158
60 4 340 592 3.587 17883
60 68 58 710 3.48101 79
60 76 54 714 3.52914 7
60 20 244 542 3.47447 56
60 28 246 550 3.50048 56
4 12 1516 138 3.43912 49942
4 4 1678 130 3.52153 51397
4 20 1516 148 3.45409 28818
4 92 10 734 3.89577 232
4 28 1398 264 3.1996 151448
68 44 252 558 3.47612 56
68 12 352 602 3.55024 120
68 52 246 570 3.47529 630
68 76 58 712 3.42683 2
68 20 258 546 3.48732 56
76 12 352 598 3.52047 443
76 52 1570 370 3.49867 2638
76 60 840 350 3.53449 984
76 4 350 590 3.33857 443
76 68 1486 240 3.38674 407
76 76 1042 88 3.29293 1247
76 28 1410 418 3.4469 118
20 36 1526 156 3.3996 42211
20 44 18 718 3.34237 2383
20 12 260 438 3.42407 14858
20 20 262 446 3.39122 14858
84 36 162 502 3.46258 1169
84 44 1490 222 3.54844 407
84 52 848 344 3.57839 424
84 68 1110 586 3.38959 32
84 76 1048 90 3.38341 1247
84 20 360 604 3.49574 17883
84 28 1482 190 3.35708 94
92 36 1388 428 3.5025 486
92 44 190 350 3.52659 7016
92 68 1272 184 3.43504 1678
92 76 1260 196 3.44143 226
92 84 1396 466 3.33988 18594
92 92 204 346 3.35806 57381
92 28 1510 198 3.38953 91
100 36 184 500 3.28325 11077
100 52 866 350 3.46885 424
100 60 862 358 3.52753 424
100 68 1074 94 3.42582 82947
100 76 102 414 3.38299 58040
100 20 10 738 3.55669 1650
100 84 1182 104 3.43636 7895
100 92 212 346 3.36628 57381
108 44 1238 206 3.37528 27549
108 52 874 352 3.53591 424
108 68 1198 222 3.4083 28359
108 92 738 638 3.34502 21599
28 36 2 638 3.4556 922
28 44 450 708 3.41177 687
28 60 32 722 3.78483 684
28 4 118 490 3.47478 3640
28 20 1098 526 3.45678 75264
28 28 6 686 3.45514 3
116 36 1546 534 3.30294 36580
116 60 956 402 3.42638 19453
116 68 954 410 3.39948 19453
116 76 1198 106 3.49841 7895
116 84 1198 112 3.54737 7895
116 92 918 330 3.51099 74159
124 44 1258 206 3.34198 27549
124 52 1268 208 3.36148 141239
124 68 1420 466 3.35434 37585
124 76 930 310 3.44466 74159
124 84 930 318 3.44438 74159
124 92 926 330 3.57736 74159
