36 36 1034 742 3.15612 52
36 12 1632 566 3.23987 61
36 52 948 26 3.13327 3528
36 60 954 26 3.17189 3528
36 4 1446 590 3.30081 964
36 68 676 502 3.18782 6
36 76 674 506 3.22252 6
36 20 1474 750 3.24908 20
36 28 1616 610 3.20489 89
44 36 1624 614 3.13937 840
44 44 956 14 3.14349 3528
44 12 354 602 3.24951 11658
44 52 686 480 3.13736 114
44 60 1198 750 3.15178 950
44 4 354 594 3.22641 11658
44 68 1406 772 3.13139 1070
44 28 1586 724 3.17842 841
12 36 1600 618 3.10126 0
12 44 816 118 3.09377 2155
12 60 664 516 3.23527 2
12 4 1600 554 3.25714 61
12 68 652 508 3.26497 8
12 20 1600 602 3.22402 89
12 28 1602 608 3.27898 89
52 36 24 30 3.14184 1610
52 44 1176 660 3.10981 229
52 52 922 590 3.1839 31
52 60 922 594 3.15235 31
52 68 978 684 3.13444 83
52 84 1038 70 3.2824 77
52 28 86 0 3.179 639
60 36 98 8 3.13294 639
60 44 164 646 3.13737 210
60 52 934 590 3.16207 31
60 60 1268 646 3.17418 11
60 68 1042 54 3.12071 77
60 76 1078 764 3.16025 2499
60 20 1490 628 3.25506 752
60 84 1048 68 3.29956 77
60 28 1486 634 3.21815 752
4 36 1600 640 3.18552 30032
4 44 1600 650 3.13615 30032
4 12 1680 518 3.26602 4819
4 60 1228 638 3.23816 648
4 20 1070 228 3.22654 1998
4 28 240 374 3.22349 1857
68 52 1434 758 3.17378 781
68 60 1278 644 3.18532 11
68 76 1048 62 3.24651 2783
68 84 1102 48 3.22119 22720
68 28 1496 634 3.26212 35
76 44 1446 752 3.17287 781
76 60 1438 764 3.15992 1151
76 4 22 726 3.25335 345794
76 68 1310 254 3.19669 50
76 76 1302 272 3.21555 218
76 28 1504 634 3.32263 35
20 36 1010 10 3.13479 298
20 4 1608 552 3.20589 61
20 68 660 508 3.19829 8
20 76 660 516 3.24349 8
20 28 1610 606 3.24196 89
84 36 1302 624 3.17077 8079
84 12 22 730 3.26473 314022
84 52 1314 244 3.27801 218
84 60 1314 250 3.2846 218
84 4 26 726 3.26652 314022
84 68 1314 258 3.2213 50
84 84 902 258 3.01477 118444
28 36 1018 692 3.13424 140
28 44 1340 752 3.1573 30
28 12 1624 562 3.18832 61
28 52 916 566 3.14026 363
28 60 674 486 3.14031 6
28 4 1624 556 3.32294 61
28 76 670 510 3.18827 6
28 20 1466 750 3.23944 20
28 28 1610 610 3.22081 89
