36 36 150 522 3.28535 202
36 44 1202 506 3.2177 362
36 12 1190 490 3.28152 6
36 52 148 542 3.11174 358
36 60 150 550 3.06923 358
36 4 886 276 3.14673 22
36 68 750 114 3.02787 4097
36 76 750 124 3.07669 4097
36 20 1194 494 3.30094 6
36 92 122 766 3.00267 942
44 36 154 522 3.34778 10
44 44 150 532 3.26924 10
44 12 884 290 3.46465 94
44 52 154 542 3.11359 15
44 4 886 280 3.46877 94
44 68 762 118 3.03462 4097
44 20 134 502 3.26853 15
44 92 894 342 3.0411 3649
44 100 894 258 2.93473 4059
44 28 154 512 3.19139 15
12 4 26 726 3.41158 619
12 92 272 302 2.98948 3228
12 100 1448 272 3.03481 52979
52 36 160 524 3.34927 10
52 44 162 534 3.3018 10
52 12 890 290 3.41142 94
52 52 898 328 3.271 22
52 60 164 544 3.18959 358
52 4 892 282 3.48427 94
52 68 1602 290 3.07598 535
52 76 88 746 3.10017 922
52 20 1304 560 3.28806 611
52 84 910 334 3.11677 295
60 36 1558 290 3.32208 184
60 44 168 536 3.22413 358
60 12 902 288 3.33455 34
60 52 904 326 3.22622 22
60 68 870 254 3.11533 13412
60 20 1312 562 3.31207 52
60 84 916 336 3.14712 295
60 28 1558 282 3.32065 184
4 4 18 726 3.38447 619
4 76 1678 516 3.09539 2694
4 84 1678 524 3.11322 2694
4 92 1560 582 3.0321 44397
4 100 234 282 3.02219 88978
4 28 10 734 3.37279 4
68 36 1566 288 3.28711 184
68 44 34 374 3.17803 4326
68 12 914 288 3.33897 94
68 52 34 386 3.21199 4326
68 60 880 248 3.03984 13412
68 4 1496 300 3.26407 696
68 68 1686 238 3.07946 29078
68 76 894 250 3.13986 12034
68 20 346 554 3.32647 13
68 84 898 256 3.00029 10391
68 28 1570 278 3.3135 184
20 4 22 728 3.42337 518
20 76 226 772 2.97731 29123
20 84 368 734 2.91731 10247
20 92 1132 532 3.02379 216048
20 100 1536 220 3.01542 215881
28 36 330 506 3.21277 287
28 52 906 654 2.97687 15215
28 60 906 660 2.97833 15215
28 4 26 728 3.41699 518
28 68 540 364 3.01543 3054
28 76 84 66 2.98975 4322
28 20 42 736 3.19631 775
28 84 114 756 3.02416 942
28 92 1228 310 2.98242 105039
28 100 1226 314 2.97291 105039
28 28 330 498 3.22602 287
