36 36 366 690 3.22327 5408
36 52 1440 472 3.30504 92
36 60 1440 482 3.35325 92
36 68 1670 158 3.29409 322
44 44 374 696 3.2146 1647
44 12 48 732 3.46417 12
44 68 1406 50 3.27717 5462
44 28 1454 420 3.25204 449
12 12 22 730 3.53142 29
12 60 1426 482 3.35259 92
12 4 26 726 3.53322 29
12 28 14 736 3.47727 2
52 44 1366 472 3.24365 6633
52 52 186 722 3.21503 16601
52 28 578 714 3.40885 159
60 36 574 722 3.43524 80
60 44 1438 44 3.33429 1155
60 12 1186 324 3.48547 37
60 68 1526 458 3.36273 488
60 20 1184 330 3.46989 37
4 52 1514 142 3.18114 4286
4 60 1520 156 3.17404 2008
4 4 18 726 3.5061 29
4 28 10 734 3.49371 2
68 44 1446 44 3.31842 1155
68 60 1534 450 3.3748 488
68 4 10 758 3.36263 5836
68 28 498 688 3.45776 457
76 36 342 630 3.47924 4
76 44 592 730 3.4374 285
76 12 1302 606 3.41671 17
76 52 1288 358 3.39934 38
76 60 1288 366 3.42157 38
76 28 338 622 3.53575 4
20 28 36 742 3.54027 0
84 12 338 610 3.42223 8
84 52 1296 358 3.35377 38
84 4 328 594 3.12956 2994
84 68 1614 464 3.38604 66
92 36 348 626 3.50661 8
92 44 504 700 3.38571 148
92 12 354 608 3.33963 4
92 52 1304 358 3.34512 38
92 60 1626 460 3.38014 182
92 4 904 490 3.17132 1032
92 68 1618 466 3.42992 66
92 20 1224 346 3.46722 155
92 28 350 622 3.53509 8
100 36 354 626 3.52568 8
100 44 1572 454 3.35258 103
100 52 1574 462 3.28384 177
100 60 1220 16 3.38712 547
100 4 1220 660 3.16045 47293
100 28 354 622 3.52266 8
108 44 56 536 3.24294 473
108 52 1086 566 3.22234 349
108 60 1138 32 3.38988 1424
108 4 1230 660 2.95677 56314
108 20 216 478 3.30249 1043
28 12 30 730 3.48274 29
28 52 1432 470 3.33287 92
28 60 1434 482 3.37205 92
28 20 44 732 3.51693 0
