36 36 1092 524 3.6347 4
36 44 1090 532 3.49805 55
36 12 1098 502 3.63681 4
36 52 1088 540 3.53615 8
36 60 1086 548 3.54049 8
36 4 1098 494 3.15703 67
36 68 1086 556 3.51207 12
36 76 1086 566 3.31019 8
36 20 1096 508 3.63312 4
36 84 1098 578 3.17075 17
36 28 1094 516 3.66203 4
44 36 1100 526 3.6348 0
44 44 1098 534 3.52547 55
44 12 1104 502 3.64951 0
44 52 1096 542 3.51436 68
44 60 1096 550 3.47543 78
44 68 1090 558 3.2801 81
44 76 894 252 3.08723 10892
44 28 1100 518 3.62005 0
12 36 0 414 3.12146 4002
12 44 290 430 3.07569 1707
12 52 340 490 3.10574 525
12 60 1062 542 3.12519 12
12 68 1062 550 3.52987 8
12 76 1060 560 3.53535 8
12 28 0 406 3.10612 4002
52 36 1108 530 3.63701 0
52 44 1106 536 3.50192 55
52 12 1112 504 3.63687 0
52 52 1104 544 3.50607 68
52 60 1104 552 3.16085 182
52 4 336 590 3.19701 740
52 20 1112 514 3.64081 0
52 28 1110 520 3.61573 0
60 36 1116 530 3.63252 0
60 44 1114 538 3.43684 60
60 12 1118 502 3.50637 6
60 52 1114 546 3.1581 87
60 60 890 258 3.09109 5434
60 4 344 590 3.23053 740
60 68 10 724 3.28411 450
60 28 1118 522 3.63154 0
4 52 284 438 3.05902 1707
4 60 330 498 3.13513 525
4 68 38 382 3.17993 212
4 76 38 394 3.121 212
68 36 1122 530 3.64322 0
68 44 1124 542 3.05797 28
68 12 1126 506 3.53086 0
68 52 900 250 3.08587 5434
68 20 1124 514 3.53369 0
68 84 10 734 3.40733 38
68 28 1124 522 3.64382 0
76 36 910 230 3.0467 5434
76 76 22 728 3.43346 38
76 20 1134 518 3.37742 10
20 36 1076 522 3.42764 78
20 44 1072 528 3.40989 81
20 52 1072 536 3.47973 78
20 4 1680 512 2.92892 66075
20 68 1070 552 3.51967 8
20 76 1068 560 3.55799 8
20 20 6 398 3.02124 303
20 84 1066 568 3.50768 12
28 36 1084 524 3.63778 4
28 44 1082 530 3.49081 55
28 12 1088 498 3.60544 4
28 52 1080 538 3.53864 8
28 60 1078 546 3.53329 8
28 4 300 420 2.98784 5780
28 68 1078 554 3.50803 12
28 76 1076 562 3.46322 8
28 20 1088 508 3.63185 4
28 84 1090 578 3.16829 17
28 28 1086 514 3.64914 4
