36 36 1700 714 3.08489 462
36 44 1700 726 3.11302 462
36 12 178 408 3.0379 4878
36 60 894 556 3.18832 2330
36 4 174 398 3.13231 4878
36 68 544 430 3.16134 60
36 76 1070 760 3.16275 6
36 84 82 200 3.2498 12
36 92 82 208 3.12505 12
36 100 1536 702 3.13036 3
44 36 696 146 3.13244 27
44 52 898 550 3.2248 2330
44 60 898 558 3.19837 2330
44 4 1212 660 3.1156 6497
44 68 438 174 3.18993 365
44 76 688 174 3.19726 27
44 20 726 0 3.14664 1864
44 92 70 210 3.04796 91
44 100 1068 78 3.12223 875
44 28 838 472 3.11974 2846
12 12 26 730 3.3608 8202
12 52 1688 530 3.1319 11337
12 60 1054 750 3.18457 6
12 4 28 726 3.38099 8202
12 68 1502 662 3.23712 2
12 76 1502 682 3.21823 2
12 84 1054 770 3.29779 6
12 100 1506 702 3.2414 13
12 28 332 496 3.19338 1462
52 44 822 448 3.16036 299
52 52 704 110 3.1204 339
52 60 758 410 3.16912 89
52 68 766 520 3.19141 97
52 76 694 178 3.21711 27
52 84 818 340 3.08973 307
52 92 60 208 3.0352 49
52 100 896 250 3.04363 69298
60 36 844 464 3.24622 1330
60 60 772 518 3.12951 17246
60 84 932 134 3.14707 2767
60 92 904 242 3.05302 69298
60 100 900 256 2.96656 98182
4 36 326 500 3.14913 50625
4 44 1682 518 3.21507 11337
4 12 22 730 3.37677 8202
4 52 1682 526 3.16733 11337
4 4 22 726 3.37293 8202
4 76 506 426 3.23257 66
4 84 506 434 3.20342 66
4 92 950 418 3.14276 21811
4 100 950 424 3.10186 21811
20 36 346 496 3.10837 8734
20 12 46 736 3.24482 3897
20 52 1482 646 3.14289 238
20 4 46 730 3.31453 3897
20 68 1510 664 3.17477 2
20 76 1058 758 3.24327 6
20 84 1060 770 3.30771 6
28 44 800 374 3.10597 805
28 12 170 402 3.13693 3567
28 52 746 410 3.16922 67
28 60 534 422 3.21446 60
28 20 0 2 3.05479 4550
28 84 504 0 3.26523 15
28 100 1530 702 3.08465 3
