36 36 578 32 3.81231 0
36 44 580 40 3.83083 0
36 12 576 10 3.72844 13
36 52 580 48 3.83324 0
36 60 582 56 3.80242 17
36 4 574 0 3.59025 71
36 20 576 16 3.80484 3
36 28 578 24 3.82361 0
44 36 586 32 3.83797 0
44 44 588 40 3.84436 0
44 12 584 8 3.74626 22
44 52 588 48 3.82921 0
44 60 590 56 3.7865 4
44 4 582 0 3.52844 71
44 20 584 16 3.82639 3
44 28 586 24 3.84968 0
12 36 554 36 3.77777 13
12 44 556 44 3.79809 33
12 12 552 12 3.76856 13
12 52 554 54 3.48471 11
12 60 138 588 3.32764 75193
12 4 550 4 3.451 96
12 20 552 20 3.77553 33
12 28 554 28 3.795 13
52 36 594 30 3.83594 0
52 44 596 38 3.84067 0
52 12 592 6 3.67775 31
52 52 596 46 3.83131 0
52 60 598 54 3.77874 17
52 4 1522 634 3.34891 1554
52 20 592 14 3.78757 7
52 28 594 22 3.83258 0
60 36 602 30 3.80836 0
60 44 604 38 3.79163 0
60 52 604 46 3.80289 0
60 60 604 54 3.75766 4
60 20 600 14 3.78988 7
60 28 602 22 3.77463 0
4 36 1600 644 3.24804 16832
4 44 914 730 3.19353 1017
4 52 132 582 3.31469 75193
4 60 130 586 3.27059 75193
4 4 1682 514 3.19829 87196
4 20 2 450 3.30439 7183
4 28 4 444 3.28137 11545
68 36 610 28 3.80585 0
68 44 612 36 3.81993 0
68 12 606 4 3.64156 23
68 52 614 44 3.82055 0
68 60 614 52 3.76028 4
68 20 608 12 3.78526 7
68 28 610 20 3.80053 0
76 36 618 28 3.8181 0
76 44 620 36 3.79161 0
76 12 616 2 3.63191 22
76 52 620 44 3.78043 0
76 60 622 50 3.71191 4
76 20 616 12 3.79025 7
76 28 618 20 3.78964 0
20 36 562 34 3.81011 2
20 44 564 44 3.83041 2
20 12 560 12 3.76784 22
20 52 566 50 3.83094 2
20 60 566 58 3.78623 4
20 4 558 2 3.36547 96
20 20 560 20 3.81363 3
20 28 562 28 3.80371 2
84 36 626 26 3.82606 0
84 44 628 34 3.81464 0
84 12 624 0 3.58896 40
84 52 628 42 3.81774 0
84 60 630 50 3.51036 17
84 20 624 10 3.80468 7
84 28 624 18 3.81399 0
92 36 634 24 3.75116 21
92 44 636 32 3.74957 44
92 12 632 0 3.64149 40
92 60 1310 262 3.31402 444
92 20 632 8 3.70474 44
92 28 632 16 3.73712 21
100 52 1314 258 3.28947 444
100 20 640 8 3.6276 109
100 28 640 16 3.63967 109
108 36 902 238 3.24002 131917
108 44 900 250 3.19255 131917
108 12 1304 610 3.1862 9732
108 52 902 258 3.0994 146429
108 20 648 8 3.23784 237
28 36 570 34 3.82545 0
28 44 572 42 3.843 0
28 12 568 10 3.77401 22
28 52 574 50 3.84573 0
28 60 574 58 3.80104 4
28 20 568 18 3.82545 3
28 28 570 26 3.83384 0
