36 12 1016 336 3.35704 298
36 4 608 714 3.36474 783
36 28 1588 78 3.12186 59806
44 36 890 310 3.33315 1237
44 12 1024 336 3.3481 298
44 4 606 712 3.35588 922
44 28 426 450 3.30492 3594
12 36 176 496 3.26949 0
12 12 166 486 3.23745 0
12 4 1522 346 3.23275 239
12 20 1096 154 3.1359 3
12 28 1438 418 3.11005 10554
52 12 616 718 3.32682 922
52 28 902 302 3.32696 1237
60 12 1304 616 3.3026 2970
60 4 1242 348 3.28229 1079
60 28 292 374 3.29772 264
4 36 1428 428 3.12051 10554
4 12 174 540 3.19232 10
4 4 46 730 3.21725 1044
4 28 1426 420 3.14843 10554
68 36 442 458 3.15637 1591
68 12 1246 354 3.27007 1079
68 4 1248 348 3.27064 1079
68 20 1120 572 3.27663 152
68 28 1672 282 3.28741 1992
76 36 1286 120 3.11246 1064
76 12 352 598 3.1771 5815
76 4 352 590 2.94142 5815
76 20 250 0 2.98514 536
76 28 1304 112 3.05334 1240
20 36 186 496 3.23333 0
20 12 1206 116 3.28326 357
20 4 1208 108 3.28465 159
20 20 1194 464 3.23397 17
20 28 1126 190 3.21507 96
84 36 20 18 3.04735 1470
84 28 20 10 3.01464 1470
92 20 348 598 3.21541 2550
100 36 278 26 3.06019 536
100 12 22 730 3.1153 110735
100 4 26 726 3.11312 110735
100 28 1562 650 3.16138 26172
28 36 1198 486 3.24619 17
28 12 124 490 3.29295 519
28 20 1010 338 3.27071 77
28 28 1130 190 3.17137 96
