36 36 344 26 3.22608 155
36 4 14 766 3.39961 8
44 36 1484 658 3.22891 11
44 44 390 42 3.12619 4670
44 60 1672 490 3.33354 4082
44 4 186 696 3.36524 10033
44 68 1670 496 3.25314 4082
44 20 1546 648 3.2684 46
44 28 1486 648 3.25067 11
12 36 306 446 3.14117 138
12 12 0 772 3.42056 8
12 60 28 726 3.35687 42674
12 68 26 728 3.35649 8517
12 28 292 722 3.11892 1458
52 36 320 22 3.25181 34
52 44 752 108 3.15448 12120
52 52 746 638 3.09677 1266
52 4 198 696 3.35845 10033
52 68 1680 496 3.35034 9699
52 20 320 10 3.24577 13
52 28 318 16 3.25378 34
60 44 722 154 3.17479 7958
60 52 642 418 3.14628 1936
60 60 710 560 3.16168 289
60 4 1246 372 3.3291 3283
60 68 1686 494 3.34519 9699
60 20 1538 644 3.27199 47
60 28 52 184 3.21146 17
4 36 1232 638 3.18724 31274
4 60 22 726 3.3488 42674
4 68 22 728 3.36286 8517
4 20 1682 518 3.17936 5065
4 28 290 440 3.17654 71
68 36 1030 42 3.18373 62
68 44 1058 748 3.20741 171
68 52 1186 754 3.21977 65
68 60 1186 760 3.22963 65
68 4 210 694 3.28214 10033
68 20 90 162 3.25023 24
68 28 174 14 3.21122 78
76 36 1038 42 3.22392 6
76 44 1034 50 3.22432 6
76 12 108 620 3.27827 181
76 52 1030 54 3.27334 0
76 60 1032 62 3.24425 0
76 4 364 608 3.29812 1519
76 28 1266 632 3.2224 372
20 36 314 446 3.12322 35
20 20 310 722 3.1742 1541
20 28 298 722 3.10929 2605
84 36 1014 40 3.2287 2
84 44 1042 50 3.22247 6
84 12 182 0 3.28163 78
84 4 372 608 3.3369 1519
84 20 1280 624 3.30402 4
84 28 694 304 3.21203 6093
92 36 1526 666 3.24045 58
92 12 1294 608 3.35178 4
92 52 1030 64 3.28606 2
92 60 1034 72 3.36821 2
92 4 348 590 3.09745 29856
92 68 1042 74 3.14948 1290
100 36 1538 664 3.2514 58
100 44 1286 642 3.2494 126
100 12 1306 610 3.33908 4
100 52 1040 66 3.31772 2
100 4 1230 660 2.90835 1592
100 20 1306 616 3.35784 4
108 52 896 250 3.19588 77446
108 60 898 256 3.12082 77446
108 20 346 594 3.27136 338
28 36 334 30 3.18057 155
28 44 1240 638 3.17792 753
28 12 10 772 3.43098 8
28 60 1672 498 3.21235 249
28 4 6 764 3.44817 8
28 20 1470 630 3.19312 11
28 28 336 32 3.20253 82
