36 36 1238 502 3.0306 124
36 44 536 200 2.95761 1605
36 12 350 606 3.05479 103754
36 52 1450 478 2.98756 1010
36 4 1306 612 3.16949 25546
36 68 1666 158 3.06528 9683
36 20 1012 498 2.98219 5299
36 28 974 74 3.0097 826
44 36 1238 506 3.00064 420
44 44 1362 138 2.98749 274
44 12 1242 356 3.07691 132621
44 52 1362 146 2.97335 274
44 60 526 434 3.17233 943
44 4 1244 348 3.13462 132621
44 20 198 70 2.93476 2459
44 28 28 744 2.98782 7349
12 36 944 382 2.9407 7806
12 44 596 704 3.10198 214
12 12 1522 138 3.18548 37356
12 60 1676 494 3.15627 27912
12 4 1120 82 3.13032 6498
12 20 1458 206 3.1653 8385
12 28 956 162 3.11143 2125
52 36 850 366 3.00157 379
52 44 850 404 3.05848 456
52 12 1254 356 3.09861 132621
52 52 0 384 2.96148 12638
52 60 1164 762 3.08897 1232
52 4 1250 348 3.10352 132621
52 20 1078 608 2.94359 15802
52 28 1090 162 2.91926 7791
60 36 240 498 3.1719 2
60 52 878 432 3.16572 0
60 68 534 440 3.19973 943
60 20 1064 346 2.88812 2657
4 12 1110 86 3.2733 5573
4 52 622 530 3.12879 1734
4 60 1672 496 3.1389 19070
4 68 42 730 3.00518 79132
4 20 1450 206 3.16303 8385
68 44 248 502 3.13923 2
68 68 546 438 3.19563 943
68 20 262 422 2.87575 52648
68 28 0 706 3.03224 2748
76 36 860 384 3.22273 280
76 44 886 432 3.26184 0
76 4 26 726 2.99774 173757
76 68 630 474 3.06821 3465
76 20 298 592 3.13279 2258
76 28 1500 364 3.1181 10263
20 36 1592 110 3.03125 2195
20 44 610 706 3.04747 447
20 60 1530 158 3.17114 1283
20 4 1128 82 3.04952 8647
20 20 254 764 2.98717 13513
20 28 1590 102 2.99094 2195
84 36 1648 240 3.19725 20
84 44 894 432 3.26363 0
84 52 896 434 3.21689 0
84 60 896 442 3.19002 0
84 4 22 728 3.02038 230774
84 68 1498 672 3.16937 2684
84 20 1506 354 3.1433 10263
84 28 304 598 3.15438 2258
28 36 970 80 3.01095 826
28 44 1670 76 2.97398 734
28 52 1450 416 3.06211 568
28 60 1442 484 3.11979 224
28 4 1298 612 3.15418 25546
28 28 1598 102 2.99301 2195
