36 12 1178 624 3.25927 74
36 52 826 460 3.29547 37
36 60 824 468 3.31229 37
36 68 890 178 3.27252 11
36 76 886 186 3.2784 11
36 20 840 432 3.25903 0
36 28 1410 710 3.33996 1
44 36 1412 714 3.32949 8
44 44 1630 562 3.18517 3783
44 52 896 508 3.18328 485
44 76 10 724 3.19342 45983
44 84 10 734 3.24466 45983
12 36 810 438 3.30202 0
12 44 808 446 3.33084 0
12 52 806 452 3.33375 9
12 60 802 460 3.39556 9
12 4 1386 694 3.17803 13
12 68 798 468 3.37194 9
12 76 794 474 3.32457 0
12 20 814 422 3.32085 0
12 84 1278 650 3.1428 543
12 28 816 430 3.37045 0
52 36 900 490 3.0998 485
52 60 896 250 3.19869 111
52 68 898 256 3.12213 111
52 76 22 726 3.25543 45983
52 20 866 466 3.14515 7685
52 84 22 730 3.25927 45983
52 28 864 472 3.17925 7685
4 52 798 450 3.1134 246
4 60 1686 536 3.13405 1404
4 4 1682 514 3.20432 8117
4 68 2 458 3.20853 99
4 84 1692 558 3.22128 7714
4 28 2 442 3.19628 247
20 36 818 440 3.35332 0
20 44 816 448 3.33282 0
20 12 854 476 3.25086 31
20 52 814 454 3.2852 9
20 60 808 462 3.39177 9
20 4 1624 558 3.21577 16
20 68 806 470 3.38977 9
20 76 802 476 3.33844 0
20 20 824 426 3.34971 0
20 84 1290 646 3.14699 543
20 28 822 432 3.32952 0
28 36 826 444 3.35845 0
28 44 824 450 3.36805 0
28 52 820 458 3.32087 9
28 60 816 466 3.3042 37
28 4 1178 622 3.24787 517
28 68 878 180 3.21528 11
28 76 902 160 3.22918 20
28 28 1402 710 3.36994 1
