36 52 1644 12 3.53021 228
36 60 50 410 3.47718 0
36 76 1474 240 3.57877 23779
36 20 38 374 3.7384 0
36 84 206 486 3.6751 33842
36 92 210 496 3.66084 22178
36 100 202 684 3.67333 101273
36 108 158 482 3.77838 13373
36 116 200 526 3.75027 33842
36 124 210 702 3.72014 101273
44 12 44 370 3.71537 0
44 52 1650 14 3.76358 7
44 60 1638 30 3.74691 7
44 68 1642 34 3.70578 7
44 20 400 570 3.69974 2
44 84 1110 336 3.51209 265
44 92 1294 488 3.49251 458
44 108 266 588 3.69706 7027
44 28 88 746 3.63791 4
44 124 378 630 3.6057 1620
12 68 142 310 3.52341 40460
12 76 34 394 3.6542 212
12 92 1452 250 3.75362 23779
12 100 1454 258 3.66153 23779
12 108 1610 342 3.64803 30478
12 116 60 402 3.76465 78664
12 124 62 410 3.75133 78664
52 36 1658 282 3.72843 65
52 44 1658 10 3.75538 7
52 52 1658 16 3.82031 7
52 60 1650 26 3.79261 7
52 68 1650 34 3.70878 7
52 76 1648 310 3.51085 25
52 84 1074 298 3.5299 1076
52 92 1160 330 3.5136 3692
52 28 406 542 3.56893 38
52 116 1568 344 3.62636 3157
52 124 818 368 3.60102 13200
60 36 72 394 3.74146 33
60 44 74 400 3.79834 33
60 12 406 562 3.71905 2
60 52 1666 14 3.77281 7
60 68 1086 324 3.55996 26
60 92 1584 326 3.55078 3157
60 100 202 712 3.54367 19237
60 108 1170 166 3.5738 10878
4 92 328 504 3.54802 2168
4 108 1646 362 3.43189 8649
4 116 1222 620 3.56053 215030
4 124 1220 626 3.60378 215030
68 44 82 398 3.85163 3
68 12 414 562 3.67457 2
68 60 74 418 3.60681 36
68 4 978 550 3.49693 1424
68 68 1094 322 3.61535 26
68 76 228 430 3.60685 145
68 20 74 382 3.75874 0
68 84 1688 312 3.60253 63
68 100 1594 334 3.57095 3157
68 28 70 394 3.71928 0
68 124 848 366 3.48142 1770
76 12 80 374 3.71249 0
76 60 334 544 3.57396 11
76 4 984 550 3.45953 1424
76 68 332 558 3.63329 88
76 100 1104 318 3.52726 1076
76 116 856 362 3.46351 1770
20 52 326 504 3.45381 1128
20 76 38 390 3.62021 212
20 92 1456 252 3.66448 261
20 100 1458 258 3.73512 23779
20 108 182 692 3.67829 101273
20 116 68 402 3.80418 78664
20 124 66 408 3.77451 78664
84 36 86 400 3.77152 13
84 52 402 462 3.5421 81
84 60 338 554 3.59759 88
84 4 1238 348 3.39857 84298
84 68 342 562 3.59677 88
84 92 1162 126 3.43573 1573
92 36 90 400 3.61853 0
92 44 1608 256 3.54012 355
92 52 98 406 3.55425 3
92 4 1248 348 3.41602 25832
92 68 1610 38 3.50734 5742
92 76 880 268 3.55561 1039
92 20 1680 0 3.69364 64
92 28 406 442 3.68204 473
92 124 10 734 3.96585 155
100 36 1336 428 3.54431 17437
100 44 1618 256 3.53062 355
100 12 1014 328 3.65263 30411
100 52 430 578 3.49633 35
100 60 892 250 3.52732 3044
100 68 890 260 3.53926 1039
100 20 1018 336 3.66722 30411
100 28 1122 220 3.59334 358
100 116 22 728 3.99199 155
108 36 1346 422 3.50013 22693
108 52 902 240 3.55003 589
108 20 1022 334 3.66216 30411
28 68 1466 252 3.56515 730
28 76 1466 240 3.65712 23779
28 84 202 488 3.61487 33842
28 100 202 510 3.70952 11974
28 108 198 692 3.73952 101273
28 28 42 736 3.74892 694
28 124 1542 346 3.71888 2516
116 36 360 542 3.49399 99
116 44 900 248 3.55541 544
116 52 900 256 3.47505 544
116 20 1302 614 3.63882 35757
116 108 30 726 3.94457 155
116 116 42 730 3.92369 155
