36 44 1402 566 3.13538 58
36 12 1398 552 3.10707 76
36 52 1546 226 3.13188 190
36 4 230 600 3.14266 2960
36 68 1516 310 3.16609 0
36 76 1646 226 3.16314 4
36 20 1570 198 3.07791 15
36 84 1650 236 3.11203 4
36 92 774 634 3.13818 623
44 36 254 486 3.15787 19
44 44 246 496 3.13118 19
44 12 306 600 3.07416 5890
44 52 1554 226 3.1728 190
44 68 1522 310 3.14527 0
44 76 1656 226 3.15817 4
44 20 1114 246 2.99006 1245
44 84 1560 258 3.14604 7
44 92 784 634 3.13706 623
44 28 1414 548 3.12122 1133
12 36 1284 554 3.14597 56
12 12 908 278 3.18669 15473
12 52 1010 290 3.03579 878
12 60 66 444 3.06976 1102
12 4 906 268 3.16874 15473
12 68 64 452 3.08072 1102
12 84 24 726 3.27831 28959
12 28 1374 558 3.15746 25
52 44 262 494 3.10346 19
52 52 264 506 3.11642 19
52 60 1664 212 3.23872 5
52 76 1534 318 3.23084 0
52 20 1218 660 3.03261 582
52 84 1534 328 3.2732 0
52 92 1572 508 3.10173 4886
52 28 682 376 3.04936 478
60 44 854 456 3.08985 6095
60 12 14 728 3.26278 5603
60 60 1546 310 3.26812 0
60 68 1678 216 3.25608 4
60 76 1538 322 3.24398 0
60 20 10 736 3.26414 5603
60 84 1538 328 3.24926 0
60 92 1298 272 3.18418 1946
60 28 1224 664 3.08359 355
4 36 1258 338 3.08881 218
4 12 1296 542 3.12375 201
4 20 1298 548 3.11121 201
4 28 1076 260 3.08178 931
68 44 1224 662 2.98932 6092
68 52 864 464 3.09036 6095
68 60 842 464 3.07895 6270
68 4 22 728 3.33547 5603
68 68 250 398 3.01204 17130
68 76 1550 322 3.0881 13
68 84 898 336 3.12513 34489
68 92 1304 274 3.15875 1946
20 36 1290 554 3.1755 56
20 12 918 276 3.13634 15473
20 52 2 446 3.11342 495
20 4 902 274 3.21414 3949
20 68 0 478 3.1451 3449
20 76 0 482 3.13044 3449
20 20 1292 538 3.17247 47
20 28 1378 558 3.19998 25
28 36 866 402 3.14838 8322
28 12 1480 106 3.05285 177
28 52 1398 570 3.08117 708
28 76 1472 116 3.04131 304
28 20 1566 200 3.08245 15
28 84 708 564 3.09664 409
28 92 1546 512 3.02784 4886
28 28 1390 554 3.10513 124
