36 36 1530 226 3.18264 6
36 12 1528 202 3.01325 6
36 60 902 642 3.02981 3968
36 20 1540 218 3.10656 18
36 28 1530 220 3.26518 6
44 52 302 628 3.05797 37
44 60 1384 514 3.01436 72
44 4 18 726 3.32012 405
44 28 1188 110 2.93036 4237
12 36 1216 130 3.22335 2
12 12 1510 210 3.23106 6
12 4 1574 342 3.03408 54394
12 20 436 640 3.15817 87
12 28 996 406 3.18171 14
52 36 1336 232 3.09066 20
52 44 1334 238 3.16267 20
52 52 1394 498 3.09767 65973
52 60 1374 566 3.1094 88
52 4 26 726 3.34723 405
60 36 1658 520 3.02591 10762
60 52 1334 246 3.13025 29
60 60 374 646 3.12498 4937
60 20 14 728 3.36304 0
60 28 10 738 3.35002 0
4 12 1206 112 3.10657 2
4 4 1382 228 3.058 29234
4 20 1206 120 3.22678 2
4 28 78 506 3.21296 8
68 36 1662 518 2.97821 10762
68 44 1524 528 3.05445 5274
68 60 378 648 3.13316 4937
68 20 22 728 3.40591 0
20 36 460 422 3.23094 12
20 52 926 238 2.87107 148
20 4 1584 344 3.05908 54394
20 20 1518 218 3.22444 6
20 28 458 414 3.22096 12
28 36 1524 226 3.21286 6
28 52 0 568 2.90819 1210
28 4 1218 654 2.86645 492
28 28 1524 222 3.15413 6
