36 36 1080 216 3.30105 144
36 44 1528 350 3.32231 8
36 12 1646 0 2.99333 1536
36 52 1530 356 3.33507 8
36 60 1528 362 3.31032 8
36 4 1018 152 3.03579 327
36 76 178 626 3.18903 0
36 20 248 346 3.01682 16
36 84 68 450 3.13857 10
36 92 66 458 3.08385 10
36 28 1090 198 3.21013 106
44 36 1540 342 3.27797 486
44 44 1538 346 3.26717 486
44 12 72 762 3.00134 5183
44 68 40 406 3.14136 6
44 76 42 414 3.12823 6
44 20 70 772 2.98733 5183
44 84 190 626 3.19495 0
44 92 190 634 3.1698 0
44 28 140 478 2.98664 5468
12 36 1102 74 2.97565 802
12 44 1062 224 3.02625 106
12 12 1512 134 3.069 2661
12 52 110 556 3.06982 3175
12 20 224 346 3.14113 14
12 92 26 726 3.36703 351
12 100 22 730 3.36524 351
12 28 1100 66 3.03211 802
52 60 1694 742 3.11514 145
52 68 1694 754 3.13223 145
52 76 84 434 3.09373 10
52 84 198 628 3.20608 0
52 92 202 634 3.09998 0
52 100 694 624 3.0751 2994
60 44 1224 664 3.11862 15273
60 52 1222 666 3.16293 15273
60 68 1704 752 3.18285 145
60 76 162 346 3.18134 1255
60 84 164 352 3.15297 1255
60 92 94 454 3.0195 10
60 100 1704 502 2.97118 2459
4 36 92 386 2.86323 10059
20 36 1516 346 3.23999 486
20 12 234 340 3.06045 14
20 4 1386 226 3.07275 2105
20 20 166 758 3.11308 25
20 28 166 766 3.0594 107
28 52 1518 358 3.35914 8
28 60 1518 362 3.35796 8
28 4 526 454 2.9605 6699
28 76 172 622 3.24626 0
28 20 170 758 3.07563 25
28 100 30 730 3.31657 351
28 28 1078 198 3.1223 106
