36 36 90 144 3.14964 620
36 44 90 152 3.15634 620
36 12 354 424 3.2763 8344
36 60 1426 626 3.26311 477
36 68 666 572 3.21265 2090
36 20 130 144 3.12761 517
36 28 82 0 3.15916 4609
44 36 404 32 3.17785 234
44 44 30 280 3.16787 1163
44 12 1110 602 3.1744 4177
44 52 552 478 3.19836 47
44 4 1106 590 3.33495 1550
44 68 626 534 3.32126 530
44 76 1672 496 3.26277 5201
44 20 138 68 3.14484 31
44 28 94 140 3.16187 620
12 36 1418 618 3.26725 926
12 44 1418 624 3.22089 1297
12 12 0 768 3.33687 334
12 4 14 736 3.26303 22235
12 68 26 726 3.40695 6083
12 76 22 730 3.40516 6083
12 20 508 384 3.22221 3582
12 28 1420 612 3.19301 926
52 36 614 48 3.2279 126
52 12 1116 602 3.17543 4177
52 52 1536 758 3.20816 2364
52 60 760 648 3.23868 0
52 4 1114 588 3.32067 1550
52 68 634 534 3.28259 530
52 76 1662 772 3.33477 2
52 20 360 294 3.17295 385
52 28 618 40 3.20504 126
60 36 1586 586 3.1943 36
60 44 354 234 3.18456 2047
60 12 360 314 3.14812 8
60 52 772 644 3.20776 58
60 60 772 652 3.19834 0
60 4 1126 584 3.14742 2421
60 68 642 532 3.18549 1577
4 36 1414 622 3.21796 926
4 12 38 742 3.27729 56150
4 20 1676 134 3.24091 3895
4 28 1410 610 3.19176 926
68 36 372 344 3.1877 8
68 44 638 450 3.20354 819
68 12 1190 642 3.24971 10193
68 52 638 458 3.18535 819
68 60 1674 750 3.18722 6
68 4 1190 634 3.33581 9654
68 68 1664 746 3.17384 17
68 76 1264 640 3.17777 400
68 20 1198 678 3.17753 1014
68 28 216 124 3.19751 22
76 36 220 130 3.19187 220
76 44 550 272 3.2052 3316
76 12 1196 642 3.25428 10193
76 52 548 280 3.18698 3316
76 60 198 54 3.17925 42330
76 4 1196 634 3.36183 9654
76 68 930 418 3.19061 22832
76 76 1274 640 3.18985 400
76 20 1614 576 3.16287 1267
20 4 8 758 3.29365 334
20 20 514 384 3.13734 3582
28 36 190 154 3.14532 4784
28 12 346 424 3.31037 8344
28 76 30 730 3.3568 6083
