36 36 1208 676 3.09597 96
36 44 1674 726 3.10158 87
36 12 1216 654 3.20572 69
36 52 1674 730 3.08656 87
36 68 690 310 3.13452 31
36 76 1478 654 3.20457 13
36 84 1488 668 3.17667 2
36 92 584 452 3.25252 162
36 100 1680 494 3.34684 1015
36 28 1210 664 3.14519 96
44 36 1218 674 3.14877 69
44 44 1694 748 3.16424 280
44 60 1696 764 3.21958 168
44 4 18 726 3.21064 127189
44 76 770 606 3.23322 11
44 84 768 614 3.24132 11
44 100 1688 494 3.25728 3784
44 28 1216 662 3.25133 96
12 44 72 446 3.21658 22368
12 60 72 454 3.22935 22368
12 20 966 490 3.11167 2971
12 28 1232 622 3.16012 708
52 44 1704 750 3.22313 280
52 12 22 730 3.23596 127189
52 52 1704 756 3.28707 168
52 60 1704 762 3.296 168
52 4 26 726 3.23775 127189
52 68 1704 772 3.19031 280
52 76 776 610 3.20483 11
52 84 774 616 3.25141 11
52 92 1476 664 3.20234 63
52 100 1476 672 3.18617 63
52 28 1226 666 3.16503 69
4 44 64 446 3.2452 22368
4 12 1678 530 3.17884 433
4 4 1682 522 3.21596 433
4 28 1222 626 3.26098 708
20 36 1106 630 3.06047 2654
20 44 1182 684 3.08093 96
20 52 208 190 3.09667 157
20 60 692 538 3.12123 76
20 68 304 266 3.14627 38
20 76 1078 264 3.15535 302
20 84 1230 634 3.21686 110
20 92 1230 640 3.29076 110
20 100 1670 498 3.10683 3784
20 28 1146 638 3.07026 357
28 36 1154 646 3.13778 357
28 44 1678 750 3.08319 168
28 12 1208 652 3.24843 69
28 52 218 190 3.09016 157
28 60 642 464 3.13425 586
28 68 682 312 3.19932 31
28 76 1482 662 3.14247 2
28 20 1206 660 3.1224 69
28 84 1466 662 3.19835 33
28 92 1674 488 3.33141 1015
28 100 1670 494 3.34166 1015
28 28 616 436 3.07439 4510
