36 36 1528 452 3.37347 44
36 44 102 206 3.38057 22
36 60 358 704 3.16961 451
36 20 326 628 3.25409 192
36 28 98 194 3.30957 22
44 36 1190 26 3.37972 963
44 44 108 208 3.34343 22
44 12 1514 438 3.29411 83
44 52 1230 42 3.26725 38
44 60 878 348 3.1065 17971
44 4 236 600 3.31466 375
44 28 176 678 3.32512 155
12 36 1206 494 3.21107 7234
12 44 1138 34 3.3195 961
12 12 346 370 3.20114 225
12 4 1450 298 3.24763 3403
12 68 950 426 3.01412 20619
12 20 978 752 3.16979 1089
52 44 1198 36 3.37067 963
52 12 1504 642 3.32738 948
52 60 886 348 3.13497 17971
52 20 114 188 3.31219 54
60 36 1246 22 3.37211 38
60 44 1278 28 3.36738 110
60 12 1532 444 3.2753 45
60 28 1158 766 3.291 40
4 36 70 450 3.21722 7621
4 44 72 454 3.25087 7621
4 12 882 296 3.19245 813
4 52 74 462 3.26443 7621
4 60 70 466 2.89932 6341
4 4 1070 246 3.25004 4854
4 20 166 450 3.26912 5581
4 28 70 446 3.28597 7621
68 44 1284 26 3.36725 110
68 12 618 724 3.2986 190
68 60 26 726 3.36995 21180
68 4 1542 434 3.42909 34
68 68 22 730 3.36628 21180
68 20 1106 752 3.25239 0
68 28 1254 10 3.33254 38
76 36 1110 772 3.32115 0
76 44 876 352 3.21094 13523
76 12 1550 442 3.41237 44
76 4 1548 434 3.44633 44
76 68 30 730 3.32062 21180
76 20 412 638 3.22271 247
76 28 1106 766 3.24656 0
20 36 1212 494 3.26333 7234
20 44 1138 54 3.32379 816
20 52 1144 42 3.27012 961
20 60 178 618 3.13647 2070
20 68 954 424 3.09916 20619
20 20 1342 2 3.15359 2280
28 44 1522 462 3.35361 44
28 12 1276 634 3.22733 7377
28 52 354 696 3.30798 655
28 60 350 704 3.20834 451
28 4 220 600 3.33095 375
28 68 1290 204 3.08913 24367
28 28 1204 18 3.32403 436
