36 36 1586 102 3.32497 86
36 12 46 736 3.52686 0
36 28 1582 96 3.27934 86
44 36 1594 104 3.23852 86
44 44 1600 106 3.14907 86
44 20 1594 86 3.15141 1518
44 28 1594 96 3.27363 86
12 36 40 746 3.4673 2
12 12 22 730 3.53075 8
12 52 422 564 3.12656 378
12 4 26 726 3.53254 8
52 36 1608 242 3.25272 36
52 44 250 506 3.18175 84
52 52 812 610 3.15115 3861
52 20 1622 214 3.17911 56
52 28 1622 226 3.2215 77
60 36 262 498 3.20902 84
60 44 258 508 3.21198 84
60 52 246 502 3.17848 341
60 4 1126 216 3.05771 506
60 20 1640 214 3.20916 209
60 28 1618 234 3.26568 36
4 36 32 746 3.50577 2
4 52 932 160 3.00516 137732
68 44 1048 20 3.20158 323
68 52 1624 258 3.21641 36
68 4 1132 216 3.04049 6499
68 20 1650 214 3.18293 1134
68 28 1220 176 3.1738 380
76 44 1612 114 3.20286 61
76 52 1630 254 3.2189 36
76 4 1224 658 2.90552 6069
76 20 848 436 3.15941 753
76 28 1700 746 3.15569 188
20 36 48 746 3.29998 431
20 44 1570 110 3.1944 86
84 44 1106 628 3.24321 70
84 28 858 446 3.11841 753
28 44 1578 110 3.26972 86
28 12 46 728 3.49516 2
28 52 1574 114 3.28279 86
28 20 48 736 3.49688 2
