36 36 1560 416 3.12956 22
36 44 308 526 3.20124 320
36 12 924 248 3.15575 102
36 52 310 536 3.18702 320
36 60 1190 474 3.2051 473
36 68 1190 506 3.20296 183
36 76 210 440 3.113 1223
36 84 1292 642 3.07076 215
36 92 890 254 3.1114 6365
36 28 6 222 3.06824 462
44 12 1330 306 3.22612 46
44 52 1524 362 3.16574 1461
44 60 1522 368 3.19211 1461
44 4 1524 348 3.22428 791
44 68 1192 500 3.21148 325
44 76 1454 258 3.14713 1770
44 20 1122 192 3.18421 61
44 92 898 256 3.06385 6365
44 28 934 264 3.12049 42
12 68 1296 546 3.18122 18
12 76 1294 554 3.18322 18
12 84 18 630 3.09541 8528
12 92 1304 554 3.12119 4069
52 36 1578 412 3.09617 22
52 44 1206 478 3.139 325
52 12 1128 182 3.24165 61
52 52 102 720 3.06525 15871
52 4 138 494 3.22054 422
52 76 1200 504 3.15972 298
52 84 6 726 3.0003 1615
52 28 1528 38 3.08989 68
60 36 1576 416 3.07239 29
60 44 108 710 3.11446 15871
60 60 1556 348 3.08862 36108
60 4 58 362 3.18441 778
60 68 1210 498 3.13591 183
60 28 1582 406 3.07697 22
4 68 284 436 3.07766 44
4 76 328 504 3.17782 1753
4 28 10 734 3.40678 4
68 36 64 388 3.19333 1581
68 44 1566 332 3.11663 2576
68 12 1136 170 3.13021 234
68 4 1140 166 3.22206 61
68 68 1216 502 3.03964 2614
68 20 1142 186 3.12402 61
68 28 62 382 3.17719 1581
20 4 22 728 3.45747 24
20 76 1302 552 3.1415 18
20 84 366 578 3.08364 20467
20 92 366 588 3.0752 20467
28 36 0 320 3.03875 1163
28 4 26 728 3.4511 24
28 68 1314 542 3.10513 18
28 76 1314 550 3.08239 18
28 84 1314 558 3.10445 36
28 92 1286 646 2.99722 215
