36 36 34 626 3.0271 625
36 44 514 174 3.06258 467
36 12 66 616 3.1786 14
36 52 22 448 3.04762 671
36 60 1298 250 3.03582 14029
36 28 482 750 3.02094 338
44 44 1202 184 3.07814 5969
44 12 72 616 3.1677 14
44 52 762 234 3.04286 39744
44 60 1282 646 3.06707 1907
44 4 62 610 3.29086 335
44 28 1302 218 3.00207 8353
12 36 72 454 3.23289 76
12 12 1572 94 3.15717 116
12 4 194 604 3.23593 2657
12 20 1530 366 3.21185 1122
12 28 1526 378 3.22899 1122
52 36 418 146 3.04286 3913
52 44 1274 642 3.10264 3471
52 12 158 414 3.12517 2107
52 52 1278 650 3.11993 435
52 60 1274 662 3.13376 435
52 4 1294 622 3.09557 464
52 20 1018 480 3.03489 309
52 28 30 432 2.98276 671
60 36 426 146 3.08668 3913
60 44 430 154 3.07075 3913
60 12 1470 598 3.13978 6148
60 52 1284 654 3.14453 435
60 60 878 274 3.18113 41
60 4 1208 116 3.15179 21350
60 68 898 256 3.10154 2772
60 20 648 512 3.05818 2874
60 28 388 228 3.0145 1730
4 12 36 406 3.17362 2335
4 4 14 612 3.21592 335
4 20 70 446 3.2024 482
4 28 66 450 3.26054 76
68 12 1214 124 3.1432 21350
68 52 886 264 3.18764 41
68 60 10 726 3.31106 84
68 4 1236 622 3.1429 37668
68 20 180 630 3.127 1494
68 28 822 746 3.01738 1322
76 12 1090 558 3.05754 5552
76 4 1244 622 3.14277 37668
20 36 1304 566 3.11133 38
20 44 964 358 3.05906 579
20 12 1574 96 3.13824 210
20 52 646 498 3.07785 5678
20 60 646 506 3.02774 5678
20 4 38 610 3.21931 335
20 20 1578 102 3.14472 210
20 28 1306 558 3.12912 38
84 36 900 248 3.18255 41
84 12 906 216 3.05674 245
84 60 22 726 3.39975 187
84 4 1038 266 2.94071 945
84 68 10 734 3.408 2
84 20 906 226 3.04383 685
84 28 900 238 3.17616 681
92 12 1382 700 3.05645 28211
92 60 22 728 3.43414 2
92 4 1170 620 3.08201 53619
28 36 468 758 3.07741 338
28 44 506 170 3.04144 467
28 12 968 320 3.14156 579
28 52 12 446 3.03179 671
28 60 656 506 3.09003 5678
28 4 50 610 3.24736 335
28 20 470 748 3.10745 338
