36 12 502 234 3.15737 42
36 60 890 142 3.11394 47
36 4 1194 638 3.16647 1215
36 68 1190 728 3.0886 303
36 76 1232 634 3.10572 185
36 20 670 184 3.17237 147
36 28 752 570 3.15402 5
44 44 694 50 3.06992 449
44 52 886 128 3.06798 460
44 60 22 498 3.09188 377
44 4 1202 638 3.20118 1215
44 68 898 150 3.1146 47
44 76 426 290 3.08708 203
44 84 1260 662 3.06679 146
12 36 720 582 3.22621 5
12 44 644 504 3.14371 425
12 12 506 384 3.29803 2736
12 4 508 376 3.34061 2736
12 20 662 480 3.13397 293
52 36 1206 658 3.04409 1215
52 44 816 430 3.00487 1689
52 52 834 472 3.07826 830
52 60 844 200 3.1459 26
52 68 846 210 3.08778 26
52 84 926 132 3.10477 60
52 92 1554 88 3.19739 2826
60 36 852 444 3.1688 11973
60 44 1214 664 3.17202 7510
60 60 674 470 3.11669 110
60 68 1210 750 3.1018 1034
60 76 944 116 3.1324 496
60 84 1562 76 3.18416 1285
60 92 1560 86 3.22424 2826
60 28 1224 666 3.19088 337
4 36 1226 640 3.16047 245
4 12 744 368 3.29726 5703
4 84 26 726 3.31585 32715
4 92 22 730 3.31406 32715
4 28 1682 538 3.20866 1214
68 52 1220 666 3.27146 7477
68 60 1220 672 3.24502 7477
68 68 868 202 3.07423 426
68 76 896 248 3.17333 46247
68 92 902 258 3.09634 26754
20 12 502 392 3.20427 51
20 60 66 450 3.16536 15684
20 20 1096 248 3.15852 4
20 28 1280 646 3.1354 7
28 36 754 70 3.13429 45
28 44 514 410 3.07476 2736
28 12 662 494 3.16557 22
28 52 1234 630 3.02783 7071
28 60 72 446 3.13902 15684
28 68 72 454 3.17429 15684
28 76 1222 632 3.18106 185
28 20 402 154 3.18712 11
28 28 362 378 3.13208 28
