132 36 1688 110 3.63218 188
132 44 1682 110 3.71667 188
132 12 1568 550 3.60208 1329
132 52 1682 118 3.70352 188
132 60 742 760 3.43579 8890
132 68 1344 278 3.42949 1556
132 76 1622 160 3.26448 26257
132 28 1278 334 3.54225 1140
36 36 1096 344 3.64398 2
36 44 1094 354 3.68241 2
36 52 1498 614 3.64679 701
36 60 1496 626 3.6668 701
36 4 1280 200 3.58361 19625
36 68 1106 350 3.709 739
36 76 1102 358 3.69505 739
36 20 718 674 3.54275 10
44 36 1106 342 3.68053 2
44 12 242 546 3.57915 24
44 52 1408 578 3.59115 908
44 4 1290 200 3.5055 19625
44 68 1114 348 3.70348 739
44 76 1110 358 3.72636 739
44 20 212 512 3.59144 149
44 28 246 554 3.59311 120
12 36 1468 600 3.71336 701
12 44 1462 602 3.68693 4186
12 12 338 494 3.74063 33687
12 52 1468 614 3.69332 1668
12 60 82 490 3.58807 174
12 4 1684 512 3.62352 23219
12 68 1398 256 3.60913 1592
12 28 290 446 3.70337 8909
52 36 1110 310 3.5963 739
52 44 1112 320 3.70329 510
52 12 1298 134 3.66473 11726
52 52 204 464 3.64179 893
52 60 528 666 3.61508 105
52 4 1446 170 3.67489 159
52 76 1118 356 3.67364 153
52 20 232 446 3.62354 2321
60 36 214 446 3.58016 488
60 12 1576 350 3.71102 561
60 60 136 480 3.55758 174
60 68 1122 348 3.59984 739
60 20 1570 356 3.55632 367
4 36 334 502 3.74447 31767
4 44 78 474 3.56205 315
4 52 78 480 3.61905 315
4 60 1220 632 3.57352 131734
4 4 1512 118 3.34831 88184
4 28 334 494 3.7787 31767
68 36 1150 188 3.59669 4326
68 44 1138 334 3.63986 393
68 12 1582 354 3.67111 561
68 52 1574 118 3.55386 1709
68 76 1572 166 3.72848 8898
68 20 1098 334 3.71995 41
68 28 1094 338 3.71816 41
76 36 278 558 3.64035 0
76 44 270 570 3.61802 24
76 52 1416 118 3.52721 46
76 4 314 714 3.59819 3303
76 68 1580 158 3.72857 8898
76 76 1606 158 3.77491 26
76 20 1170 166 3.66755 4326
76 28 1102 338 3.71634 41
20 36 302 448 3.73224 8909
20 12 144 546 3.60466 1903
20 52 1474 614 3.69926 4186
20 4 54 366 3.65367 6767
20 68 1406 256 3.52787 1592
20 20 306 436 3.58214 18102
20 28 306 442 3.69553 8909
84 36 254 544 3.66476 25
84 44 1176 194 3.58252 814
84 12 1076 478 3.53883 1763
84 52 1590 128 3.57656 12928
84 60 1588 136 3.68259 12928
84 4 290 510 3.5883 613
84 76 1614 158 3.759 26
84 20 1422 94 3.60179 448
84 28 254 538 3.67495 25
92 52 1594 130 3.61823 12928
92 4 1400 442 3.62873 170
92 20 280 546 3.58936 24
92 28 294 546 3.61938 24
100 44 730 734 3.54813 2505
100 12 1382 492 3.58103 519
100 52 1226 670 3.57499 13763
100 76 1642 156 3.89685 169
100 20 1386 500 3.50376 519
108 44 1366 574 3.62487 7109
108 12 120 498 3.57023 35060
108 52 1662 120 3.61578 188
108 4 122 488 3.58342 35060
108 68 1654 150 3.77473 169
28 36 310 448 3.74827 8909
28 44 312 454 3.70956 18102
28 12 314 430 3.54567 8909
28 52 1486 618 3.5991 701
28 60 1488 626 3.63518 701
28 4 304 424 3.45835 523
28 76 1068 368 3.51947 603
28 20 314 436 3.57856 18102
28 28 312 440 3.6782 8909
116 36 1374 566 3.62168 254
116 12 1254 320 3.61131 225
116 60 1656 142 3.87095 169
116 68 1656 150 3.84067 169
116 76 1602 162 3.76635 10272
116 20 1254 334 3.60779 1140
116 28 1374 558 3.6339 254
124 36 1378 570 3.68147 254
124 44 1678 110 3.67494 188
124 12 1186 226 3.63032 351
124 52 1666 138 3.73296 7829
124 60 1664 144 3.82148 169
124 68 1662 152 3.81523 169
124 20 1186 232 3.5836 351
