36 36 1054 10 3.16049 193
36 44 622 178 3.1925 111
36 12 1212 662 3.16778 4137
36 52 620 190 3.19329 111
36 60 868 612 3.123 140
36 4 1210 652 3.21423 2884
36 76 764 412 3.16863 36
36 20 862 588 3.17008 140
36 84 862 678 3.15863 43
36 28 682 398 3.1788 13
44 36 970 558 3.12116 87
44 44 1128 262 3.15584 366
44 52 412 154 3.15002 6817
44 60 646 408 3.14171 173
44 68 1580 80 3.16035 34587
44 76 878 254 3.18655 5732
44 20 964 550 3.09448 1850
44 84 880 258 3.23777 5732
44 100 14 726 3.31 17415
44 28 1428 272 3.07267 5092
12 44 846 586 3.18004 38
12 12 536 358 3.18208 273
12 52 594 188 3.13764 111
12 60 632 440 3.16069 1
12 4 534 354 3.14178 143
12 76 1256 654 3.12665 1053
12 20 8 442 3.18357 749
12 84 1258 664 3.14671 1053
12 108 1288 204 3.20462 35253
12 28 8 450 3.23175 749
52 36 246 6 3.117 8294
52 44 762 486 3.1792 1522
52 12 10 738 3.15812 191162
52 52 762 494 3.12835 1522
52 68 1006 734 3.10711 2276
52 100 22 726 3.36899 12431
52 108 22 730 3.37284 12431
60 36 1222 670 3.228 1766
60 52 1586 70 3.04521 44851
60 60 892 242 3.01001 5732
60 68 892 250 3.23619 4808
60 76 894 256 3.23475 4784
60 20 1230 660 2.94724 4137
60 100 28 726 3.37705 12431
60 28 1224 664 3.18711 1766
4 36 2 442 3.26791 4085
4 76 1248 654 3.263 3439
4 84 1248 662 3.2364 4094
4 92 684 602 3.18666 15662
4 100 1278 200 3.19839 35253
4 28 0 448 3.27816 749
20 36 890 42 3.1458 94
20 44 810 466 3.16217 2
20 52 624 416 3.18112 8
20 60 632 400 3.17547 173
20 4 544 350 3.15869 143
20 68 22 450 3.16394 3
20 76 902 76 3.1619 14
20 92 1384 734 3.11443 660
20 100 916 126 3.06338 159
20 108 1298 204 3.0696 11068
20 28 674 390 3.17217 13
28 36 676 404 3.17225 13
28 44 732 514 3.16828 4
28 12 878 670 3.15785 9
28 52 992 648 3.17056 74
28 60 634 420 3.14354 5
28 4 1204 652 3.19466 2884
28 68 1056 46 3.16987 897
28 76 756 412 3.1487 36
28 20 854 586 3.18821 140
28 84 812 482 3.14908 2
28 92 1034 62 3.07996 1370
28 28 630 396 3.17604 8
