36 36 270 302 3.14263 367
36 12 758 374 3.24818 192
36 4 760 362 3.27677 192
36 20 296 306 3.2602 27
36 28 92 108 3.13344 2018
44 36 630 510 3.23693 95
44 12 306 296 3.38356 0
44 20 644 514 3.33555 8
44 28 632 504 3.23902 95
12 36 84 258 3.11098 150
12 12 1682 522 3.27463 901
12 4 46 736 3.26367 1247
12 28 272 310 3.14439 19
52 12 652 506 3.40397 8
52 28 648 514 3.25147 1811
60 12 318 294 3.14675 27
60 20 320 306 3.28527 65
60 28 318 314 3.35219 0
4 36 82 756 3.13849 833
4 4 44 728 3.27613 6648
4 20 1682 516 3.24973 1741
68 36 670 528 3.28835 8
68 12 330 296 3.10263 0
68 20 328 304 3.2443 65
76 12 768 594 3.27186 73
76 4 1376 742 3.02228 82940
76 20 766 600 3.2528 73
20 36 258 288 3.15776 447
20 4 1688 512 3.30839 313
20 20 280 290 3.18148 67
20 28 280 308 3.16208 19
28 36 96 270 3.12731 278
28 12 8 406 3.1736 943
28 20 690 578 3.15163 284
28 28 34 262 3.14383 647
