36 36 328 738 3.16022 331
36 44 326 746 3.13768 331
36 12 1614 548 3.35671 16
36 28 1382 704 3.16796 2
44 36 338 734 3.214 12
44 44 336 742 3.15458 331
44 12 1618 546 3.33352 16
44 4 1384 338 3.23059 1512
44 68 1690 498 3.16502 20027
44 20 1618 554 3.34528 16
44 28 1138 622 3.18444 40
12 36 1242 642 3.24214 9
12 44 290 738 3.21808 309
12 60 28 726 3.33872 21069
12 4 1434 588 3.29164 283
12 68 26 730 3.31483 21069
12 20 314 724 3.21372 0
12 28 314 732 3.14392 23
52 12 1510 200 3.29461 262
52 60 1520 576 3.03455 10941
52 4 1392 336 3.24864 1512
52 20 1514 210 3.32407 262
52 28 1406 718 3.25999 2
60 36 1140 560 3.23135 420
60 12 1450 718 3.21649 153
60 60 346 752 3.02731 1991
60 68 732 634 3.05932 19412
4 36 1418 624 3.2223 59
4 44 12 722 3.1076 3492
4 12 164 710 3.16608 5634
4 60 22 726 3.33066 21069
4 68 22 730 3.33451 21069
4 20 1210 114 3.10969 210
4 28 1230 634 3.18065 1642
68 36 1404 370 3.21332 96
68 12 986 514 3.19047 401
68 52 168 750 3.11622 72
68 4 1156 600 3.20435 576
68 68 652 540 2.9781 6026
68 20 1526 590 3.19354 751
68 28 1402 360 3.23047 96
76 36 1520 216 3.21045 80
76 44 226 280 3.07607 10861
76 12 1162 606 3.20285 397
76 60 870 496 3.10071 407
76 68 168 762 3.04872 766
76 20 1460 718 3.12563 872
20 36 1250 640 3.16867 9
20 44 1414 616 3.23079 1035
20 12 1440 594 3.29027 283
20 4 1238 616 3.27387 39
20 20 1486 640 3.22375 226
20 28 1354 706 3.12955 18
84 68 90 552 3.11472 6183
84 20 1170 614 3.16335 40
92 52 82 514 3.14489 1415
92 60 702 564 3.09842 16511
92 20 870 454 2.84331 7036
28 36 1598 574 3.16086 16
28 44 1424 616 3.15855 1035
28 52 1424 624 3.23968 1035
28 60 282 736 3.15651 904
28 4 1240 588 3.34252 9
28 20 1610 558 3.31317 16
