36 52 1526 600 3.23147 103
36 4 1182 326 3.34842 1561
36 20 286 712 3.34146 116
44 36 530 694 3.38013 4
44 12 534 678 3.3869 4
44 4 1194 324 3.34145 1561
12 52 28 726 3.32047 19648
12 4 1476 402 3.2414 39
52 36 1526 582 3.37882 6
52 52 1532 594 3.45579 0
52 60 1532 602 3.44099 0
52 20 1526 558 3.42599 0
52 28 1530 570 3.45728 0
60 12 1396 362 3.16531 207
60 52 1540 592 3.45347 0
60 60 1538 602 3.48307 0
60 20 1534 562 3.44089 0
4 36 12 722 3.15815 3106
4 12 2 768 3.21769 910
4 52 22 726 3.3124 19648
4 60 22 730 3.31625 19648
4 20 1448 422 3.16862 539
4 28 1670 492 3.19067 970
68 12 878 492 3.201 146
68 52 1568 556 3.37924 134
68 60 1568 564 3.30446 134
76 12 1230 660 2.91087 4916
76 60 1556 594 3.33536 0
76 28 1538 566 3.44878 19
20 12 1178 332 3.21929 1246
20 4 0 764 3.28249 1941
28 36 1420 414 3.29916 140
28 4 1186 322 3.31046 258
