36 36 1268 312 3.1714 37
36 44 672 506 3.14678 156
36 52 666 510 3.18516 94
36 60 664 514 3.21775 94
36 68 944 766 3.2706 1318
36 28 698 590 3.12583 71
44 36 1126 624 3.12116 348
44 44 686 502 3.16463 141
44 12 0 772 3.29004 2702
44 52 680 510 3.15189 156
44 60 1088 272 3.1223 200
44 20 1118 598 3.15254 375
44 28 1114 230 3.16361 1441
12 36 678 596 3.15009 45
12 12 26 730 3.46897 18
12 52 680 618 3.22561 71
12 60 1230 630 3.29492 877
12 4 28 726 3.49225 18
12 68 1232 640 3.35347 877
12 20 34 744 3.43139 6
12 28 18 760 3.32611 2
52 36 718 680 3.19594 50
52 52 1250 634 3.08544 46
52 4 910 270 3.31302 38917
52 68 1646 754 3.12404 5513
52 20 1126 600 3.12094 375
52 28 1122 230 3.12066 1441
60 36 598 234 3.14869 135
60 44 726 690 3.20074 50
60 52 870 480 3.15225 298
60 60 86 304 3.12356 48
60 4 516 372 3.26654 917
60 68 74 298 3.06521 1239
60 20 146 0 3.13895 738
60 28 1138 230 3.17269 1441
4 36 1522 362 3.19014 91
4 44 1224 622 3.37242 46
4 12 22 730 3.48804 18
4 52 1222 626 3.36014 46
4 4 22 726 3.48419 18
4 68 1226 642 3.25487 877
4 20 40 736 3.39264 629
4 28 30 750 3.3797 6
68 12 1110 602 3.142 1753
68 52 902 482 3.24254 271
68 4 1122 584 3.22713 1019
76 36 606 238 3.17387 135
76 44 606 246 3.18903 135
76 12 1694 626 3.16532 42
76 60 908 486 3.26338 271
76 4 1158 602 3.25986 348
76 68 1402 248 3.13971 38315
76 28 1698 642 3.18535 42
20 36 688 610 3.27069 71
20 44 686 614 3.28078 71
20 12 38 738 3.46459 18
20 52 314 310 3.25928 65
20 60 604 424 3.19711 112
20 28 34 754 3.24986 16
84 36 842 422 3.28041 239
84 12 1164 606 3.26234 596
84 60 1480 190 3.12098 10905
84 4 1206 642 3.24703 19691
84 68 1074 306 3.18142 1327
84 20 68 752 3.23043 991
84 28 840 410 3.24945 1940
28 36 656 500 3.19215 156
28 44 1688 540 3.21538 26
28 52 1682 534 3.28359 78
28 60 320 320 3.30467 65
28 4 46 728 3.45897 18
28 68 936 766 3.26527 1318
28 20 1690 516 3.26126 61
