36 44 922 506 3.06763 6244
36 52 950 174 3.07474 273
36 60 1480 552 3.06317 630
36 4 854 318 3.33971 0
36 68 1130 126 3.15892 226
36 76 0 312 3.12776 2150
36 20 854 336 3.49505 0
36 84 1098 500 3.12169 645
44 36 1140 580 3.12526 774
44 44 930 508 3.096 3282
44 12 198 730 3.12802 17214
44 52 1092 440 3.06707 472
44 60 1134 118 3.12928 226
44 4 290 354 3.22057 51
44 68 1138 124 3.13331 226
44 76 1104 496 3.11713 645
44 20 866 334 3.20001 386
44 84 1134 134 3.10387 226
44 28 172 768 3.16817 277
12 36 426 400 3.29708 32
12 44 286 404 3.14424 320
12 12 260 364 3.43188 3
12 4 262 358 3.43772 3
12 76 22 728 3.3 15335
12 20 834 334 3.421 0
12 28 830 338 3.44311 0
52 44 208 750 3.10536 1667
52 12 1608 382 3.15836 868
52 52 202 738 3.14514 831
52 4 1584 356 3.18753 446
52 68 1140 128 3.13823 226
52 20 180 758 3.17048 277
52 84 1138 136 3.09043 226
60 36 990 174 3.07528 1516
60 44 960 148 3.00663 1001
60 12 1224 664 3.05174 15969
60 60 40 758 3.23131 209
60 68 1094 466 3.19358 2276
60 76 1094 472 3.19657 2276
60 84 1094 490 3.20151 2276
4 36 950 350 3.25247 1048
4 12 954 334 3.29783 1048
4 4 476 414 3.32104 301
4 76 22 726 3.28777 43010
4 20 882 296 3.2996 12
4 28 954 348 3.29077 501
68 52 50 754 3.16826 209
68 60 50 762 3.17897 209
68 68 1104 466 3.17032 2276
68 84 1102 490 3.16777 2276
20 36 902 314 3.27525 36
20 44 174 614 3.08971 1037
20 12 846 326 3.39021 0
20 52 128 576 3.00282 28574
20 60 130 586 2.99455 28574
20 4 268 358 3.42809 3
20 20 840 334 3.42124 0
20 28 838 338 3.4463 0
28 36 946 330 3.19419 245
28 44 910 326 3.0435 229
28 12 210 606 3.34049 46
28 60 666 562 3.00728 1485
28 4 210 598 3.35723 46
28 68 1478 566 3.06599 650
28 28 838 346 3.48099 2
