36 44 1166 170 3.2083 435
36 12 1522 542 3.08519 40
36 60 864 204 3.13586 330
36 4 1512 526 3.20627 157
36 68 1246 130 3.20072 22
36 76 1506 326 3.23675 770
36 20 1510 594 3.11841 231
36 92 1392 452 3.0415 4572
44 36 1172 170 3.2317 1024
44 12 1530 538 3.08823 40
44 52 1512 306 3.2061 1014
44 60 1510 314 3.20102 458
44 4 1520 526 3.23906 157
44 68 1512 320 3.2242 770
44 76 1510 330 3.20727 770
44 20 1546 558 3.01248 819
44 92 1490 278 3.06398 4741
44 28 1538 562 3.11043 67
12 36 1206 110 3.11302 22
12 44 1206 116 3.15207 22
12 52 1396 408 3.06203 36
12 60 164 760 2.94995 949
12 4 26 728 3.34301 1021
12 76 1684 494 3.15498 128
12 84 1682 500 3.05403 128
52 44 1176 174 3.22659 464
52 12 1538 538 3.08323 79
52 52 1176 178 3.2127 464
52 60 1516 318 3.2281 458
52 4 1538 530 3.14511 237
52 20 918 464 2.95424 11926
52 84 872 274 3.11967 11
52 28 1518 286 3.03074 353
60 36 1398 424 3.05806 2146
60 44 1550 560 3.00498 39
60 52 1522 300 3.04315 528
60 60 884 224 3.09891 23
60 68 878 256 3.11001 7
60 28 1652 528 3.01216 184
4 36 42 736 2.96825 1117
4 60 1684 528 3.02222 13641
4 68 1230 636 3.07312 3882
4 76 1672 496 3.03292 128
68 36 1404 426 2.95088 633
68 44 1402 432 2.95744 633
68 12 10 738 3.15132 17989
68 52 1404 442 2.96386 633
68 60 890 250 3.17674 14
68 68 892 256 3.22027 14
68 76 10 724 3.23414 1123
76 52 900 242 3.17682 25
76 84 22 728 3.35617 106
76 28 1544 574 3.01488 240
20 36 1214 106 3.10125 22
20 44 1214 116 3.12151 22
20 12 0 406 3.0138 4699
20 52 174 442 2.99411 52
20 60 254 394 2.95938 356
20 4 52 724 3.05459 1851
20 68 254 400 3.02421 356
20 76 1694 494 3.11303 128
20 84 1692 500 3.1517 128
28 36 1230 114 3.13251 22
28 60 854 206 3.17838 330
28 4 326 592 3.12516 2859
28 68 1236 132 3.17229 22
28 76 1238 138 3.20037 22
28 20 1216 106 3.1262 221
28 92 666 572 2.92496 15256
