36 36 1126 624 3.24509 204
36 44 1126 632 3.13739 1310
36 12 1540 648 3.30333 1882
36 52 1670 488 3.33032 10555
36 60 1670 496 3.28825 10555
36 4 1514 634 3.35276 633
36 28 1126 618 3.22622 204
44 12 426 632 3.33051 57
44 60 1682 496 3.35158 10555
44 4 250 526 3.3412 189
44 20 866 502 3.36804 0
44 28 862 504 3.35408 0
12 36 72 452 3.30363 1650
12 44 1230 642 3.23394 278
12 52 28 724 3.30263 79227
12 60 26 730 3.28828 79227
12 20 1256 310 3.21651 79
12 28 72 444 3.24719 1650
52 36 866 512 3.26156 0
52 44 584 368 3.14246 2096
52 12 874 494 3.33227 0
52 52 1692 490 3.23974 17613
52 60 1690 496 3.3399 17613
52 20 874 502 3.36866 0
60 36 1284 332 3.29573 4
60 12 562 690 3.29958 123
60 52 110 320 3.17113 219
60 60 940 224 3.10229 8109
60 28 1282 322 3.3208 69
4 12 0 456 3.14243 2896
4 52 22 726 3.30411 79227
4 60 22 730 3.30796 79227
4 4 170 400 3.20903 35742
4 28 132 584 3.30791 1560
68 36 878 512 3.27245 0
68 12 886 486 3.244 0
68 52 1146 242 3.17591 142
68 60 894 254 3.2122 60839
68 28 878 506 3.27464 0
76 44 1158 228 3.17582 1257
76 12 986 530 3.21239 230
76 52 900 250 3.1648 60839
76 60 902 258 3.10969 60839
76 4 1680 566 3.18607 4911
76 20 990 540 3.23574 230
20 36 1240 638 3.15427 278
20 44 1240 642 3.26078 278
20 52 1672 496 3.24174 15654
20 4 1506 634 3.32181 2450
28 12 1502 642 3.29068 633
28 4 1502 632 3.34679 633
28 28 1606 570 3.12907 340
