36 36 476 458 3.29804 36
36 44 474 468 3.31104 36
36 12 352 602 3.05066 2976
36 52 472 478 3.26734 21
36 4 354 596 3.10141 2976
36 68 610 466 3.06109 680
36 20 488 552 3.05971 384
44 36 482 458 3.31594 36
44 44 484 478 3.33759 21
44 12 360 602 3.05426 41558
44 52 488 482 3.2899 21
44 60 488 494 3.28983 21
44 28 280 546 3.18079 321
12 36 870 288 3.24693 2
12 44 1560 92 3.13311 24
12 12 390 600 3.21527 24629
12 52 912 728 3.06339 296
12 4 44 370 3.26241 1176
12 28 1580 94 3.20344 10
52 36 490 466 3.22424 21
52 44 494 478 3.23649 21
52 52 496 484 3.28372 21
52 60 496 492 3.31766 21
52 20 1136 222 3.04841 586
52 28 444 486 3.11765 2018
60 36 94 376 3.10019 14
60 52 414 570 3.10667 1537
60 60 506 492 3.06994 40
60 20 1506 350 2.92789 43868
60 28 294 546 3.0374 2266
4 36 936 506 3.20632 1007
4 12 330 498 3.23108 3800
4 52 952 162 2.98754 12160
4 60 1670 496 2.99883 3296
4 4 36 372 3.1789 1176
4 20 382 606 3.23229 24629
4 28 938 494 3.23842 1007
68 36 104 374 3.21729 14
68 44 106 378 3.14828 14
68 52 238 732 2.96514 1570
68 60 304 594 3.09238 80
68 4 26 726 3.3422 2309
68 68 1462 246 3.04414 1774
76 36 114 370 3.1333 14
76 44 112 380 3.22098 14
76 52 104 390 3.01528 14
76 60 102 398 3.02708 14
76 68 310 600 3.102 80
76 28 10 734 3.40802 0
20 36 408 586 3.23748 32
20 44 1562 98 3.16091 342
20 12 1392 226 3.01291 42
20 52 456 480 3.17341 36
20 60 1686 490 3.20108 26
20 4 892 222 3.01291 212
20 68 1682 496 3.2211 1854
20 20 1564 70 3.11425 342
20 28 876 278 3.19222 2
84 44 1218 654 2.94098 1889
84 52 1066 270 2.99281 716
84 68 710 378 2.99468 183612
84 20 22 728 3.43213 0
28 36 466 466 3.31407 21
28 12 1400 228 3.11428 42
28 60 464 488 3.27284 21
28 4 346 596 3.08091 2976
28 20 1594 90 3.14027 10
28 28 464 462 3.28086 406
