36 132 1076 272 3.26394 27526
36 36 424 506 3.43978 276
36 12 1568 264 3.47403 3964
36 52 1106 282 3.43646 46
36 68 866 262 3.50111 16
36 20 1612 242 3.36388 88
36 84 8 402 3.5492 60
36 92 10 412 3.55272 60
36 100 16 642 3.48786 9479
36 108 10 426 3.49559 60
36 28 1208 164 3.43208 1151
44 36 1594 254 3.50018 560
44 52 1634 258 3.50333 78
44 60 8 388 3.48007 60
44 4 1110 228 3.33709 1851
44 76 922 480 3.51314 58
44 20 1108 238 3.4482 46
44 84 920 462 3.47681 208
44 92 1528 328 3.43741 797
44 100 1502 160 3.40166 12437
44 28 1108 244 3.5101 46
12 44 1550 290 3.48707 416
12 12 26 730 3.77166 43300
12 52 850 242 3.36449 389
12 60 148 380 3.39151 2838
12 4 28 726 3.79555 43300
12 68 146 386 3.28764 2838
12 84 74 496 3.34731 1635
52 36 1674 202 3.53843 31
52 44 1602 258 3.49809 560
52 52 1670 218 3.53523 31
52 60 930 454 3.5514 72
52 4 1114 228 3.29098 1851
52 76 926 478 3.57317 72
52 20 1116 234 3.43923 46
52 28 1114 244 3.52398 46
60 132 1046 278 3.31692 143927
60 36 1596 226 3.40603 50
60 44 1680 206 3.50171 31
60 12 1206 654 3.30108 6129
60 52 1286 540 3.52029 197
60 60 938 454 3.64004 58
60 68 938 456 3.63375 208
60 76 934 482 3.62935 72
60 100 1362 146 3.37818 23187
60 108 950 418 3.33075 2376
60 28 1550 242 3.41061 227
60 116 950 424 3.37544 2376
60 124 1048 274 3.33809 143927
4 140 10 734 3.71401 15734
4 12 22 730 3.79133 43300
4 52 496 394 3.24442 6928
4 4 22 726 3.78749 43300
4 68 1220 632 3.27243 8888
68 132 1058 282 3.32859 143927
68 36 1680 210 3.54856 31
68 44 1678 220 3.5388 193
68 52 1294 540 3.46492 197
68 60 946 448 3.62837 208
68 68 42 374 3.59505 6
68 76 48 392 3.67831 6
68 20 470 656 3.29622 29454
68 100 1518 146 3.43379 13427
68 116 966 364 3.32035 53919
68 124 1058 272 3.36566 143927
76 44 1686 216 3.54628 31
76 52 1666 260 3.44407 189
76 60 54 366 3.59967 6
76 68 56 384 3.61653 65
76 20 1692 184 3.38203 31
76 84 54 402 3.5645 6
76 92 50 410 3.48307 65
76 100 1530 148 3.48353 13427
76 108 1528 154 3.46749 13427
76 28 888 222 3.34395 16
76 116 1542 96 3.32936 59770
20 44 1598 260 3.51178 88
20 52 0 368 3.42787 93
20 60 154 382 3.44768 2838
20 68 154 386 3.46274 2838
20 76 850 272 3.58351 16
20 92 1008 286 3.22236 43039
20 100 162 414 3.30058 4983
20 28 42 744 3.56415 6010
84 36 274 502 3.4551 77489
84 52 496 588 3.42998 845
84 60 278 530 3.43813 30272
84 76 1152 306 3.5096 1074
84 20 10 738 3.48672 104489
84 84 1076 424 3.42614 169
84 28 1218 658 3.33131 62624
84 116 1554 94 3.36596 59770
92 36 280 502 3.40967 30272
92 44 278 506 3.4655 30272
92 52 1438 468 3.40735 19833
92 60 1538 152 3.51199 10266
92 68 1158 302 3.50061 1074
92 76 1162 306 3.50187 1074
92 84 1312 254 3.47323 37165
92 92 1312 262 3.48047 37165
28 36 1088 256 3.51861 46
28 44 1610 258 3.49057 88
28 12 46 736 3.78846 43300
28 52 1100 284 3.42769 46
28 60 6 376 3.44841 93
28 4 46 728 3.76593 43300
28 84 2 402 3.61522 60
28 92 2 414 3.60068 60
28 100 4 480 3.60484 22
28 108 2 424 3.51167 60
28 28 1096 248 3.45348 46
