36 36 832 522 3.16586 20
36 44 598 114 3.14488 395
36 12 1474 752 3.21338 136
36 52 922 726 3.16904 7
36 60 1248 642 3.22254 6181
36 4 1474 742 3.17997 136
36 68 1666 772 3.26674 1890
36 20 932 684 3.12214 452
36 28 934 690 3.11307 452
44 36 358 34 3.12718 352
44 12 1432 594 3.18245 1568
44 52 1286 726 3.13979 343
44 60 1264 636 3.14894 6181
44 4 1294 610 3.21862 14527
44 68 938 746 3.08788 5412
44 20 1684 674 3.08846 4836
44 28 362 22 3.15333 352
12 36 1648 744 3.12742 13
12 12 1522 134 3.2011 196954
12 52 1672 490 3.29622 6
12 60 1670 496 3.23801 6
12 4 1522 126 3.23854 196954
12 68 22 728 3.14099 23897
12 20 970 648 3.13144 120
12 28 10 444 3.13941 55464
52 44 552 490 3.12415 741
52 12 1516 530 3.23567 1
52 52 752 52 3.13364 752
52 60 1008 62 3.14115 230
52 4 1518 524 3.30241 296
52 68 1008 68 3.1451 230
52 20 1510 534 3.18998 0
60 36 1536 556 3.10552 30
60 44 746 682 3.12186 4707
60 12 334 594 3.2754 19197
60 52 1042 26 3.11276 346
60 60 1038 54 3.20182 12
60 4 1442 588 3.32544 1568
60 68 862 652 3.11009 1049
60 28 1518 538 3.17201 0
4 36 340 494 3.21425 1313
4 44 1232 638 3.21339 6181
4 12 1514 134 3.25579 196954
4 52 1230 644 3.14019 6181
4 60 18 726 3.06915 175374
4 20 1074 238 3.21877 1637
68 36 1282 738 3.14436 344
68 44 756 682 3.17808 311
68 12 342 596 3.32514 19197
68 52 758 690 3.17686 311
68 60 1126 28 3.27194 20988
68 4 346 590 3.31576 19197
68 68 1092 46 3.31784 6282
68 28 1530 544 3.13702 4
76 36 1288 736 3.20287 25
76 44 1286 744 3.17836 25
76 12 354 598 3.29119 9618
76 52 792 688 3.15102 4403
76 60 1134 30 3.25075 20988
76 4 352 590 3.07177 9618
76 68 1036 74 3.33316 79
76 28 782 690 3.1199 6945
20 36 910 712 3.1587 7
20 12 464 334 3.16123 221
20 60 1680 494 3.29494 6
20 4 1458 746 3.08973 41745
20 20 978 650 3.17276 120
20 28 582 104 3.15161 395
84 44 330 458 3.19761 697
84 12 360 598 3.24901 18642
84 60 1040 68 3.35389 115
84 4 1552 520 2.87893 10095
84 68 1040 74 3.3141 96
84 28 302 20 3.12639 5298
28 36 586 106 3.1669 395
28 44 586 114 3.17321 395
28 12 1466 752 3.25294 136
28 52 774 618 3.21853 482
28 60 1240 642 3.28115 6181
28 68 1690 500 3.26892 2450
28 20 1236 396 3.15014 100
28 28 826 512 3.20434 20
