36 36 814 202 3.72983 15
36 44 814 210 3.73165 15
36 12 810 182 3.15997 11
36 52 814 218 3.72667 15
36 60 814 226 3.71957 15
36 68 814 234 3.66325 11
36 76 888 252 3.25618 378
36 20 814 186 3.6233 6
36 84 890 258 3.2919 879
36 28 814 194 3.66821 32
44 36 822 202 3.68945 30
44 44 822 210 3.70754 4
44 52 822 218 3.7027 4
44 68 824 234 3.26274 4
44 20 1202 642 3.19505 638
44 28 826 196 3.37092 19
12 36 790 202 3.6576 15
12 44 790 210 3.69112 15
12 52 790 218 3.66433 11
12 60 788 226 3.54617 27
12 68 1696 558 3.31437 522
12 76 70 446 3.27145 100
12 20 334 498 3.21972 4055
12 28 790 196 3.22626 32
52 36 846 472 3.20609 938
52 44 830 210 3.21573 272
52 52 830 218 3.29483 272
52 60 900 240 3.18026 41586
52 76 902 258 3.14439 879
52 20 1224 660 3.12069 342
52 28 1222 666 3.20648 342
4 44 1684 526 3.22374 522
4 12 44 730 3.04757 37523
4 52 1684 534 3.24437 522
4 60 1686 546 3.29976 522
4 4 44 726 3.03094 37523
4 76 64 452 3.21501 6590
4 20 326 498 3.11007 4055
20 36 798 202 3.70829 30
20 44 798 210 3.71808 4
20 52 798 218 3.7179 4
20 60 798 226 3.70612 30
20 68 798 234 3.69753 4
20 76 798 242 3.58321 0
20 20 798 186 3.62 0
20 28 798 194 3.70305 19
28 36 806 202 3.73243 15
28 44 806 210 3.73363 15
28 12 806 178 3.3939 11
28 52 806 218 3.7254 15
28 60 806 226 3.71544 15
28 68 806 234 3.67858 4
28 76 806 242 3.58325 0
28 20 806 186 3.64784 0
28 84 834 256 3.27973 10
28 28 806 194 3.7063 19
