36 36 1426 722 3.12411 146
36 44 354 520 3.11253 157
36 12 1156 614 3.08256 70
36 4 22 756 3.23958 896
36 68 398 386 3.17558 4
36 76 1062 64 3.1154 19
36 20 1146 614 3.08606 715
36 28 1102 614 3.19669 8
44 36 1112 624 3.16402 8
44 12 1162 616 3.028 70
44 52 400 370 3.15214 0
44 60 398 374 3.15385 0
44 4 976 314 3.07549 24031
44 68 178 372 3.16911 3670
44 76 896 258 3.05223 7657
44 28 1114 618 3.11664 8
12 36 986 560 3.00476 139
12 44 426 482 3.22285 159
12 12 48 736 3.34297 1732
12 52 424 490 3.15221 159
12 68 998 590 3.16661 21
12 20 948 514 3.11546 393
12 28 1704 254 3.05872 6990
4 44 418 486 3.19555 159
4 52 416 492 3.24026 159
4 60 240 378 3.18358 1605
4 4 42 730 3.33087 1732
4 76 1550 718 3.07753 24158
4 28 330 498 3.19328 773
20 44 1000 562 3.16203 21
20 52 376 362 3.17104 0
20 60 1002 580 3.17271 21
20 68 1006 586 3.15561 21
20 20 954 514 3.12947 393
20 28 954 520 3.14407 393
28 36 1420 726 3.22252 146
28 44 1418 732 3.18949 334
28 52 384 362 3.2572 4
28 60 384 370 3.21046 4
28 4 44 738 3.25792 2369
28 68 382 378 3.12218 0
28 76 384 388 3.18094 0
28 20 962 496 3.09067 1026
28 28 1420 718 3.16433 146
