36 12 46 738 3.44309 52
36 52 1466 752 3.26785 236
36 68 886 708 3.22564 28
36 76 356 356 3.05839 5389
36 20 1594 562 3.18174 76
36 84 1176 418 3.05683 1507
36 28 414 754 3.22013 917
44 36 426 762 3.24905 917
44 44 1474 740 3.29772 236
44 12 1604 554 3.19321 76
44 52 1472 752 3.22564 236
44 60 1470 760 3.19295 236
44 68 1586 616 3.05521 205
44 20 178 174 3.23125 35
44 28 48 582 3.19718 216
12 36 22 756 3.23477 7
12 44 1442 740 3.1731 85
12 52 862 686 3.09719 221
12 60 860 696 3.24089 28
12 68 214 236 3.14075 259
12 84 138 582 3.24755 9592
12 92 70 446 3.2808 20782
52 36 1602 580 3.11764 60
52 44 1424 590 3.17388 1559
52 12 1492 590 3.13007 156
52 52 1482 750 3.15861 1080
52 4 546 350 3.13459 885
52 76 894 254 3.1685 82
52 84 14 726 3.38449 117
52 28 56 582 3.19218 216
60 36 1610 582 3.11326 60
60 44 1432 588 3.18643 1559
60 12 184 170 3.14293 35
60 52 1434 594 3.12897 1559
60 68 890 258 3.1826 92
60 20 184 178 3.18815 35
60 28 318 742 3.09999 238
4 36 14 756 3.32675 7
4 60 506 426 3.07242 4387
4 4 22 726 3.4899 16
4 20 10 734 3.45058 21
4 92 64 450 3.24034 20782
68 36 1616 584 3.08699 63
68 44 1546 638 3.17552 1191
68 12 1210 654 3.17489 1514
68 60 896 250 3.14479 92
68 28 326 742 3.08523 238
76 36 1426 582 3.05783 225
76 44 1422 590 3.11242 225
76 12 1218 654 3.05159 1514
76 20 1544 576 3.17536 242
76 28 152 8 3.05217 323
20 36 1454 732 3.29821 236
20 52 1458 750 3.13741 236
20 60 868 696 3.19404 28
20 4 22 728 3.50648 21
20 68 868 704 3.2413 28
20 76 1238 614 3.2042 39
20 20 34 742 3.37245 21
20 84 1238 620 3.19453 39
28 36 1462 734 3.3158 236
28 44 1464 740 3.31851 236
28 12 42 734 3.47358 12
28 68 876 706 3.26309 28
28 76 1248 614 3.25336 39
28 84 1248 622 3.18768 39
28 92 708 592 3.02568 1103
