36 36 618 418 3.05725 166
36 44 278 102 3.08639 168
36 12 10 402 3.03333 3367
36 52 650 398 3.08974 48
36 60 602 186 3.04486 94
36 68 1048 60 3.14863 17778
36 76 1048 68 3.17844 17778
36 20 18 446 3.07155 4036
36 28 16 430 3.13035 6
44 36 628 418 3.03719 166
44 44 352 76 2.99841 54
44 60 1064 52 3.04796 7
44 4 1614 550 3.16769 33503
44 68 944 122 3.06446 11
44 76 952 294 3.08924 14525
44 20 18 478 3.08202 3857
44 28 24 432 3.09927 6
12 44 334 496 3.26539 223
12 12 26 730 3.3399 6265
12 60 1688 526 3.19061 38
12 4 28 726 3.3638 6265
12 68 776 530 3.06514 58
12 76 1688 534 3.11004 38
4 44 326 498 3.14126 223
4 12 22 730 3.35958 6265
4 60 330 504 3.27908 396
4 4 22 726 3.35573 6265
4 76 1680 534 3.23714 2109
4 20 10 734 3.27843 23501
20 44 8 446 3.10447 76
20 52 1106 230 3.11504 4
20 60 784 522 3.08749 58
20 4 46 728 3.25469 4344
20 68 586 192 3.13191 37
20 20 382 602 3.16306 29
28 44 18 452 3.07494 6
28 12 390 590 3.18127 29
28 52 304 440 3.06472 41
28 60 740 392 3.09599 62
28 68 1038 60 3.12316 17778
