36 44 98 210 3.09619 401
36 52 72 250 3.08474 86
36 60 526 480 3.08923 451
36 68 848 226 3.09379 1025
36 76 888 256 3.20827 944
36 28 686 2 3.07134 3023
44 36 822 312 2.98101 573
44 44 198 130 3.04265 19084
44 52 894 232 3.00997 4573
44 68 894 250 3.15083 128
44 76 896 256 3.19711 944
44 28 1438 318 3.09524 6805
12 12 22 730 3.52442 6
12 60 1438 744 3.10479 80
12 4 26 726 3.52621 6
12 68 1422 616 3.16779 9817
52 36 1012 216 2.96162 6319
52 44 870 270 3.05089 35947
52 12 1606 384 2.99523 2026
52 52 898 242 3.14128 1527
52 4 68 736 3.08432 57
52 20 1446 312 3.07733 6805
52 28 362 486 3.05551 3830
60 36 266 400 3.11459 16014
60 12 74 762 3.0385 131
60 52 900 252 3.12553 5726
60 4 162 318 2.9576 114687
60 20 1616 390 2.99439 2026
60 28 266 394 3.10545 16014
4 44 14 754 3.06793 9
4 52 1680 518 3.18772 1977
4 60 1682 526 3.17683 1977
4 68 1682 490 3.24197 15419
4 76 1682 496 3.27273 15419
4 28 10 734 3.46226 4
20 52 1294 682 3.05208 811
20 60 42 28 3.08596 122
20 68 958 752 3.12486 157
20 76 1696 38 3.10035 79
28 36 40 754 3.21977 7
28 44 1318 602 3.07632 436
28 12 46 730 3.49007 8
28 52 188 52 3.0832 217
28 60 154 214 3.07743 135
28 68 70 254 3.08531 85
28 76 1698 44 3.1215 79
28 20 46 736 3.4465 16
28 28 50 740 3.33831 0
