36 12 1230 298 3.26653 0
36 52 1022 470 3.06287 2178
36 60 826 452 3.05017 1099
36 4 1514 636 3.2442 1894
36 68 862 54 3.03358 917
36 76 874 246 3.0989 1249
36 20 1230 306 3.29473 0
36 84 876 258 3.05958 1249
44 44 1124 250 3.05876 68
44 12 1572 366 3.10621 54328
44 52 536 428 2.99375 6640
44 60 696 106 3.05361 2432
44 4 1612 550 3.25087 2818
44 68 694 112 3.0802 2432
44 76 882 250 3.00704 1249
44 20 806 382 3.12929 59
44 84 886 260 3.13146 3322
44 28 808 408 3.12293 322
12 36 1208 324 3.16327 0
12 44 1688 534 3.12822 403
12 52 1688 544 3.22428 403
12 20 336 510 3.11999 60393
12 28 1218 320 3.12397 2
52 36 162 328 3.14353 51156
52 44 1134 246 3.19981 874
52 12 454 412 3.27582 20559
52 60 116 324 3.04607 17240
52 4 240 526 3.30841 23910
52 68 1142 266 3.0981 874
52 76 890 254 3.17525 1249
52 20 846 446 3.18438 455
52 84 894 258 3.12322 1249
52 28 164 326 3.11833 44919
60 36 170 330 3.14965 51156
60 44 1146 246 3.18336 874
60 12 426 630 3.30868 336
60 52 1144 256 3.2035 874
60 60 842 414 3.21903 3126
60 4 426 622 3.28548 336
60 76 898 254 3.13751 1249
60 20 854 450 3.27606 455
60 28 1154 226 3.13544 302
4 36 1684 534 3.15987 1722
4 44 1680 536 3.21303 403
4 52 1220 632 3.19042 1202
4 76 22 726 3.20572 195949
4 20 330 502 3.19627 8568
4 84 22 730 3.20957 195949
4 28 1684 526 3.14781 1722
20 36 700 534 3.08995 915
20 44 806 450 3.05156 464
20 12 1214 298 3.22169 16
20 52 1092 280 3.07298 961
20 4 1254 620 3.15173 925
20 68 718 578 3.14379 231
28 36 1222 318 3.23585 0
28 44 902 566 3.01402 1475
28 12 1220 296 3.26457 0
28 52 708 546 3.03417 681
28 60 1098 264 3.03669 398
28 4 994 568 3.22089 130
28 68 1102 274 3.04485 398
28 20 1220 304 3.32863 0
