36 36 1290 646 3.28507 0
36 44 1286 658 3.2483 0
36 12 920 282 3.24857 168
36 4 918 272 3.32929 168
36 20 1280 634 3.17402 0
36 28 406 462 3.15119 316
44 44 1296 654 3.19053 0
44 4 1518 558 3.11455 29524
44 20 868 222 3.17467 87
44 28 1290 648 3.21862 0
12 36 1690 492 3.31311 69
12 44 1686 498 3.33983 69
12 12 44 738 3.2924 14377
12 4 44 730 3.29516 14377
12 20 508 380 3.26169 3
12 28 1690 482 3.15625 24
52 44 1304 654 3.12768 0
52 12 1216 662 3.10719 1929
52 52 1680 42 3.09902 4934
52 4 1216 654 3.10041 1929
52 20 1300 642 3.16638 0
60 44 1310 630 3.04353 469
60 12 1226 668 3.08156 7388
60 52 1696 304 3.07194 82
60 20 1650 578 3.07629 191
4 36 1682 492 3.32987 69
4 44 1678 498 3.29953 69
4 4 10 734 3.27875 45
4 20 902 276 3.27334 107
4 28 1686 132 3.21187 296
68 36 974 138 3.02293 128
68 44 956 110 3.13111 33998
68 52 956 118 3.13151 33998
68 4 18 726 3.22746 64172
68 28 1572 654 3.01379 2023
76 36 1062 194 3.04051 2313
76 44 966 108 3.13341 33998
76 52 964 118 3.13073 33998
76 20 1640 74 2.81974 449
76 28 1066 186 3.09061 2313
20 36 1144 412 3.18898 38
20 4 28 746 3.33994 45
20 28 1258 630 3.1614 0
28 4 910 272 3.34883 168
28 28 526 392 3.16899 4
