36 36 1032 28 3.15948 77
36 44 738 486 3.22221 48
36 12 1474 634 3.22629 96
36 52 738 492 3.19877 48
36 60 992 682 3.18967 64
36 68 992 688 3.19222 64
36 76 1040 72 3.30011 77
36 20 314 18 3.1874 1
36 28 1032 22 3.19433 77
44 36 562 646 3.16422 17
44 44 1534 762 3.16549 8874
44 12 1486 634 3.23944 159
44 52 1290 740 3.14722 90
44 76 896 256 3.14784 45695
12 44 620 398 3.31634 142
12 52 622 410 3.3117 142
12 60 808 650 3.24673 8
12 4 1686 514 3.24705 5396
12 68 826 666 3.26421 34
12 76 730 598 3.29431 335
12 28 12 454 3.30276 0
52 36 700 498 3.21099 55
52 44 1544 764 3.16675 8874
52 12 338 10 3.24061 80
52 20 570 634 3.19507 17
52 28 1170 658 3.1935 641
60 36 1176 662 3.19505 641
60 44 1038 62 3.22636 5033
60 12 1056 600 3.33719 163
60 52 1038 70 3.27847 5033
60 4 1058 592 3.41792 163
60 68 22 726 3.31209 139408
60 76 22 730 3.31921 139408
60 28 326 22 3.23037 54
4 12 334 490 3.29035 2118
4 52 610 406 3.31614 142
4 60 612 416 3.24225 1279
4 68 1230 638 3.30423 466
4 76 668 574 3.16981 48771
4 20 332 498 3.36304 2118
4 28 336 494 3.36654 2118
68 44 1042 66 3.25003 5033
68 12 1510 636 3.42305 162
68 4 1514 630 3.3987 162
68 68 28 726 3.32343 139408
68 76 26 730 3.29953 139408
68 20 794 18 3.1668 12718
68 28 1314 712 3.19015 38
20 44 602 258 3.20055 84
20 52 1492 650 3.19758 50
20 60 818 650 3.24495 8
20 4 1600 560 3.1152 372
20 68 818 656 3.24698 8
20 76 736 594 3.23542 335
20 28 16 442 3.24122 3
28 36 26 448 3.2147 3
28 44 746 682 3.17512 2539
28 52 730 494 3.21687 48
28 60 1496 654 3.18138 50
28 76 1032 72 3.25197 77
28 20 22 448 3.18702 0
28 28 22 438 3.19798 3
