36 36 1534 280 3.15479 114
36 44 804 500 3.14016 355
36 12 724 482 3.20785 2
36 52 1194 200 3.1558 105
36 60 640 418 3.13698 3536
36 4 1510 638 3.32493 548
36 68 712 554 3.17046 585
36 20 1268 642 3.19615 13
36 28 1534 270 3.17886 114
44 36 1194 186 3.15453 19
44 44 730 496 3.15791 1292
44 60 648 418 3.14749 3536
44 20 1110 242 3.20768 188
44 28 636 392 3.19218 37
12 36 732 568 3.19457 155
12 52 1082 272 3.25504 3205
12 60 730 602 3.12509 1730
12 4 518 366 3.26726 3321
12 76 22 728 3.10271 85220
12 20 1302 548 3.15486 1820
12 28 1082 260 3.25859 510
52 36 730 526 3.25519 43
52 44 702 490 3.19218 546
52 12 1638 216 3.28637 0
52 52 904 374 3.1211 207
52 60 38 442 3.24873 4883
52 4 1526 638 3.3618 548
52 68 38 454 3.25344 4883
52 76 1564 126 3.24431 130379
52 20 1642 222 3.29488 0
52 28 1646 242 3.25292 0
60 36 1650 246 3.26936 0
60 44 1206 194 3.21992 19
60 12 1650 218 3.29744 0
60 52 914 374 3.07613 544
60 60 46 442 3.22856 4883
60 4 1534 638 3.34025 548
60 68 1570 122 3.23342 130379
60 76 898 250 3.2217 133148
4 36 1076 266 3.29238 137
4 12 1298 542 3.20207 1820
4 4 46 732 3.12477 66458
4 28 1076 260 3.29568 137
20 44 908 634 3.15154 1687
20 12 532 370 3.24681 4287
20 52 906 642 3.12661 1687
20 60 702 552 3.15714 585
20 4 522 368 3.29759 3321
20 68 702 560 3.25556 585
20 76 1226 640 3.02564 55669
20 20 568 630 3.18816 71
20 28 710 490 3.20735 6
28 36 1598 228 3.16256 0
28 44 970 76 3.12439 2716
28 12 736 558 3.20617 77
28 52 266 442 3.15846 396
28 60 708 550 3.19246 585
28 4 746 372 3.21979 2769
28 68 708 558 3.20215 585
28 76 710 566 3.17583 1418
28 20 714 494 3.20896 2
28 28 734 550 3.17741 59
