0 80 524 364 3.82277 6
0 82 1052 67.9999 3.81703 2
0 114 20 732 3.74754 2
2 80 1513.85 632.902 3.82685 5
8 62 1208 648 3.63566 86
32 144 884 284 3.67723 22
128 130 297.628 649.872 3.99257 3
128 44 540.873 519.765 4.0147 5
128 96 495.618 497.137 4.11316 5
128 30 325.913 497.137 3.59072 3
130 128 467.334 480.167 4.17336 5
130 78 506.932 508.451 4.07553 5
130 88 501.275 502.794 4.12984 5
130 106 484.305 497.137 4.07557 5
134 124 467.334 491.48 4.06874 5
34 94 535.216 412.284 4.11795 5
136 136 456.02 502.794 3.98461 5
136 70 874.627 276.52 3.78062 7
136 74 506.932 519.764 3.79498 5
136 90 495.618 508.451 4.01474 5
138 142 452 492 3.94188 6
138 110 537.401 741.048 4.024 44
142 126 461.677 497.137 4.02586 5
36 68 557.844 423.598 4.05878 5
36 86 540.873 417.941 4.11755 5
36 112 518.246 406.627 4.07941 5
146 128 456.02 514.108 3.99282 5
146 136 450.364 508.451 4.03455 5
38 128 501.275 400.971 3.88508 5
38 136 492 396 3.84922 6
38 144 484 396 3.99562 6
38 42 1228 636 3.63411 2
38 62 563.5 429.255 4.0757 5
38 78 546.53 423.598 4.11985 5
10 64 1204.91 650.538 3.69785 46
10 88 1502.54 632.902 3.82696 5
10 118 28 724 3.72262 2
40 54 569.157 434.912 4.08916 5
40 122 506.932 406.627 4.0529 5
42 46 1395.06 717.754 3.65508 1
42 50 572 436 3.96084 6
42 72 552.187 429.255 4.12285 5
42 96 529.559 417.941 4.0965 5
42 114 512.589 412.284 4.09568 5
44 64 557.844 434.912 4.08336 5
44 88 535.216 423.598 4.10104 5
44 126 492 404 4.02147 6
46 134 501.275 412.284 4.07115 5
46 138 484 404 4.03479 6
46 40 1227.54 627.911 3.64453 42
46 82 540.873 429.255 4.12165 5
46 106 518.246 417.941 4.10427 5
12 120 892 276 3.68617 22
48 36 1660.93 485.823 3.62291 19
48 46 848.528 491.009 3.69973 41
48 100 523.903 423.598 4.09462 5
50 142 489.961 412.284 4.04018 5
50 92 529.559 429.255 4.10865 5
50 118 506.932 417.941 4.09148 5
52 134 495.618 417.941 4.11554 5
52 110 512.589 423.598 4.11358 5
54 50 574.814 451.882 4.07475 5
54 66 557.844 446.225 4.15934 5
54 74 552.187 440.569 4.15372 5
54 86 535.216 434.912 4.06592 5
54 30 1216.22 616.597 3.62842 42
54 124 501.275 423.598 4.14451 5
14 78 557.844 400.971 3.96438 5
14 96 1504.53 635.009 3.80742 45
14 106 1496.88 627.245 3.77309 5
58 138 484.305 417.941 4.11634 5
58 146 478.648 412.284 4.06306 5
58 38 580.471 457.539 4.03481 5
58 46 564 452 4.09339 6
58 78 540.873 440.569 4.08556 5
58 98 523.903 434.912 4.12397 5
60 132 489.961 423.598 4.14824 5
60 70 546.53 446.225 4.12666 5
60 82 529.559 440.568 4.11943 5
60 118 500 420 4.14691 6
60 126 492 420 4.14256 6
62 144 476 420 4.111 6
16 58 1216.22 661.852 3.70929 46
16 70 563.5 406.627 4.00757 5
64 38 574.814 463.196 4.06216 5
64 80 535.216 446.225 4.08765 5
66 140 478.648 423.598 4.14226 5
66 150 472.991 417.941 4.06732 5
66 98 518.246 440.569 4.08439 5
68 134 484.305 429.255 4.12446 5
68 48 563.5 463.196 4.06393 5
68 58 556 460 4.09783 6
68 74 540.873 451.882 4.13012 5
70 64 546.53 457.539 4.11773 5
70 90 523.903 446.225 4.11653 5
70 126 489.961 434.912 4.16632 5
18 88 546.53 400.971 4.0448 5
18 110 516 372 3.85642 6
18 120 508 372 3.82468 6
72 40 569.157 468.853 4.10693 5
72 82 529.559 451.882 4.11521 5
74 34 574.814 474.51 4.10816 5
74 62 552.187 463.196 4.03392 5
74 76 535.216 457.539 4.12109 5
74 102 512.589 446.225 4.09869 5
76 10 24 744 3.6623 80
76 50 557.844 468.853 4.10515 5
76 92 518.246 451.882 4.08536 5
78 130 484.305 440.569 4.16009 5
78 136 478.648 434.912 4.11955 5
78 68 540.873 463.196 4.10973 5
78 26 580.471 480.167 4.07237 5
78 110 501.275 446.225 4.10537 5
78 120 489.961 446.225 4.15701 5
20 120 1474.25 615.931 3.74086 5
80 20 586.128 485.823 4.06057 5
80 86 523.903 457.539 4.12057 5
82 34 569.157 480.167 4.12489 5
82 136 476 444 4.12385 6
82 78 529.559 463.196 4.11571 5
82 104 506.932 451.882 4.16944 5
84 10 40 744 3.71496 80
84 56 552.187 474.51 4.11247 5
84 96 512.589 457.539 4.14676 5
86 46 557.844 480.167 4.12193 5
86 14 204 204 3.66904 2
86 88 518.246 463.196 4.11258 5
86 28 574.814 485.823 4.08682 5
86 114 495.618 451.882 4.13721 5
22 80 552.187 406.627 4.07089 5
88 138 472.991 440.569 4.08477 5
88 150 616.597 707.107 4.09636 44
88 64 540.873 474.51 4.09309 5
88 20 580.471 491.48 4.07377 5
90 130 478.648 446.225 4.18984 5
90 38 563.5 485.823 4.12103 5
90 82 523.903 468.853 4.11747 5
90 98 506.932 463.196 4.11892 5
92 56 546.53 480.167 4.0925 5
92 74 529.559 474.51 4.04841 5
94 50 552.187 485.823 4.12091 5
94 92 512.589 468.853 4.11639 5
94 110 495.618 463.196 4.14893 5
94 126 484.305 463.196 4.17533 5
6 96 1512.53 627.009 3.76694 45
24 72 557.844 412.284 4.04392 5
24 100 535.216 400.971 4.09021 5
96 0 1700 508 3.61262 32
96 134 472.991 451.882 4.14956 5
98 150 627.911 707.107 4.03806 44
98 40 557.844 491.48 4.11698 5
98 58 540.873 485.823 4.06108 5
98 16 580.471 502.794 4.05827 5
98 86 518.246 474.51 4.07908 5
98 102 501.275 468.853 4.11076 5
100 34 563.501 497.137 4.07725 5
100 76 523.903 480.167 4.1122 5
102 8 586.128 508.451 3.82119 5
102 138 467.334 457.539 4.08106 5
102 52 546.53 491.48 4.08108 5
102 70 529.559 485.823 4.10331 5
102 94 506.932 474.51 4.12546 5
102 26 569.157 502.794 4.05762 5
26 58 572 420 3.82588 6
26 90 540.873 406.627 4.10087 5
26 118 508 380 3.83837 6
104 86 512.589 480.167 4.13477 5
104 112 489.961 468.853 4.13003 5
106 132 472.991 463.196 4.15597 5
106 44 552.187 497.137 4.0569 5
106 18 574.814 508.451 4.03562 5
106 106 495.618 474.51 4.12505 5
106 126 478.648 468.853 4.18665 5
108 38 557.844 502.794 4.00786 5
108 98 501.275 480.167 4.14747 5
110 140 571.342 707.107 4.0614 44
110 56 540.873 497.137 4.09156 5
110 72 523.903 491.48 4.06697 5
110 30 563.501 508.451 4.04134 5
28 50 856 488 3.68566 86
28 66 563.5 417.941 4.00737 5
28 110 523.903 400.971 4.03782 5
28 120 892 284 3.71238 22
112 48 546.53 502.794 4.11336 5
112 22 569.157 514.108 3.93372 5
112 90 506.932 485.823 4.16973 5
114 134 467.334 468.853 4.14339 5
114 66 529.559 497.137 4.12086 5
114 82 512.589 491.48 4.14088 5
114 126 593.97 741.048 4.16616 44
116 32 557.844 514.108 4.01879 5
116 108 489.961 480.167 4.10637 5
118 136 582.656 718.42 4.08185 44
118 58 535.216 502.794 4.07572 5
118 76 518.246 497.137 4.11129 5
118 100 495.618 485.823 4.11152 5
118 118 484.305 474.51 4.15151 5
118 122 472.991 474.51 4.19429 5
30 136 492 388 3.9188 6
30 46 872 488 3.66863 86
30 58 569.157 423.598 4.03691 5
30 84 546.53 412.284 4.04944 5
30 106 524 404 4.05055 6
120 130 582.656 729.734 4.15586 44
120 44 546.53 514.108 4.02615 5
120 50 540.873 508.451 4.09196 5
120 66 523.903 502.794 4.06077 5
120 30 552.187 519.765 3.84527 5
122 86 506.932 497.137 4.16639 5
122 110 484.305 485.823 4.12916 5
122 118 478.648 480.167 4.17551 5
124 34 1108 44 3.78171 6
124 60 529.559 508.451 4.05155 5
124 78 512.589 502.794 4.08361 5
8.48528 93.3381 916 268 3.78521 14
33.9411 39.598 1692 508 3.61843 24
16.9706 101.823 908 276 3.7801 14
5.65685 101.823 908 268 3.75967 14
22.6274 50.9117 1677.9 491.48 3.6024 27
