0 32 1632.65 140.755 3.18414 39
0 50 480.833 729.734 3.39958 42
0 50 376.528 675.009 3.44162 43
0 62 1508 300 3.4369 4
0 8.48528 20 732 3.25988 10
2 50 371.167 395.314 3.38017 3
8 46 365.511 683.813 3.35822 3
8 48 336.528 667.009 3.36457 43
8 54 428 580 3.28179 4
8 62 50.9117 548.715 3.28064 42
36 60 37.4131 446.225 3.16376 21
38 18 178.834 350.059 3.16874 3
10 38 336.528 683.009 3.37051 43
42 38 1496.53 451.009 3.35697 43
42 30 190.148 338.745 3.26394 3
44 0 39.598 729.734 3.22661 40
44 8 39.598 741.048 3.25741 40
46 32 184.491 333.088 3.29016 3
46 50 464.528 539.009 3.2849 41
12 42 1500 324 3.3717 4
48 38 190.148 327.432 3.3022 3
50 0 50.9117 729.734 3.24993 40
50 34 1480.53 451.009 3.35677 43
50 50 472.528 531.009 3.24362 41
50 18 178.834 338.745 3.20102 3
54 50 892 276 3.2982 4
54 26 418.607 690.136 3.21374 122
14 34 354.197 400.971 3.34821 3
14 38 20 532 3.32103 2
56 42 892 284 3.29585 4
56 46 600.528 707.009 3.28397 43
56 48 910.754 265.872 3.32495 44
58 10 1000.53 371.009 3.20266 41
58 42 456.528 531.009 3.25807 41
58 44 899.44 277.186 3.28851 44
58 48 1524 116 3.19004 4
58 14 173.177 333.088 3.24124 3
58 14 16.9706 537.401 3.18738 40
58 26 178.834 327.432 3.27144 3
60 22 1524 140 3.23117 4
62 26 1524 132 3.25131 4
16 38 328.528 675.009 3.36329 43
16 46 359.854 384 3.2985 3
66 32 1524 124 3.23562 4
66 18 161.864 333.088 3.19556 3
68 0 39.598 514.774 3.25844 40
18 34 1492 324 3.30953 4
18 36 354.197 683.813 3.36825 3
18 54 492.146 695.793 3.23283 42
72 56 1396 260 3.1419 38
74 8 908.568 276.52 3.19964 1
74 32 1521.69 593.97 3.21163 46
74 6 50.9117 526.087 3.26228 40
80 18 891.598 282.177 3.23089 3
80 22 1555.63 616.597 3.19762 46
80 24 897.255 276.52 3.22941 3
22 58 1484 300 3.27231 4
22 30 1484 324 3.28941 4
6 42 1508 324 3.37068 4
6 46 480.833 718.42 3.37148 42
6 56 376.824 672.5 3.38421 3
14.1421 14.1421 28 724 3.24536 10
