0 36 1692 500 3.31022 18
0 48 816.528 363.009 3.30764 45
0 88 1440.31 253.892 3.26478 39
32 38 852 186.01 3.61812 1
32 72 880.284 202.981 3.58342 1
32 30 846.343 180.353 3.56785 1
34 22 840.686 174.696 3.55922 1
36 14 835.029 169.04 3.44715 1
36 56 868.971 191.667 3.6308 1
36 64 874.627 197.324 3.59787 1
38 48 863.314 186.01 3.63162 1
38 88 897.255 208.638 3.3655 1
40 32 852 174.696 3.5636 1
40 40 857.657 180.353 3.61284 1
40 72 885.941 197.324 3.5931 1
40 80 891.598 202.981 3.59744 1
42 64 880.284 191.667 3.61322 1
42 24 846.343 169.04 3.59331 1
44 12 1677.9 491.48 3.35212 21
44 58 874.627 186.01 3.61464 1
46 50 868.971 180.353 3.59315 1
12 50 852 208.638 3.53639 1
48 34 857.657 169.04 3.54383 1
48 42 863.314 174.696 3.58924 1
48 74 891.598 191.667 3.58942 1
50 66 885.941 186.01 3.61114 1
52 58 880.284 180.353 3.60288 1
54 52 874.627 174.696 3.57666 1
54 30 1502.54 632.902 3.31805 1
14 42 846.343 202.981 3.54305 1
14 58 857.657 214.294 3.49715 1
56 0 1484 292 3.26172 34
56 44 868.971 169.04 3.57185 1
56 88 1508 292 3.23288 34
58 40 856 504 3.25904 80
58 30 741.048 367.695 3.31287 42
60 12 1672.24 497.137 3.28857 21
60 28 1666.59 491.48 3.31 21
62 34 752.362 356.382 3.32266 42
62 54 1424 48 3.25118 166
62 62 1456 80 3.24863 166
16 36 840.686 197.324 3.47226 1
18 60 863.314 208.638 3.54356 1
20 52 857.657 202.981 3.5443 1
20 20 1684 492 3.31513 18
22 44 852 197.324 3.57087 1
22 68 868.971 214.294 3.37092 1
6 0 20 732 3.26625 4
24 36 846.343 191.667 3.56374 1
26 62 868.971 202.981 3.609 1
26 70 874.627 208.638 3.58183 1
26 78 880.284 214.294 3.47696 1
26 20 835.029 180.353 3.51691 1
26 28 840.686 186.01 3.51653 1
28 54 863.314 197.324 3.61628 1
30 46 857.657 191.667 3.62089 1
30 14 829.373 174.696 3.39945 1
30 86 891.598 214.294 3.28475 1
14.1421 70.7107 9.12878 531.078 3.28019 15
2.82843 59.397 9.12878 519.764 3.28674 15
