0 56 1615.68 384 3.19163 3
32 52 461.677 542.392 3.22627 17
38 24 1476 740 3.30667 2
38 26 60 756 3.25594 4
42 28 1250.16 616.597 3.25037 42
46 36 52 748 3.24588 4
46 48 52 732 3.23821 4
46 24 1476 732 3.27891 2
48 2 1216.22 616.597 3.31235 42
48 14 1460 732 3.34476 2
54 26 1476 724 3.2483 2
56 20 1468 724 3.29893 2
58 12 1460 724 3.30393 2
62 38 44 740 3.32612 4
62 24 1468 716 3.2788 2
64 36 472.991 508.451 3.23556 17
64 6 1148 172 3.25267 0
66 16 1460 716 3.30068 2
68 10 1452 716 3.28426 2
68 40 36 740 3.35737 4
70 0 1499.07 288.5 3.3047 40
70 26 1468 708 3.27249 2
72 0 1680.09 514.774 3.28757 42
72 18 1460 708 3.25098 2
78 0 1510.38 288.5 3.3039 40
78 8 1510.38 299.813 3.26752 40
28 52 461.677 531.078 3.22074 17
36.7696 53.7401 892 276 3.25306 12
73.5391 16.9706 1253.64 214.294 3.23069 31
28.2843 5.65685 884 284 3.30507 24
65.0538 53.7401 44 724 3.25886 12
25.4558 53.7401 900 276 3.24538 12
11.3137 31.1127 1684 492 3.27655 10
5.65685 0 876 284 3.32806 24
5.65685 28.2843 876 292 3.277 24
22.6274 22.6274 884 292 3.26385 24
