0 40 1253.64 202.981 3.3514 37
8 0 1259.29 208.638 3.37356 37
36 32 532 724 3.78843 4
36 40 532 716 3.78256 4
36 16 532 740 3.78765 4
36 64 532 692 3.76736 4
36 24 532 732 3.78434 4
38 48 532 708 3.7044 4
38 56 532 700 3.71696 4
38 72 532 684 3.76232 4
38 80 532 676 3.73877 4
42 68 526.087 684.479 3.52054 44
42 18 526.087 741.048 3.67218 44
44 32 524 724 3.79222 4
44 40 524 716 3.79043 4
46 48 524 708 3.72338 4
46 56 524 700 3.73871 4
46 64 524 692 3.72828 4
46 66 1124 188 3.2509 6
46 18 524 740 3.7452 4
46 72 524 684 3.46565 4
46 26 524 732 3.75692 4
12 42 556 716 3.70964 4
12 54 593.97 707.107 3.57342 44
50 48 516 708 3.65258 4
50 24 516 732 3.70987 4
52 32 516 724 3.79302 4
52 40 516 716 3.78683 4
52 46 514.774 707.107 3.65704 44
14 34 372 660 3.52698 4
14 50 556 708 3.76492 4
14 58 556 700 3.75839 4
14 66 556 692 3.70416 4
16 72 480.833 729.734 3.42715 40
18 30 593.97 741.048 3.60484 44
22 34 548 724 3.77296 4
22 34 571.342 729.734 3.6873 44
22 42 548 716 3.7555 4
22 50 548 708 3.75628 4
22 58 548 700 3.77253 4
22 64 548 692 3.76209 4
22 70 548.715 684.479 3.56556 44
28 34 540 724 3.78725 4
28 40 540 716 3.78192 4
28 18 540 740 3.7817 4
28 24 540 732 3.78645 4
30 48 540 708 3.69639 4
30 14 308 676 3.67395 4
30 58 540 700 3.75015 4
30 16 537.401 741.048 3.73461 44
30 66 540 692 3.76999 4
30 72 540 684 3.76545 4
30 72 388.138 672.5 3.44578 1
53.7401 59.397 314.599 553.706 3.35305 13
11.3137 67.8822 354.197 400.971 3.37401 9
45.2548 14.1421 342.883 570.676 3.4582 13
22.6274 70.7107 460 540 3.46054 10
