0 42 1660.93 10.6477 2.70896 7
0 25.4558 1700 212 2.71577 8
0 33.9411 1700 220 2.73214 8
8 0 1076 4 2.70114 32
34 36 1293.23 253.892 2.75673 1
34 16 1281.92 242.579 2.75353 1
36 26 1287.58 248.235 2.77715 1
10 40 1270.61 276.52 2.71836 1
46 0 899.44 254.558 2.6921 46
46 8 888.126 254.558 2.67231 46
12 48 1276.26 282.177 2.70392 1
12 22 1264.95 259.549 2.74636 1
12 26 1270.61 265.206 2.72287 1
48 40 1615.68 157.726 2.66741 39
14 6 899.44 277.186 2.70526 40
16 36 1276.26 270.863 2.7148 1
18 14 1264.95 248.235 2.75282 1
20 0 910.754 265.872 2.71291 40
20 2 11.3137 758.018 2.75819 120
20 46 1281.92 276.52 2.72846 1
20 20 1270.61 253.892 2.76972 1
22 28 1276.26 259.549 2.762 1
24 56 1604.36 157.726 2.66228 39
26 0 33.9411 758.018 2.74912 120
26 12 1270.61 242.579 2.71166 1
28 18 1276.26 248.235 2.76521 1
30 34 1287.58 259.549 2.78812 1
30 26 1281.92 253.892 2.79254 1
