0 0 156 308 3.27192 38
0 46 20 732 3.2494 2
0 66 44 732 3.24798 2
0 31.1127 433.393 400.971 3.26538 9
8 32 1652 764 3.2452 0
32 48 1676 492 3.31893 16
32 28 489.961 197.324 3.46762 1
34 36 495.618 202.981 3.43389 1
34 10 484.304 180.353 3.40772 1
34 42 1061.3 55.9025 3.30621 1
38 18 489.961 186.01 3.41664 1
40 60 902.912 270.863 3.30241 21
40 26 495.618 191.667 3.46869 1
42 8 489.961 174.696 3.39194 1
42 34 501.275 197.324 3.47086 1
44 42 506.932 202.981 3.41478 1
46 16 495.618 180.353 3.4376 1
12 18 467.334 197.324 3.38413 1
50 30 506.932 191.667 3.46808 1
52 38 512.589 197.324 3.43157 1
52 14 501.275 174.696 3.41046 1
54 46 518.246 202.981 3.41264 1
54 20 506.932 180.353 3.47689 1
14 26 472.991 202.981 3.35924 1
58 28 512.589 186.01 3.4799 1
60 36 518.246 191.667 3.46893 1
62 44 523.902 197.324 3.46898 1
62 18 512.589 174.696 3.46279 1
64 50 529.559 202.981 3.30471 1
64 26 518.246 180.353 3.45129 1
66 60 468 508 3.31007 2
66 60 891.598 282.177 3.32382 5
68 34 523.902 186.01 3.46921 1
70 42 529.559 191.667 3.43197 1
18 8 467.334 186.01 3.3566 1
74 22 1513.85 632.902 3.28806 1
82 34 1660.93 44.5888 3.28694 5
82 54 546.53 197.324 3.23951 1
84 42 1655.27 38.932 3.28075 5
22 22 478.648 197.324 3.38198 1
24 32 484.305 202.981 3.34806 1
26 38 1508 636 3.33248 4
26 12 478.648 186.01 3.34874 1
28 40 1684 492 3.32322 16
30 20 484.305 191.667 3.3792 1
73.5391 22.6274 1677.9 491.48 3.24973 29
14.1421 0 314.599 542.392 3.31824 9
48.0833 0 914.225 270.863 3.3222 9
79.196 31.1127 670.981 763.009 3.25091 13
59.397 0 919.882 265.206 3.33807 9
59.397 59.397 468 516 3.31358 10
2.82843 11.3137 314.599 553.706 3.33789 9
11.3137 33.9411 439.05 395.314 3.27794 9
