0 58 1163.13 44.5887 3.30783 3
2 0 44 732 3.25868 4
34 42 399.452 751.696 3.52062 3
34 68 422.079 740.382 3.53152 3
34 18 376.824 763.009 3.37929 3
36 50 405.109 746.039 3.52146 3
36 24 382.481 757.352 3.45437 3
38 32 388.138 751.696 3.50719 3
38 56 410.765 740.382 3.56163 3
40 4 625.726 763.009 3.23852 19
40 66 416.422 734.725 3.57182 3
42 14 371.167 757.352 3.43341 3
44 46 399.452 740.382 3.5035 3
44 22 376.824 751.696 3.42779 3
46 54 405.109 734.725 3.5737 3
46 30 382.481 746.039 3.49146 3
48 38 388.138 740.382 3.49706 3
48 12 365.511 751.696 3.47878 3
48 62 410.765 729.068 3.5818 3
50 44 393.795 734.725 3.48789 3
50 70 416.422 723.411 3.45975 3
54 52 399.452 729.068 3.48754 3
54 18 365.511 740.382 3.47478 3
54 26 376.824 740.382 3.43953 3
14 36 1134.84 50.2457 3.26986 3
56 36 382.481 734.725 3.4873 3
56 10 359.854 746.039 3.48114 3
56 60 405.109 723.411 3.48896 3
58 0 1236 348 3.3244 0
58 42 388.138 729.068 3.50132 3
58 68 410.765 717.754 3.45974 3
60 50 393.795 723.411 3.46426 3
62 26 371.167 734.725 3.42756 3
16 66 427.736 757.352 3.3806 3
64 32 376.824 729.068 3.52752 3
66 10 1244 356 3.27098 0
66 40 382.481 723.411 3.51727 3
66 14 359.854 734.725 3.44591 3
66 66 405.109 712.098 3.40318 3
70 56 393.795 712.098 3.43338 3
70 22 365.511 729.068 3.47365 3
70 6 864.528 475.009 3.23097 47
18 48 410.765 763.009 3.46201 3
72 30 371.167 723.411 3.51586 3
74 38 376.824 717.754 3.51187 3
76 46 382.481 712.098 3.43073 3
76 20 359.854 723.411 3.33618 3
78 56 428 604 3.30596 0
20 56 416.422 757.352 3.49623 3
80 36 371.167 712.098 3.39456 3
80 48 435.578 582.656 3.35614 40
80 48 846.343 429.255 3.29372 1
84 18 354.197 717.754 3.28406 3
84 24 435.578 548.715 3.31041 40
84 26 1324 356 3.29079 6
86 8 5.65684 526.087 3.26471 42
86 40 446.891 571.342 3.35248 40
86 12 12 524 3.22078 2
22 38 399.452 763.009 3.443 3
22 54 420 460 3.31415 4
88 34 458.205 537.401 3.36315 40
88 26 39.598 526.087 3.35 42
94 16 16.9706 514.774 3.32653 42
94 26 452 556 3.3926 0
94 30 469.519 537.401 3.38436 40
24 46 405.109 757.352 3.43405 3
24 62 422.079 751.696 3.52096 3
24 70 427.736 746.039 3.54213 3
26 0 20 732 3.25255 4
28 54 410.765 751.696 3.49493 3
28 20 1197.07 33.275 3.23561 19
30 36 393.795 757.352 3.4616 3
30 22 372 756 3.28543 2
30 24 388.138 763.009 3.37614 3
73.5391 8.48528 965.137 367.029 3.2122 11
79.196 62.2254 902.912 270.863 3.23854 11
82.0244 22.6274 1615.68 146.412 3.247 15
16.9706 56.5685 1445.97 21.9613 3.24629 11
