0 0 1348 628 2.71888 36
32 2 11.3137 758.018 2.79678 120
34 24 532 732 2.81281 2
38 14 300 652 2.84924 2
38 18 311.127 661.852 2.84139 42
38 22 308 652 2.84825 2
40 0 33.9411 758.018 2.79116 120
40 18 316 652 2.83524 2
40 24 348 660 2.8205 2
42 14 292 668 2.8248 2
44 22 322.441 639.225 2.85127 42
44 24 333.754 639.225 2.80549 42
54 10 292 660 2.80951 2
54 16 276 660 2.81673 2
58 14 284 652 2.82113 2
58 26 190.148 632.902 2.72673 1
60 18 348 652 2.82131 2
62 14 288.5 639.225 2.80538 42
64 0 476 500 2.75887 6
64 10 277.186 639.225 2.79564 42
64 26 195.805 627.245 2.73432 1
68 14 252 620 2.7707 2
70 22 260 620 2.77569 2
78 34 1496 632 2.69506 84
20 26 379.009 684.479 2.80187 42
80 28 1512 648 2.68989 84
84 8 891.598 282.177 2.72917 1
22 14 1159.66 243.245 2.72707 44
22 16 316 676 2.84859 2
22 16 348.54 565.019 2.79376 3
22 16 311.127 673.166 2.84614 42
22 24 364 684 2.83045 2
88 8 1076 3.99994 2.68875 34
26 14 316 668 2.83979 2
26 14 322.441 673.166 2.82882 42
26 24 367.696 684.479 2.80591 42
26 26 364 676 2.83062 2
30 22 324 668 2.84324 2
79.196 11.3137 71.3541 446.225 2.72222 11
