0 33.9411 900 276 3.35019 30
0 62.2254 892 276 3.33369 30
32 58 692 108 3.436 6
32 16 732 100 3.583 6
32 24 724 100 3.58636 6
34 8 740 100 3.50309 6
34 40 708 108 3.55001 6
34 50 700 108 3.51273 6
36 74 676 116 3.41993 6
38 34 716 108 3.56374 6
38 66 684 116 3.49194 6
10 12 732 76 3.36622 6
40 58 692 116 3.47709 6
40 18 732 108 3.59808 6
42 10 740 108 3.54229 6
42 50 700 116 3.45226 6
42 80 668 124 3.2587 6
44 36 716 116 3.47847 6
44 42 708 116 3.44559 6
44 76 676 124 3.45124 6
46 68 684 124 3.50914 6
46 22 1351.99 5.65686 3.43937 46
46 28 724 116 3.48575 6
48 52 700 124 3.44912 6
50 76 832.528 464.666 3.26447 121
54 14 1363.3 16.9706 3.456 46
54 64 828 428 3.25517 0
54 82 864.528 464.666 3.27226 121
54 22 1301.08 33.9411 3.44576 126
54 26 1255.82 33.9411 3.43638 126
14 36 708 84 3.5464 6
14 28 716 84 3.56517 6
16 12 732 84 3.56521 6
16 20 724 84 3.57497 6
18 46 700 92 3.51153 6
18 54 692 92 3.43207 6
20 38 708 92 3.57191 6
22 64 684 100 3.4597 6
22 30 716 92 3.57238 6
6 0 1688 504 3.41065 80
6 8 1688 520 3.3873 80
24 14 732 92 3.56295 6
24 56 692 100 3.43537 6
24 22 724 92 3.56203 6
26 48 700 100 3.53814 6
28 32 716 100 3.56017 6
28 40 708 100 3.59174 6
28 80 668 108 3.28986 6
30 64 684 108 3.48307 6
30 72 676 108 3.43312 6
48.0833 48.0833 1542.14 581.99 3.34805 9
48.0833 87.6812 172 396 3.28562 12
33.9411 0 420 380 3.32342 26
11.3137 48.0833 1536.48 598.96 3.3477 9
