0 0 180 764 2.69598 24
0 0 1672 120 2.73993 80
0 0 124 548 2.72163 0
0 0 1164 196 2.72766 4
0 66 44 732 2.71379 2
0 28.2843 1524 116 2.68772 30
34 44 1072.62 225.608 2.73019 1
34 30 184.491 378.343 2.77384 5
38 36 178.834 372.686 2.80257 5
38 46 173.178 367.029 2.83593 5
38 54 167.521 361.373 2.82773 5
10 48 28 724 2.70181 2
42 30 178.834 384 2.65169 5
44 36 173.178 378.343 2.80012 5
44 44 167.521 372.686 2.82912 5
46 50 161.864 367.029 2.8027 5
48 48 1095.24 214.294 2.64365 1
50 64 888.126 265.872 2.67826 40
52 44 161.864 378.343 2.76308 5
52 56 888.126 254.558 2.63182 40
54 42 1329.36 458.205 2.64268 44
54 26 888.126 265.872 2.65584 46
58 0 20 732 2.70616 4
18 24 201.462 372.686 2.77368 5
20 32 195.805 367.029 2.70356 5
26 22 195.805 378.343 2.77037 5
26 30 190.148 372.686 2.7781 5
28 38 184.491 367.029 2.80116 5
28 46 178.834 361.373 2.81283 5
30 48 480.528 715.009 2.69472 43
28.2843 22.6274 1445.97 417.941 2.66171 25
16.9706 62.2254 1683.56 497.137 2.67701 25
2.82843 25.4558 12 756 2.72041 14
22.6274 62.2254 884 284 2.6611 30
