0 46 20 732 2.7039 2
0 39.598 12 756 2.67824 30
8 34 440.528 531.009 2.72315 47
8 38 910.754 265.872 2.69688 46
8 40 1264.95 270.863 2.61306 33
34 42 1315.86 276.52 2.71228 7
34 48 1310.21 282.177 2.7044 7
34 56 1304.55 287.834 2.74008 7
36 64 1298.89 293.49 2.70937 7
10 32 904 280 2.71915 86
10 54 28 724 2.6971 2
40 0 999.078 163.383 2.70544 39
42 42 1519.51 525.421 2.6381 1
42 58 1310.21 293.49 2.74036 7
42 66 1304.55 299.147 2.73602 7
46 50 1612 148 2.67329 2
12 40 899.44 277.186 2.68979 46
12 18 1315.86 242.579 2.74722 7
12 24 936 280 2.72246 86
12 26 1310.21 248.236 2.7393 7
48 2 44 732 2.72222 6
48 54 1536.48 531.078 2.68714 1
48 54 1520.53 155.009 2.68085 45
16 40 576.528 720.666 2.68998 121
18 32 456.528 531.009 2.71823 47
18 26 936 296 2.72354 86
20 34 440.528 531.009 2.70818 43
20 18 1321.52 248.236 2.72657 7
20 26 1315.86 253.892 2.76799 7
22 38 592.528 704.666 2.71474 121
6 26 448.528 523.009 2.72236 47
24 38 432.528 539.009 2.68992 43
26 42 1310.21 270.863 2.70237 7
26 48 1304.55 276.52 2.64519 7
28 34 1315.86 265.206 2.70671 7
19.799 53.7401 44 740 2.6336 14
22.6274 70.7107 36 740 2.64503 14
