0 36 444.707 570.676 3.33756 19
0 48.0833 908 268 3.39039 14
0 67.8822 892 276 3.35887 30
0 90.5097 884 276 3.3152 30
32 26 892 684 3.34701 4
34 34 892 676 3.34708 4
34 52 900 660 3.39241 4
34 76 908 636 3.42027 4
34 84 908 628 3.3576 4
36 60 900 652 3.39907 4
36 66 900 644 3.41063 4
38 44 892 668 3.42611 4
40 50 892 660 3.3804 4
40 74 900 636 3.37608 4
42 58 892 652 3.3875 4
42 82 900 628 3.34604 4
44 64 892 644 3.40853 4
50 54 884 652 3.40338 4
50 78 892 628 3.4287 4
50 80 684 12 3.26493 6
52 62 884 644 3.39418 4
14 24 908 692 3.34071 4
56 70 884 636 3.43922 4
58 78 884 628 3.44772 4
58 88 976.451 548.049 3.29686 3
58 90 1677.9 491.48 3.27903 7
60 88 331.57 502.794 3.25141 5
66 74 852 452 3.30082 0
20 14 900 700 3.35104 4
22 22 900 692 3.36601 4
24 30 900 684 3.36049 4
28 36 900 676 3.35367 4
28 62 908 652 3.40865 4
30 44 900 668 3.40902 4
30 70 908 644 3.42503 4
36.7696 19.799 892 284 3.34954 10
19.799 73.5391 908 276 3.41912 14
50.9117 33.9411 900 276 3.3679 10
50.9117 45.2548 868.971 282.177 3.31034 31
2.82843 11.3137 1676 524 3.30339 8
11.3137 42.4264 932 268 3.33731 14
11.3137 62.2254 916 268 3.42357 14
22.6274 65.0538 916 276 3.40161 14
