0 0 188 268 3.18385 36
2 58 899.44 265.872 3.38842 42
2 24 16.9706 752.362 3.18162 40
34 44 1348 324 3.59737 4
34 54 1348 316 3.56374 4
36 38 1348 332 3.67053 4
38 22 1348 348 3.6428 4
38 30 1348 340 3.67939 4
10 10 28 724 3.24091 2
10 48 888.126 254.558 3.34506 42
40 52 1340 316 3.51131 4
40 14 1348 356 3.62843 4
42 46 1340 324 3.61603 4
44 38 1340 332 3.66451 4
46 22 1340 348 3.66953 4
46 6 1340 364 3.52707 4
46 30 1340 340 3.66065 4
12 34 1372 332 3.53252 4
12 40 1372 324 3.53115 4
50 48 1332 324 3.6105 4
50 16 1340 356 3.65919 4
52 40 1332 332 3.67688 4
54 32 1332 340 3.67317 4
54 24 1332 348 3.67088 4
14 58 899.44 254.558 3.36248 42
14 26 1372 340 3.42336 4
56 54 204 596 3.23791 4
56 16 1332 356 3.66871 4
60 42 1324 332 3.60497 4
62 8 452 556 3.4254 6
62 34 1324 340 3.58509 4
4 36 1380 324 3.24727 4
4 48 888.126 265.872 3.3611 42
64 50 1035.2 73.5391 3.2281 40
64 18 1324 356 3.62392 4
66 10 568 696 3.33978 80
66 42 1316 332 3.55241 4
66 54 908 268 3.21217 4
68 34 1316 340 3.58016 4
70 26 1316 348 3.61635 4
18 42 1364 324 3.60742 4
74 16 1308 356 3.47099 4
76 36 1308 340 3.50875 4
76 46 900 276 3.31441 4
78 28 1308 348 3.50208 4
80 34 1300 340 3.32694 4
84 46 892 276 3.29867 4
22 36 1364 332 3.61167 4
22 26 1364 340 3.61996 4
22 28 396 484 3.27173 2
6 0 20 732 3.26828 4
24 10 39.598 741.048 3.2297 40
26 44 1356 324 3.59813 4
28 36 1356 332 3.6713 4
28 50 1356 316 3.48238 4
30 20 1356 348 3.6121 4
30 28 1356 340 3.67086 4
79.196 16.9706 1089.59 72.8731 3.30515 13
67.8822 14.1421 1095.24 67.2162 3.3255 13
45.2548 11.3137 1604.36 157.726 3.29775 9
