0 0 884 276 3.28114 28
0 32 428 604 3.30021 36
8 0 428 612 3.31076 36
32 38 1061.3 202.981 3.696 3
32 44 1066.96 197.324 3.71011 3
34 22 1049.99 214.294 3.71517 3
34 28 1055.65 208.638 3.70906 3
36 14 1044.33 219.951 3.71496 3
36 70 1078.27 174.696 3.65591 3
38 54 1066.96 186.01 3.71447 3
38 62 1072.62 180.353 3.67395 3
10 46 1083.93 214.294 3.32672 3
10 50 1089.59 208.638 3.50476 3
40 46 1061.3 191.667 3.71134 3
42 38 1055.65 197.324 3.70352 3
42 30 1049.99 202.981 3.72249 3
44 14 1038.68 214.294 3.71982 3
44 22 1044.33 208.638 3.71436 3
46 54 1061.3 180.353 3.70996 3
46 62 1066.96 174.696 3.68589 3
46 70 1072.62 169.04 3.51123 3
48 46 1055.65 186.01 3.70682 3
50 32 1044.33 197.324 3.70212 3
52 8 1027.36 214.294 3.64227 3
52 16 1033.02 208.638 3.71263 3
52 64 1061.3 169.04 3.58086 3
54 56 1055.65 174.696 3.66952 3
54 74 1066.96 163.383 3.40572 3
14 58 1089.59 197.324 3.62769 3
14 66 1095.24 191.667 3.60044 3
56 40 1044.33 186.01 3.71156 3
56 48 1049.99 180.353 3.70305 3
58 2 846.343 350.059 3.23741 5
58 32 1038.68 191.667 3.7174 3
58 62 1055.65 163.383 3.26322 3
60 16 1027.36 202.981 3.72104 3
60 24 1033.02 197.324 3.70219 3
16 42 1078.27 208.638 3.63672 3
64 40 1038.68 180.353 3.61055 3
64 56 161.864 333.088 3.24629 33
66 34 1033.02 186.01 3.63655 3
66 18 1021.71 197.324 3.37572 3
66 26 1027.36 191.667 3.61354 3
68 16 68 444 3.22011 4
18 34 1072.62 214.294 3.61705 3
18 30 1066.96 219.951 3.37894 3
74 50 1038.68 169.04 3.28577 3
20 68 1089.59 186.01 3.62887 3
22 52 1078.27 197.324 3.69209 3
22 60 1083.93 191.667 3.69851 3
6 58 1095.24 202.981 3.5346 3
24 44 1072.62 202.981 3.69935 3
26 34 1066.96 208.638 3.66134 3
26 28 1061.3 214.294 3.7026 3
28 70 1083.93 180.353 3.63768 3
28 20 1055.65 219.951 3.69648 3
30 12 1049.99 225.608 3.65257 3
30 60 1078.27 186.01 3.68995 3
59.397 59.397 1361.12 27.6182 3.21079 15
67.8822 0 20 516 3.20017 26
22.6274 16.9706 700 628 3.27396 26
