2 2 44 732 3.29569 4
32 26 300 100 3.50567 2
34 34 308 100 3.51048 2
36 42 316 100 3.50178 2
36 50 324 100 3.50553 2
10 38 308 124 3.35005 2
40 18 292 92 3.41152 2
40 24 300 92 3.51593 2
42 34 308 92 3.48994 2
42 40 316 92 3.45098 2
44 0 916 268 3.41193 16
48 48 900 300 3.27138 16
48 16 292 84 3.46584 2
48 24 300 84 3.5165 2
50 32 308 84 3.51174 2
52 4 924 268 3.28408 16
54 14 292 76 3.47244 2
14 52 1660 764 3.2608 0
56 22 300 76 3.50081 2
58 36 316 76 3.32657 2
58 30 308 76 3.44682 2
62 14 292 68 3.40884 2
64 22 300 68 3.4302 2
68 36 1542.14 457.539 3.25475 23
18 36 308 116 3.39017 2
72 0 1680.09 514.774 3.28609 42
20 44 316 116 3.4199 2
22 52 324 116 3.43093 2
6 50 1652 764 3.27368 0
24 28 300 108 3.50842 2
26 36 308 108 3.51392 2
28 44 316 108 3.48391 2
28 52 324 108 3.50191 2
28 4 908 268 3.38394 16
28 20 908 276 3.40511 16
30 58 332 108 3.27055 2
62.2254 36.7696 260 404 3.30176 8
70.7107 25.4558 268 396 3.29128 8
11.3137 59.397 31.7561 700.784 3.22326 9
