0 0 876 284 3.37562 32
0 36 1660.93 10.6477 3.3612 23
0 56 716.235 581.99 3.37189 1
0 62 488.528 387.009 3.33993 47
0 74 752.362 356.382 3.3666 46
32 0 884 284 3.36024 32
32 42 1060 740 3.61037 4
32 72 772.804 627.245 3.40074 7
34 50 1060 732 3.59476 4
36 58 1060 724 3.53699 4
36 24 1052 756 3.6252 4
38 32 1052 748 3.63222 4
38 66 1060 716 3.53087 4
10 74 1092 716 3.39501 4
40 40 1052 740 3.64111 4
40 78 444.707 581.99 3.38198 1
42 48 1052 732 3.63449 4
42 78 1264 48 3.45167 160
44 56 1052 724 3.56289 4
44 22 1044 756 3.59528 4
46 64 1052 716 3.49297 4
46 30 1044 748 3.60369 4
12 50 1084 740 3.44171 4
12 56 1084 732 3.55065 4
48 0 916 268 3.39414 16
48 38 1044 740 3.62193 4
48 74 1296 16 3.44958 160
50 46 1044 732 3.63936 4
50 20 1036 756 3.58806 4
52 54 1044 724 3.55921 4
54 60 1044 716 3.50095 4
54 28 1036 748 3.58449 4
14 32 1076 756 3.40094 4
14 40 1076 748 3.45488 4
14 64 1084 724 3.53995 4
58 44 1036 732 3.60819 4
58 18 1028 756 3.62087 4
58 72 789.775 644.215 3.34116 7
60 50 1036 724 3.53345 4
60 26 1028 748 3.60419 4
62 58 1036 716 3.53494 4
16 46 1076 740 3.46259 4
16 72 1084 716 3.54828 4
64 32 1028 740 3.59123 4
64 66 1036 708 3.31006 4
66 40 1028 732 3.58755 4
68 48 1028 724 3.49563 4
68 56 1028 716 3.33252 4
68 18 820 396 3.33508 0
68 24 778.461 632.902 3.36971 5
20 54 1076 732 3.54778 4
20 30 1068 756 3.56445 4
22 36 1068 748 3.56656 4
22 62 1076 724 3.53328 4
24 44 1068 740 3.56034 4
28 52 1068 732 3.51377 4
28 60 1068 724 3.5694 4
28 26 1060 756 3.63601 4
30 34 1060 748 3.63743 4
30 68 1068 716 3.55485 4
48.0833 76.3675 422.079 468.853 3.37848 9
39.598 0 900 276 3.42149 24
65.0538 76.3675 196 388 3.29398 12
16.9706 0 892 276 3.41223 24
62.2254 19.799 820 412 3.30832 8
45.2548 22.6274 900 284 3.33378 24
