0 32 1412.03 655.529 3.27404 17
0 45.2548 1344.15 576.333 3.28084 29
32 42 748 356 3.67979 2
32 50 756 356 3.66358 2
32 56 764 356 3.58637 2
34 34 740 356 3.65048 2
34 10 716 356 3.63286 2
34 4 708 356 3.45634 2
34 18 724 356 3.66575 2
34 26 732 356 3.65718 2
38 66 772 348 3.49046 2
38 74 876.812 254.558 3.21482 40
10 48 464.528 539.009 3.34855 43
10 16 724 380 3.52499 2
10 68 28 724 3.23221 2
10 6 44 740 3.27344 0
10 24 732 380 3.48867 2
40 34 740 348 3.68275 2
40 10 716 348 3.5349 2
40 42 748 348 3.69003 2
40 50 756 348 3.66948 2
40 58 764 348 3.59289 2
40 26 732 348 3.66342 2
44 78 888.126 265.872 3.31405 40
46 22 1060 84 3.23627 6
12 10 716 380 3.32049 2
12 64 1620 156 3.21198 18
48 34 740 340 3.51729 2
48 42 748 340 3.57427 2
48 50 756 340 3.46053 2
48 62 599.627 712.764 3.34606 122
50 72 899.44 254.558 3.31702 40
54 58 584 696 3.36677 82
54 64 600 696 3.31634 82
54 26 1060 92 3.25107 6
14 54 899.44 277.186 3.42696 46
14 58 439.05 531.078 3.27988 7
16 32 740 372 3.65361 2
18 10 716 372 3.61841 2
18 16 724 372 3.67041 2
18 24 732 372 3.64458 2
22 40 899.44 299.813 3.38952 46
6 2 40 728 3.2717 80
6 10 40 744 3.26521 80
6 44 910.754 265.872 3.41812 46
6 54 899.44 265.872 3.32948 46
24 32 740 364 3.63913 2
24 40 748 364 3.65359 2
24 48 756 364 3.56306 2
24 56 764 364 3.5203 2
26 0 708 364 3.38759 2
26 8 716 364 3.64283 2
26 16 724 364 3.66346 2
26 24 732 364 3.6458 2
30 66 772 356 3.49533 2
30 72 780 356 3.27503 2
50.9117 22.6274 1338.49 593.304 3.21762 29
53.7401 19.799 1092 76 3.23383 14
5.65685 28.2843 1349.8 581.99 3.25507 29
