8 88 1676 140 3.26519 32
32 32 356 556 3.28971 20
32 54 820 108 3.73964 0
32 94 828 148 3.69434 0
128 12 812.402 361.373 3.30599 17
128 48 823.716 372.686 3.32553 17
34 46 820 100 3.68615 0
34 80 828 132 3.71834 0
38 64 828 116 3.73658 0
38 96 836 148 3.70272 0
38 106 523.903 367.029 3.38466 5
10 82 804 140 3.55419 0
40 56 828 108 3.74506 0
42 48 828 100 3.69069 0
42 80 836 132 3.72865 0
42 88 836 140 3.69128 0
44 40 828 92 3.69417 0
44 72 836 124 3.75064 0
44 28 348 556 3.30913 20
46 32 828 84 3.70624 0
46 66 836 116 3.75186 0
46 98 844 148 3.72575 0
46 26 828 76 3.47636 0
12 74 804 132 3.61638 0
48 58 836 108 3.7094 0
48 90 844 140 3.72947 0
48 106 518.246 372.686 3.3871 5
50 0 20 732 3.3156 4
50 42 836 92 3.70314 0
50 50 836 100 3.71345 0
50 82 844 132 3.75854 0
50 22 1052 60 3.29828 4
52 34 836 84 3.73577 0
52 74 844 124 3.77697 0
54 66 844 116 3.74124 0
54 100 852 148 3.74816 0
54 26 836 76 3.72936 0
54 112 1049.99 67.2162 3.36195 1
14 66 804 124 3.61742 0
56 60 844 108 3.72066 0
56 92 852 140 3.75441 0
58 44 844 92 3.73216 0
58 52 844 100 3.70901 0
58 84 852 132 3.76747 0
58 22 836 68 3.46794 0
60 36 844 84 3.73365 0
60 76 852 124 3.77222 0
62 68 852 116 3.75448 0
62 102 860 148 3.74305 0
62 28 844 76 3.73734 0
62 112 716.236 581.99 3.34387 7
16 92 812 148 3.66096 0
64 4 892 276 3.29679 16
64 22 844 68 3.63858 0
64 94 860 140 3.75518 0
66 44 852 92 3.73666 0
66 52 852 100 3.69188 0
66 86 860 132 3.75463 0
68 38 852 84 3.75241 0
68 78 860 124 3.76654 0
70 70 860 116 3.74944 0
70 104 868 148 3.68906 0
70 112 721.892 587.647 3.35327 7
70 30 852 76 3.73054 0
18 84 812 140 3.67216 0
72 54 860 100 3.75965 0
72 62 860 108 3.73697 0
72 22 852 68 3.70323 0
72 96 868 140 3.73973 0
74 46 860 92 3.75448 0
74 88 868 132 3.73339 0
74 98 764 220 3.2772 4
74 104 876 148 3.51059 0
76 38 860 84 3.75767 0
76 72 868 116 3.7566 0
76 80 868 124 3.75103 0
78 64 868 108 3.76433 0
78 112 1089.59 593.304 3.25799 3
20 68 812 124 3.6704 0
20 76 812 132 3.66234 0
20 102 648.353 502.794 3.32743 7
80 0 908 268 3.39313 16
80 56 868 100 3.77302 0
80 18 860 60 3.5559 0
80 24 860 68 3.70339 0
80 96 427.736 395.314 3.24631 39
82 48 868 92 3.7581 0
82 82 876 124 3.75432 0
82 90 876 132 3.73919 0
84 40 868 84 3.76351 0
86 32 868 76 3.75325 0
86 66 876 108 3.77038 0
86 74 876 116 3.74452 0
22 60 812 116 3.69223 0
88 58 876 100 3.79446 0
88 16 868 60 3.62388 0
88 82 884 124 3.58819 0
88 24 868 68 3.70401 0
90 50 876 92 3.78528 0
90 14 868 52 3.36474 0
90 72 1276 716 3.28893 4
90 74 884 116 3.6709 0
90 94 856.528 451.009 3.31077 41
92 42 876 84 3.77459 0
94 34 876 76 3.76925 0
94 68 884 108 3.77486 0
94 84 848.528 480.666 3.31871 121
24 54 812 108 3.60396 0
24 86 820 140 3.6701 0
24 94 820 148 3.66687 0
96 0 916 268 3.41229 16
96 60 884 100 3.78883 0
96 18 876 60 3.66336 0
98 44 884 84 3.77296 0
98 12 876 52 3.62128 0
98 52 884 92 3.79327 0
98 66 892 108 3.43465 0
98 82 840 264 3.27195 80
98 82 864.528 464.666 3.32051 121
98 86 856.528 435.009 3.2759 41
100 16 916 276 3.35607 16
102 36 884 76 3.76866 0
102 28 884 68 3.74882 0
26 78 820 132 3.64036 0
104 64 439.05 395.314 3.24868 39
104 20 884 60 3.70625 0
104 104 452 572 3.23946 32
106 12 884 52 3.64569 0
106 52 892 92 3.66828 0
108 38 892 76 3.73672 0
108 46 892 84 3.70598 0
110 30 892 68 3.75032 0
28 70 820 124 3.71544 0
28 104 891.598 282.177 3.35059 5
112 52 818.059 378.343 3.34345 17
112 22 892 60 3.71801 0
114 14 892 52 3.66116 0
116 0 801.088 361.373 3.3369 17
116 40 900 76 3.60167 0
118 32 900 68 3.66676 0
30 62 820 116 3.72254 0
120 16 900 52 3.63426 0
120 24 900 60 3.66458 0
16.9706 53.7401 252 412 3.28128 12
2.82843 0 44 732 3.28753 12
45.2548 28.2843 508 348 3.26841 28
22.6274 50.9117 516 340 3.2704 28
