0 0 1060 564 3.17426 38
0 8 1540 83.9999 3.19441 34
0 46 1692 500 3.32811 2
0 70.7107 908 268 3.31649 14
2 62 608.755 712.098 3.24076 5
32 0 50.9117 729.734 3.2003 40
32 42 1646.14 288.499 3.20435 42
34 32 1276 572 3.19749 0
34 44 1304.53 371.009 3.29803 41
34 56 620.069 746.039 3.33843 5
34 70 608.755 734.725 3.33528 5
34 30 1349.8 661.186 3.18148 1
36 0 1692 508 3.19818 16
36 38 625.726 763.009 3.28888 5
36 44 620.069 757.352 3.32773 5
38 74 603.099 740.382 3.29724 5
10 10 28 724 3.22635 2
40 8 1540 75.9999 3.1483 34
40 50 1320.53 371.009 3.28879 41
42 46 1312.53 363.009 3.28706 41
42 24 972 132 3.17975 6
44 46 1295.42 390.323 3.20815 42
50 0 1620 548 3.19992 0
50 42 325.913 327.431 3.18441 5
50 26 331.57 333.088 3.16891 5
16 32 1260 580 3.2237 0
16 60 1270.61 604.617 3.25318 1
18 42 637.04 740.382 3.3456 5
18 68 1276.26 610.274 3.25953 1
18 30 1264.53 379.009 3.20823 41
22 38 637.04 751.695 3.34912 5
6 0 20 732 3.24402 4
6 32 1668 492 3.25819 2
6 34 1216.53 619.009 3.24251 41
24 58 1276.26 598.96 3.25328 1
24 78 1284 620 3.1759 0
30 34 1344.15 666.843 3.24455 1
30 38 631.383 757.352 3.33932 5
30 44 625.726 751.695 3.36635 5
30 80 1292 620 3.17118 0
28.2843 56.5685 20 540 3.26352 12
39.598 0 1700 508 3.16285 24
19.799 36.7696 314.599 678.156 3.24836 13
25.4558 36.7696 308.942 683.813 3.25531 13
25.4558 48.0833 20 548 3.24832 12
42.4264 59.397 12 532 3.32464 12
42.4264 84.8528 65.6974 451.882 3.18642 13
42.4264 67.8822 12 524 3.34852 12
8.48528 65.0538 908 276 3.30878 14
33.9411 65.0538 597.442 734.725 3.30118 13
