0 0 180 764 2.6994 32
0 0 1680.09 548.715 2.82113 42
0 38 20 732 2.7062 2
0 58 44 732 2.71645 2
2 8 1691.4 548.715 2.77721 42
2 8 682.294 763.009 2.72546 3
8 0 11.3137 758.018 2.79933 120
8 8 1691.4 537.401 2.73452 42
32 34 956 564 2.72367 4
38 54 1516 636 2.70273 4
10 0 1680.09 537.401 2.807 42
10 46 28 724 2.70178 2
40 0 1615.68 157.726 2.69179 37
42 40 948 556 2.72339 4
42 48 948 548 2.72077 4
42 58 1655.27 16.3046 2.69969 5
48 0 1632.65 140.755 2.67823 33
48 20 884 284 2.68276 18
50 38 940 556 2.71264 4
50 54 1510.38 639.224 2.69951 44
58 36 856 488 2.67689 80
64 0 1610.02 163.383 2.70477 37
22 28 964 572 2.70864 4
28 0 876 292 2.70412 18
30 26 956 572 2.72549 4
14.1421 36.7696 900 276 2.70142 14
16.9706 39.598 1677.9 491.48 2.69805 25
45.2548 56.5685 1666.59 480.167 2.66733 29
22.6274 28.2843 1672.24 485.823 2.69543 25
