0 48 836 324 3.30075 22
0 56 100 348 3.23884 38
0 22 1388 11.9999 3.41587 2
0 30 1396 11.9999 3.41317 2
2 42 880.284 270.863 3.31048 3
8 34 1396 3.99994 3.35221 2
32 70 1129.19 485.823 3.32885 7
36 36 472.991 531.078 3.24516 23
38 74 1134.84 491.48 3.32618 7
38 80 1129.19 497.137 3.28268 7
12 74 1108 484 3.26084 0
14 48 1123.53 457.539 3.30255 7
14 74 1112.22 480.167 3.24692 7
16 66 1117.87 474.51 3.34378 7
18 58 1123.53 468.853 3.31435 7
20 82 1112.22 491.48 3.32749 7
22 50 1129.19 463.196 3.29988 7
22 76 1117.87 485.823 3.34297 7
26 60 1129.19 474.51 3.35456 7
26 70 1123.53 480.167 3.33172 7
28 36 439.05 576.333 3.25509 23
28 36 1564.76 95.5005 3.21758 19
28 52 1134.84 468.853 3.29306 7
28 16 852 348 3.25803 22
30 78 1123.53 491.48 3.27923 7
14.1421 0 20 756 3.18627 10
39.598 62.2254 836 348 3.28973 30
39.598 62.2254 444.707 570.676 3.29273 31
16.9706 39.598 1559.11 553.706 3.21488 25
31.1127 8.48528 44 732 3.24577 10
