0 0 884 276 3.38623 24
0 20 884 284 3.41462 16
32 22 580.471 186.01 3.67086 1
32 30 586.128 191.667 3.64516 1
36 0 916 268 3.42626 16
38 40 597.442 191.667 3.63297 1
38 48 603.098 197.324 3.63708 1
40 32 591.785 186.01 3.64539 1
40 24 586.128 180.353 3.66703 1
42 16 580.471 174.696 3.65528 1
46 40 603.098 186.01 3.66464 1
46 48 608.755 191.667 3.64415 1
12 48 331.569 570.676 3.27512 17
48 32 597.442 180.353 3.66869 1
48 24 591.785 174.696 3.67901 1
50 8 580.471 163.383 3.5202 1
50 56 1103.09 39.598 3.34667 40
50 16 586.128 169.04 3.6581 1
54 40 608.755 180.353 3.6446 1
54 50 614.412 186.01 3.59322 1
14 36 580.471 208.638 3.63435 1
56 34 603.098 174.696 3.61708 1
56 18 591.785 163.383 3.63143 1
56 24 597.442 169.04 3.6351 1
58 10 586.128 157.726 3.54424 1
58 54 1124 36 3.33358 0
60 48 620.069 180.353 3.52749 1
62 2 1612 548 3.2871 0
62 42 614.412 174.696 3.63877 1
4 44 365.51 400.971 3.32931 17
16 28 574.814 202.981 3.62347 1
64 14 597.442 146.412 3.38025 1
64 18 597.442 157.726 3.62265 1
64 26 603.098 163.383 3.63714 1
66 8 1620 556 3.27539 0
68 8 1684 492 3.27266 4
68 54 1140 36 3.31039 0
70 34 614.412 163.383 3.61177 1
70 42 620.069 169.04 3.62003 1
18 22 569.157 197.324 3.54369 1
72 14 818.059 400.971 3.24733 7
72 4 919.882 265.206 3.2423 17
72 20 603.098 152.069 3.57317 1
72 28 608.755 157.726 3.6041 1
74 46 1148 28 3.26616 0
78 36 620.069 157.726 3.5738 1
78 44 625.726 163.383 3.37341 1
20 0 908 268 3.4198 16
20 60 376.824 400.971 3.32398 17
20 16 908 276 3.4083 16
80 48 924 300 3.29791 16
80 14 823.716 406.627 3.24712 7
80 28 614.412 152.069 3.58301 1
86 0 20 732 3.27246 4
86 36 625.726 152.069 3.40048 1
22 38 586.128 202.981 3.64459 1
22 46 591.785 208.638 3.64754 1
88 8 20 724 3.23942 4
88 56 1474.25 253.892 3.25762 33
94 0 12 732 3.22971 4
24 22 574.814 191.667 3.65502 1
24 30 580.471 197.324 3.65975 1
28 52 603.098 208.637 3.37455 1
30 38 591.785 197.324 3.6564 1
30 46 597.442 202.981 3.66696 1
28.2843 22.6274 1684 132 3.27206 24
59.397 50.9117 1485.57 627.245 3.31606 11
87.6812 25.4558 252 412 3.22426 14
