0 2 899.44 265.872 3.35613 44
0 44 461.677 542.392 3.31746 19
0 12 899.44 254.558 3.32498 44
0 18 420 620 3.29241 6
0 22 268 396 3.2978 4
0 42.4264 444.707 570.676 3.35142 11
0 53.7401 892 276 3.37185 14
8 12 888.126 254.558 3.32309 44
8 14 260 404 3.29476 4
8 6 888.126 265.872 3.29566 44
32 50 1196 20 3.33233 6
32 54 897.255 163.383 3.40841 7
32 56 1188 20 3.3265 6
34 36 908.569 152.069 3.30285 7
34 68 1581.73 89.8437 3.33669 7
34 22 1170.97 39.598 3.31309 46
34 22 1124 36 3.31336 6
38 42 908.569 163.383 3.41161 7
38 46 204 596 3.33368 2
38 54 212 596 3.34254 2
38 58 422.079 604.617 3.37089 7
38 66 1172 28 3.27536 6
38 30 1530.82 559.362 3.33209 1
16 74 899.44 277.186 3.29796 46
6 38 908 276 3.36713 6
6 54 916 268 3.37284 6
24 80 948 276 3.19558 2
36.7696 59.397 433.393 548.049 3.30256 11
36.7696 2.82843 1508.2 310.461 3.3696 15
36.7696 11.3137 1502.54 316.118 3.33739 15
28.2843 2.82843 1502.54 304.804 3.32454 15
19.799 76.3675 1692 556 3.24733 8
33.9411 73.5391 1700 556 3.19419 8
16.9706 67.8822 77.011 542.392 3.23223 25
2.82843 48.0833 450.363 565.019 3.35296 11
11.3137 65.0538 456.02 548.049 3.32849 11
11.3137 70.7107 884 284 3.37068 14
11.3137 53.7401 892 284 3.36823 14
22.6274 50.9117 84 492 3.2123 28
22.6274 67.8822 1525.17 531.078 3.13556 29
22.6274 87.6812 876 292 3.26361 14
