0 8 1672 520 3.33396 80
0 32 670.981 763.009 3.28239 17
0 20 1604.36 372.686 3.29246 21
0 86 44 732 3.25488 2
8 0 1688 504 3.34302 80
8 20 755.833 497.137 3.36511 3
32 46 767.147 463.196 3.55328 3
32 14 738.863 480.167 3.54575 3
34 54 772.804 457.539 3.51532 3
34 70 1596 75.9999 3.25101 2
34 22 744.52 474.51 3.55573 3
36 30 750.177 468.853 3.55456 3
38 36 755.833 463.196 3.54 3
38 62 778.461 451.882 3.53669 3
10 48 1666.59 491.48 3.29736 1
10 62 28 724 3.23783 2
10 28 761.49 491.48 3.34218 3
40 68 784.118 446.225 3.47008 3
42 46 761.49 457.539 3.56432 3
42 52 767.147 451.882 3.53527 3
42 18 738.863 468.853 3.53363 3
44 28 744.52 463.196 3.53005 3
46 34 750.177 457.539 3.52264 3
46 60 772.804 446.225 3.54355 3
46 80 818.059 378.343 3.22497 3
48 42 755.833 451.882 3.54135 3
48 68 778.461 440.568 3.54486 3
48 72 784.118 434.912 3.29627 3
50 50 761.49 446.225 3.56804 3
50 18 733.206 463.196 3.46304 3
52 58 767.147 440.568 3.51993 3
52 26 738.863 457.539 3.49301 3
54 32 744.52 451.882 3.54538 3
14 36 767.147 485.823 3.28398 3
56 40 750.177 446.225 3.55218 3
58 48 755.833 440.568 3.55942 3
58 72 778.461 429.255 3.3754 3
60 56 761.49 434.912 3.54161 3
62 64 767.147 429.255 3.49647 3
62 30 738.863 446.225 3.45922 3
16 52 1228 636 3.24324 16
64 38 744.52 440.569 3.47014 3
64 46 750.177 434.912 3.32918 3
64 78 518.246 372.686 3.27004 3
66 38 1318.05 5.65686 3.35859 46
66 46 1306.73 5.65686 3.30419 46
66 56 1412 4 3.25989 6
66 80 1219.7 621.588 3.27559 5
68 16 444 580 3.22488 22
18 18 750.177 491.48 3.50163 3
18 26 755.833 485.823 3.51264 3
20 34 761.49 480.167 3.48848 3
20 52 682.294 763.009 3.26146 17
24 42 767.147 474.51 3.46136 3
24 16 744.52 485.823 3.54228 3
26 50 772.804 468.853 3.44358 3
26 62 1074.27 553.706 3.20739 85
26 24 750.177 480.167 3.56579 3
28 62 1588 83.9999 3.25203 2
28 70 1596 83.9999 3.26882 2
30 38 761.49 468.853 3.53449 3
30 56 778.461 463.196 3.26339 3
30 74 884 268 3.18041 2
36.7696 0 902.912 270.863 3.3893 9
36.7696 11.3137 908.568 276.52 3.38057 9
65.0538 31.1127 931.196 129.442 3.23034 15
50.9117 0 65.6973 451.882 3.27394 27
50.9117 5.65685 44 516 3.27367 24
25.4558 0 897.255 276.52 3.39355 9
16.9706 45.2548 900 300 3.1953 26
67.8822 16.9706 65.6973 440.569 3.25686 27
62.2254 84.8528 456.02 400.971 3.21383 11
11.3137 59.397 36 740 3.20747 14
