0 48 12 756 3.26169 38
8 18 296.528 659.009 3.55697 41
32 34 1508 308 3.82682 2
32 42 1516 308 3.79824 2
34 50 1524 308 3.80506 2
34 58 1532 308 3.77808 2
36 66 1540 308 3.78146 2
38 10 1484 300 3.82303 2
38 18 1492 300 3.82752 2
38 74 1548 308 3.73466 2
38 26 1500 300 3.82361 2
10 32 371.167 689.47 3.56821 1
40 34 1508 300 3.82216 2
40 42 1516 300 3.80959 2
40 14 1487.75 299.813 3.52732 42
42 50 1524 300 3.80319 2
42 58 1532 300 3.7565 2
44 66 1540 300 3.78664 2
44 74 1548 300 3.77798 2
46 8 1484 292 3.80527 2
46 18 1492 292 3.82474 2
46 80 1556 300 3.50896 2
46 26 1500 292 3.81745 2
12 34 328.528 675.009 3.58048 41
50 40 1516 292 3.77089 2
50 48 1524 292 3.76771 2
50 56 1532 292 3.78389 2
52 64 1540 292 3.76097 2
52 72 1548 292 3.78922 2
54 8 1484 284 3.77811 2
54 16 1492 284 3.7945 2
14 14 1484 324 3.74024 2
14 20 1492 324 3.74745 2
56 32 1508 284 3.79925 2
56 24 1500 284 3.76841 2
58 40 1516 284 3.77282 2
58 48 1524 284 3.79314 2
58 56 1532 284 3.78642 2
60 14 1487.75 277.186 3.48572 42
60 64 1540 284 3.79067 2
60 72 1548 284 3.77629 2
62 14 1492 276 3.76947 2
62 22 1500 276 3.7749 2
64 32 1508 276 3.76584 2
64 74 1556 276 3.54971 2
66 46 1524 276 3.78884 2
66 54 1532 276 3.79025 2
66 62 1540 276 3.77472 2
68 70 1548 276 3.78772 2
18 14 288.528 651.009 3.55085 41
22 34 1508 316 3.82557 2
22 42 1516 316 3.7894 2
22 12 1484 316 3.82395 2
22 62 1547.79 508.451 3.24791 1
22 18 1492 316 3.82913 2
22 26 1500 316 3.83351 2
6 32 320.528 683.009 3.55249 41
6 70 28 724 3.28319 2
6 26 312.528 675.009 3.55922 41
24 50 1521.69 322.441 3.34656 42
26 52 1524 316 3.74947 2
26 66 1552.53 507.009 3.25882 41
30 10 1484 308 3.81933 2
30 58 1533.01 311.127 3.50654 42
30 60 1532 316 3.58358 2
30 18 1492 308 3.82925 2
30 74 1566.95 322.441 3.29426 42
30 26 1500 308 3.82603 2
73.5391 0 1474.25 253.892 3.25257 31
2.82843 79.196 44 732 3.29092 10
