0 36.7696 1692 500 3.39522 10
32 56 1588 588 3.70696 4
34 32 1588 612 3.70831 4
34 10 1588 636 3.59919 4
34 40 1588 604 3.71694 4
34 48 1588 596 3.69455 4
34 4 1588 644 3.35738 4
34 24 1588 620 3.68759 4
36 16 1588 628 3.6733 4
10 46 1612 596 3.63237 4
10 54 1612 588 3.59785 4
40 64 1580 580 3.58851 4
42 34 1580 612 3.7255 4
42 10 1580 636 3.53229 4
42 42 1580 604 3.71665 4
42 50 1580 596 3.66896 4
42 58 1580 588 3.68806 4
42 26 1580 620 3.67906 4
44 18 1580 628 3.61273 4
12 60 914.226 270.863 3.28723 21
48 0 65.6973 451.882 3.33004 35
48 50 1572 596 3.71545 4
48 58 1572 588 3.72165 4
48 66 1572 580 3.62302 4
50 34 1572 612 3.74134 4
50 42 1572 604 3.73275 4
50 12 1572 636 3.51732 4
50 18 1572 628 3.47898 4
50 26 1572 620 3.70326 4
14 36 1612 604 3.5178 4
56 50 1564 596 3.72533 4
56 58 1564 588 3.72568 4
58 34 1564 612 3.72177 4
58 42 1564 604 3.71237 4
58 66 1564 572 3.42934 4
58 26 1564 620 3.70089 4
60 60 1555.63 582.656 3.38322 44
16 40 1604 604 3.69136 4
64 34 1556 612 3.70504 4
64 50 1556 596 3.67064 4
66 44 1556 604 3.68861 4
66 30 1555.63 616.597 3.37314 44
18 32 1604 612 3.70092 4
18 48 1604 596 3.6642 4
18 56 1604 588 3.63822 4
72 0 60.0404 446.225 3.3127 35
72 32 65.6973 440.569 3.32315 35
74 34 1548 612 3.50554 4
76 60 1508.2 310.461 3.17914 17
20 24 1604 620 3.65055 4
22 72 1684 500 3.36321 0
24 48 1596 596 3.68325 4
24 56 1596 588 3.7074 4
24 16 1600.89 627.911 3.38341 44
26 32 1596 612 3.72827 4
26 40 1596 604 3.72038 4
26 24 1596 620 3.69229 4
28 10 1596 636 3.67089 4
28 16 1596 628 3.68202 4
28 6 1596 644 3.34988 4
65.0538 28.2843 460 540 3.34189 14
65.0538 25.4558 342.883 570.676 3.34804 13
8.48528 14.1421 1668 492 3.3262 10
67.8822 56.5685 314.599 542.392 3.23216 13
11.3137 25.4558 1684 492 3.40232 10
