2 50 282.843 735.391 3.35483 122
32 38 388 540 3.51914 4
32 18 365.511 400.971 3.39021 3
32 22 460 540 3.37315 4
32 30 388 548 3.50184 4
34 64 380 516 3.54637 4
34 22 1092 388 3.42683 6
36 56 380 524 3.55281 4
36 18 458.205 707.107 3.40536 42
38 40 380 540 3.50999 4
38 48 380 532 3.54127 4
38 14 1157.47 163.383 3.36009 7
38 14 20 532 3.38764 2
10 40 1174.44 44.5887 3.26754 3
10 58 404 516 3.538 4
10 64 328 712 3.30721 82
10 64 404 508 3.53564 4
40 32 380 548 3.49848 4
40 72 372 508 3.52621 4
42 14 1100 396 3.38193 6
42 66 372 516 3.52733 4
42 18 380 564 3.39858 4
42 24 380 556 3.52786 4
44 58 372 524 3.51987 4
44 78 925.539 270.863 3.28771 3
46 42 372 540 3.45593 4
46 48 372 532 3.52362 4
12 54 404 524 3.41024 4
48 0 20 524 3.30728 18
48 34 372 548 3.51131 4
48 62 902.912 282.177 3.26077 3
50 10 1163.13 169.04 3.3429 7
50 72 914.225 270.863 3.33249 3
50 24 372 556 3.5136 4
52 18 372 564 3.42597 4
54 14 325.913 553.706 3.32059 5
14 46 282.843 712.764 3.37328 122
14 66 1076 372 3.33846 6
56 58 897.255 276.52 3.32534 3
56 62 584 696 3.28826 82
56 66 902.912 270.863 3.32234 3
58 22 605.283 718.42 3.43056 42
60 20 28 516 3.36161 18
62 32 1076 412 3.46322 6
62 34 616.597 707.107 3.3697 42
62 42 554.372 667.509 3.28487 122
62 26 1084 412 3.48353 6
16 42 1327.18 389.657 3.32717 7
18 66 396 508 3.545 4
20 52 396 524 3.51243 4
20 56 396 516 3.52094 4
22 42 264 680 3.35996 82
22 44 396 532 3.51388 4
22 76 1680.09 492.146 3.31372 40
6 50 1180.1 38.9319 3.30585 3
26 56 388 524 3.55729 4
26 68 388 508 3.50118 4
28 46 388 532 3.55282 4
30 42 571.342 707.107 3.45141 46
30 18 458.205 718.42 3.32831 42
30 78 1684 492 3.33755 0
