8 10 359.854 678.156 3.43167 3
36 42 412 668 3.69417 6
36 52 404 668 3.69331 6
38 36 420 668 3.68503 6
38 28 428 668 3.67187 6
10 10 360.528 675.009 3.42619 43
10 16 337.226 565.019 3.41038 3
42 34 476 500 3.40924 0
44 44 412 676 3.65907 6
44 52 404 676 3.64496 6
46 36 420 676 3.65993 6
46 28 428 676 3.62061 6
52 52 404 684 3.61572 6
54 38 420 684 3.56412 6
54 44 412 684 3.65904 6
14 10 444 644 3.52941 6
14 18 436 644 3.56811 6
14 26 428 644 3.56313 6
60 46 412 692 3.6062 6
60 52 404 692 3.59139 6
62 38 420 692 3.49645 6
68 46 412 700 3.49384 6
68 52 404 700 3.43415 6
20 10 320.256 559.362 3.3743 3
20 20 1247.98 208.638 3.36377 21
22 34 420 652 3.6728 6
22 10 444 652 3.45496 6
22 42 412 652 3.56829 6
22 18 436 652 3.57062 6
22 26 428 652 3.67493 6
6 40 908 268 3.24603 6
6 6 436 636 3.473 6
24 16 36 548 3.32919 4
28 42 412 660 3.69402 6
28 50 404 660 3.69047 6
28 18 1492 316 3.45894 6
30 34 420 660 3.67832 6
30 26 428 660 3.68557 6
14.1421 22.6274 1492 300 3.38091 14
28.2843 14.1421 1500 316 3.37663 14
25.4558 0 1508 316 3.31808 14
67.8822 22.6274 1316 172 3.15627 30
11.3137 33.9411 1484 300 3.36126 14
