2 2 44 732 3.30753 4
36 22 1516 19.9999 3.39207 4
38 30 1516 11.9999 3.40284 4
44 12 456.02 536.735 3.41194 21
12 28 1540 19.9999 3.4198 4
48 44 427.736 553.706 3.37076 21
48 16 439.05 565.019 3.40573 21
52 4 461.677 542.392 3.43405 21
14 36 1540 11.9999 3.43457 4
64 40 1100 68 3.26442 32
68 0 456.02 548.049 3.43226 21
68 36 439.05 531.078 3.32522 21
68 16 450.364 542.392 3.40065 21
20 26 1532 19.9999 3.43289 4
22 34 1532 11.9999 3.43273 4
6 42 1677.9 491.48 3.31045 1
26 40 1116 36 3.37531 0
28 42 1457.28 666.843 3.33419 7
28 16 467.334 525.421 3.38829 21
28 24 1524 19.9999 3.40301 4
30 32 1524 11.9999 3.41485 4
73.5391 0 820 348 3.27085 28
82.0244 33.9411 892 276 3.33329 12
59.397 42.4264 908 268 3.39988 12
42.4264 42.4264 916 268 3.41338 12
87.6812 2.82843 337.226 576.333 3.36745 13
