0 68 876 284 3.2933 22
2 46 988 484 3.34747 2
2 24 1253.64 214.294 3.24623 3
8 38 980 476 3.7208 2
8 46 988 476 3.70076 2
32 38 980 452 3.79716 2
32 46 988 452 3.80641 2
32 54 996 452 3.81613 2
32 62 1004 452 3.80148 2
32 64 1553.45 468.853 3.28166 1
34 14 956 452 3.77408 2
34 22 964 452 3.78828 2
34 6 948 452 3.77896 2
34 30 972 452 3.7899 2
38 62 1538.14 474.51 3.38626 81
38 64 444 588 3.34181 2
10 34 978.636 480.833 3.40913 42
10 54 996 476 3.71053 2
10 22 964 476 3.74507 2
10 30 972 476 3.7712 2
40 46 988 444 3.80311 2
40 54 996 444 3.81812 2
40 62 1004 444 3.81604 2
40 64 376.824 400.971 3.34058 1
42 0 940 444 3.46481 2
42 38 980 444 3.78833 2
42 14 956 444 3.79216 2
42 22 964 444 3.77837 2
42 30 972 444 3.79382 2
12 14 956 476 3.67762 2
48 38 980 436 3.76605 2
48 46 988 436 3.76312 2
50 14 956 436 3.72832 2
50 64 50.9117 560.029 3.30501 40
50 26 967.322 435.578 3.50846 42
50 30 972 436 3.75767 2
54 52 996 428 3.4779 2
14 58 1001.26 469.519 3.37915 42
56 38 980 428 3.68459 2
56 30 972 428 3.65573 2
58 36 978.636 424.264 3.44108 42
58 14 956 428 3.72172 2
58 22 964 428 3.71408 2
60 52 1499.07 288.499 3.31555 42
60 58 1510.38 288.499 3.28865 42
16 38 980 468 3.78697 2
16 46 988 468 3.78281 2
16 54 996 468 3.76609 2
16 62 1004 468 3.76089 2
16 30 972 468 3.81606 2
64 64 1108 76 3.09221 36
64 30 972 420 3.64977 2
66 14 956 420 3.73196 2
66 22 964 420 3.73301 2
70 32 292 404 3.24979 6
18 14 956 468 3.81934 2
18 22 964 468 3.81031 2
18 6 948 468 3.81118 2
6 46 989.949 480.833 3.2993 42
24 38 980 460 3.78524 2
24 54 996 460 3.77805 2
24 62 1004 460 3.77417 2
24 30 972 460 3.80624 2
26 46 988 460 3.77918 2
26 14 956 460 3.81583 2
26 22 964 460 3.8094 2
26 6 948 460 3.81474 2
73.5391 33.9411 300 412 3.1584 14
5.65685 62.2254 12 540 3.28592 24
5.65685 5.65685 12 516 3.29268 24
