0 0 569.157 321.775 2.7248 33
0 0 1615.68 384 2.74506 13
0 38 440.528 579.009 2.78166 43
0 44 448.528 571.009 2.78702 43
0 50 456.528 563.009 2.77646 43
0 48.0833 461.677 542.392 2.72905 11
0 79.196 1564.76 548.049 2.7483 29
0 59.397 885.941 265.206 2.7499 11
2 44 1464.53 675.009 2.74587 41
8 46 432.528 571.009 2.7254 43
32 46 1521.69 639.224 2.75419 42
36 0 60.0404 446.225 2.74272 19
36 16 348 596 2.76913 16
36 16 65.6973 440.569 2.75838 19
38 42 864.528 464.666 2.74748 121
38 54 902.912 270.863 2.74946 3
22 38 1468 652 2.72248 0
22 72 1476 684 2.69216 0
6 34 772.804 627.245 2.73613 1
6 26 767.147 621.588 2.73718 1
24 0 65.6973 451.882 2.77268 19
26 48 1476 660 2.74925 0
26 22 1468 636 2.71504 0
30 58 1533.01 639.224 2.75667 42
30 62 914.225 270.863 2.74431 3
33.9411 67.8822 1660 92 2.65407 30
16.9706 79.196 1660 484 2.66877 30
31.1127 56.5685 891.598 282.177 2.7549 11
31.1127 48.0833 885.941 287.833 2.74447 11
