0 0 1259.29 208.638 2.73833 21
0 14 922.067 265.872 2.79342 46
0 24 60 356 2.75814 22
0 26 910.754 265.872 2.7936 46
0 31.1127 892 276 2.79304 14
34 0 902.912 270.863 2.74424 1
34 8 532 676 2.73352 0
36 0 140 316 2.73054 18
36 14 100 460 2.85013 6
38 22 92 460 2.84968 6
38 28 84 460 2.84005 6
10 10 108 436 2.83002 6
40 38 76 460 2.84993 6
42 8 914.225 270.863 2.74419 1
46 20 92 468 2.83112 6
46 28 84 468 2.85334 6
12 18 100 436 2.83819 6
48 0 140 308 2.71145 18
48 34 76 468 2.85404 6
52 18 92 476 2.78784 6
54 26 84 476 2.8273 6
14 26 92 436 2.80557 6
62 24 84 484 2.78216 6
64 32 76 484 2.77212 6
70 22 84 492 2.75983 6
18 10 108 444 2.75752 6
72 32 463.334 553.706 2.7639 81
72 30 76 492 2.76078 6
20 16 100 444 2.85321 6
22 32 84 444 2.82016 6
22 24 92 444 2.84107 6
26 2 676 764 2.76366 4
28 14 100 452 2.854 6
30 22 92 452 2.86554 6
30 6 896.528 283.009 2.74457 41
79.196 0 1556 100 2.71498 30
79.196 22.6274 1559.11 553.706 2.69918 27
82.0244 31.1127 472.991 519.765 2.7675 9
59.397 36.7696 461.677 531.078 2.76126 9
70.7107 36.7696 467.334 525.421 2.78829 9
11.3137 31.1127 892 284 2.79145 14
