0 0 884 276 2.75383 16
2 46 899.44 265.872 2.72263 42
34 40 1247.98 265.206 2.7898 3
36 32 1242.32 270.863 2.82616 3
38 16 1231.01 282.177 2.83253 3
38 24 1236.67 276.52 2.84192 3
42 34 1236.67 265.206 2.80836 3
44 26 1231.01 270.863 2.84222 3
46 10 1219.7 282.177 2.8172 3
46 40 884 260 2.69562 0
46 18 1225.35 276.52 2.83582 3
12 42 899.44 254.558 2.70579 42
12 16 348.54 598.96 2.68618 23
12 22 1253.64 293.49 2.71984 3
52 38 1231.01 259.549 2.74697 3
52 20 1219.7 270.863 2.81874 3
52 28 1225.35 265.206 2.79937 3
54 12 1214.04 276.52 2.82496 3
54 6 1208.38 282.177 2.7453 3
60 30 1219.7 259.549 2.68702 3
62 20 1214.04 265.206 2.79022 3
4 34 888.126 265.872 2.70061 42
20 0 892 276 2.73413 16
20 22 1247.98 287.833 2.79558 3
20 30 1253.64 282.177 2.78064 3
22 38 1691.4 492.146 2.70617 40
24 0 1666.59 491.48 2.72677 19
26 32 1247.98 276.52 2.84592 3
28 24 1242.32 282.177 2.84254 3
30 16 1236.67 287.833 2.82 3
42.4264 0 100 348 2.73426 8
62.2254 22.6274 1692 172 2.67837 30
45.2548 39.598 1180.1 276.52 2.67602 31
