0 68 1264.95 123.785 3.24816 19
0 11.3137 1524 156 3.2826 10
8 0 1655.27 140.755 3.30072 7
8 64 200 664 3.20679 82
8 18 1684 492 3.32473 6
32 26 1684 516 3.54358 6
34 40 1668 524 3.53493 6
34 16 1692 516 3.50005 6
34 66 1644 532 3.39497 6
36 34 1676 524 3.56405 6
36 60 1652 532 3.46677 6
38 54 1660 532 3.46787 6
10 34 1668 500 3.56376 6
10 42 1660 500 3.44538 6
10 64 1148 27.9999 3.25421 2
40 46 1668 532 3.46379 6
40 18 1692 524 3.51095 6
42 38 1676 532 3.48004 6
42 64 1652 540 3.47072 6
46 56 1660 540 3.39857 6
46 30 1684 532 3.49211 6
48 48 1668 540 3.43498 6
50 10 593.97 707.107 3.35109 40
50 40 1676 540 3.46309 6
50 14 1076 404 3.31352 4
50 70 1284 12 3.19154 0
50 22 1692 532 3.51156 6
52 64 1652 548 3.46094 6
54 58 1660 548 3.45125 6
54 26 1692 540 3.3965 6
14 54 1652 508 3.39291 6
14 28 1676 500 3.53835 6
56 32 1684 540 3.49868 6
56 50 1668 548 3.40459 6
58 34 314.599 542.392 3.1741 5
58 42 1676 548 3.377 6
58 66 1652 556 3.24454 6
58 18 899.44 277.186 3.27778 42
62 62 1660 556 3.38894 6
62 30 1660.93 485.823 3.25143 5
16 10 1655.27 152.069 3.32081 7
16 44 1660 508 3.47934 6
16 14 1692 500 3.46786 6
64 46 1676 556 3.2397 6
64 52 1668 556 3.3786 6
64 24 910.754 265.872 3.2923 42
64 24 1666.59 491.48 3.27013 5
66 68 1652 564 3.09659 6
66 18 899.44 265.872 3.21408 42
68 32 60 356 3.11715 18
70 56 1668 564 3.18651 6
18 36 1668 508 3.56387 6
18 58 1652 516 3.38093 6
18 18 1684 500 3.45399 6
72 64 1504.72 56.5685 3.14656 126
22 48 1660 516 3.44125 6
22 30 1676 508 3.54722 6
6 24 1676 492 3.3324 6
24 24 1684 508 3.51721 6
26 40 1668 516 3.56582 6
26 12 1692 508 3.51326 6
26 64 1644 524 3.3674 6
28 58 1652 524 3.46434 6
30 34 1676 516 3.53609 6
