32 38 767.147 169.04 3.65695 7
34 46 761.49 174.696 3.65427 7
34 54 755.834 180.353 3.65621 7
36 14 789.775 157.726 3.64515 7
36 62 750.177 186.01 3.60483 7
38 70 744.52 191.667 3.59523 7
38 20 784.118 163.383 3.64519 7
38 30 778.461 169.04 3.6264 7
40 0 876 292 3.33329 18
40 36 772.804 174.696 3.65094 7
42 44 767.147 180.353 3.65232 7
42 52 761.49 186.01 3.64393 7
44 60 755.834 191.667 3.59848 7
46 68 750.177 197.324 3.58881 7
46 76 744.52 202.981 3.39699 7
46 30 784.118 174.696 3.5203 7
12 10 778.461 135.098 3.57684 7
12 18 772.804 140.755 3.65104 7
48 36 778.461 180.353 3.60749 7
48 44 772.804 186.01 3.59074 7
48 24 892 284 3.37969 18
50 52 767.147 191.667 3.58547 7
50 82 876.812 265.872 3.27333 40
52 58 761.49 197.324 3.5874 7
54 66 755.834 202.981 3.51166 7
14 34 761.49 152.069 3.6246 7
14 24 767.147 146.412 3.66054 7
56 52 772.804 197.324 3.50868 7
58 74 899.44 243.245 3.27819 40
60 32 916 268 3.37106 18
60 58 767.147 202.981 3.44566 7
16 40 755.833 157.726 3.64935 7
64 40 900 276 3.39934 18
64 28 892 276 3.38469 18
66 66 1134.84 38.9319 3.25606 7
18 8 784.118 140.755 3.57098 7
18 48 750.177 163.383 3.63953 7
18 56 744.52 169.039 3.58975 7
20 16 778.461 146.412 3.65527 7
22 32 767.147 157.726 3.64037 7
22 24 772.804 152.069 3.64695 7
6 6 1688 520 3.42663 80
24 40 761.49 163.383 3.64632 7
26 0 763.675 356.382 3.32881 40
26 48 755.833 169.039 3.63536 7
26 56 750.177 174.696 3.63626 7
28 42 778.461 236.922 3.30838 3
28 14 784.118 152.069 3.65427 7
28 64 744.52 180.353 3.60051 7
30 22 778.461 157.726 3.63753 7
30 30 772.804 163.383 3.63278 7
