0 0 60.0405 457.539 2.70173 37
0 2 44 732 2.71322 4
8 8 1593.05 338.745 2.69099 35
32 48 1304.55 536.735 2.9046 7
32 56 1298.89 542.392 2.90502 7
34 40 1310.21 531.078 2.89787 7
36 32 1315.86 525.421 2.87225 7
36 24 1321.52 519.765 2.87466 7
38 16 1327.18 514.108 2.80114 7
38 64 1298.89 553.706 2.78584 7
10 36 1293.23 514.108 2.77902 7
10 44 1287.58 519.765 2.71403 7
10 62 899.44 254.558 2.68208 42
40 48 1310.21 542.392 2.90311 7
40 56 1304.55 548.049 2.90886 7
42 40 1315.86 536.735 2.90332 7
44 32 1321.52 531.078 2.90327 7
44 16 1332.83 519.765 2.76797 7
44 24 1327.18 525.421 2.8499 7
46 58 885.941 287.833 2.71693 3
46 62 1544.32 435.578 2.70704 42
46 64 891.598 282.177 2.70664 3
50 0 848.528 251.009 2.6741 47
14 30 1298.89 508.451 2.76128 7
16 46 1293.23 525.421 2.82487 7
18 36 1298.89 519.765 2.89211 7
18 50 1287.58 531.078 2.7728 7
18 50 1288.53 531.009 2.70095 47
18 62 899.44 243.245 2.69397 42
18 30 1304.55 514.108 2.88261 7
22 0 20 732 2.70857 4
24 46 1298.89 531.078 2.85628 7
24 54 1293.23 536.735 2.85556 7
26 38 1304.55 525.421 2.90279 7
28 22 1315.86 514.108 2.79598 7
28 30 1310.21 519.765 2.88796 7
30 62 1293.23 548.049 2.7439 7
16.9706 62.2254 1596 83.9999 2.67716 26
