0 0 857.657 440.569 3.2894 5
0 56.5685 444.706 649.872 3.3352 11
32 0 452 564 3.23382 38
36 38 924 372 3.77553 2
36 46 932 372 3.75548 2
36 54 940 372 3.73858 2
36 62 948 372 3.40366 2
36 22 908 372 3.70018 2
36 30 916 372 3.77545 2
40 26 910.754 367.695 3.29182 42
44 38 924 364 3.7743 2
44 46 932 364 3.75579 2
44 54 940 364 3.75316 2
44 30 916 364 3.77623 2
46 62 948 364 3.60789 2
12 8 892 396 3.43495 2
12 32 916 396 3.6973 2
12 40 924 396 3.70584 2
12 48 932 396 3.67569 2
12 56 940 396 3.64568 2
12 16 900 396 3.6481 2
12 24 908 396 3.67521 2
52 38 924 356 3.73221 2
52 46 932 356 3.73123 2
52 52 940 356 3.74457 2
52 30 916 356 3.71722 2
54 60 948 356 3.58972 2
60 38 924 348 3.7024 2
60 46 932 348 3.72716 2
60 52 940 348 3.72454 2
62 0 20 732 3.30566 4
4 32 916 404 3.70913 2
4 40 924 404 3.68645 2
4 16 900 404 3.45185 2
4 24 908 404 3.6608 2
64 8 452 572 3.19706 38
66 38 924 340 3.30195 2
68 44 932 340 3.44445 2
70 30 31.7563 700.784 3.22447 5
74 34 20.4424 700.784 3.22927 5
20 38 924 388 3.69039 2
20 46 932 388 3.67018 2
20 22 908 388 3.66773 2
20 30 916 388 3.66897 2
22 54 940 388 3.66916 2
6 50 932 404 3.53623 2
26 14 900 380 3.61277 2
28 0 436 596 3.24971 22
28 38 924 380 3.74081 2
28 46 932 380 3.7041 2
28 22 908 380 3.69566 2
28 30 916 380 3.73839 2
30 54 940 380 3.70298 2
30 58 944.695 379.009 3.30452 42
39.598 5.65685 468 540 3.28472 30
59.397 59.397 1519.51 367.03 3.23156 13
