0 5.65685 20 748 3.29414 24
0 22.6274 4 764 3.26709 24
8 62 167.521 270.863 3.59344 3
32 60 144.893 259.549 3.73448 3
32 94 161.864 231.265 3.73854 3
32 28 127.923 287.833 3.74333 3
34 54 139.236 265.206 3.74191 3
34 86 156.207 236.922 3.75107 3
34 22 122.266 293.49 3.65899 3
36 46 133.58 270.863 3.72697 3
36 78 150.55 242.579 3.76594 3
38 36 127.923 276.52 3.73175 3
38 70 144.893 248.235 3.75883 3
38 104 161.864 219.951 3.71991 3
38 112 236 276 3.28779 6
10 48 156.207 282.177 3.71903 3
40 32 14.7856 525.421 3.24404 33
40 62 139.236 253.892 3.75024 3
40 96 156.207 225.608 3.76132 3
40 30 122.266 282.177 3.74962 3
42 54 133.58 259.549 3.74072 3
42 22 116.609 287.833 3.71142 3
42 88 150.55 231.265 3.75596 3
44 80 144.893 236.922 3.77546 3
46 40 122.266 270.863 3.71317 3
46 72 139.236 242.579 3.76528 3
46 104 156.207 214.294 3.64349 3
12 74 167.521 259.549 3.70851 3
48 32 116.609 276.52 3.69984 3
48 64 133.58 248.235 3.75199 3
48 98 150.55 219.951 3.76158 3
50 56 127.923 253.892 3.72252 3
50 16 105.295 287.833 3.60027 3
50 90 144.893 225.608 3.76965 3
50 24 110.952 282.177 3.70091 3
50 112 919.882 152.069 3.28271 1
52 48 122.266 259.549 3.72742 3
52 82 139.236 231.265 3.76925 3
54 40 116.609 265.206 3.70809 3
54 74 133.58 236.922 3.76791 3
14 32 144.893 293.49 3.70531 3
14 66 161.864 265.206 3.69631 3
14 82 173.177 253.892 3.60342 3
14 94 184.491 242.579 3.55823 3
56 34 110.952 270.863 3.72639 3
56 100 144.893 214.294 3.722 3
56 26 105.295 276.52 3.71516 3
56 106 150.55 208.638 3.59237 3
58 58 122.266 248.235 3.73221 3
58 18 99.6384 282.177 3.64998 3
58 92 139.236 219.951 3.72085 3
60 42 110.952 259.549 3.70908 3
60 50 116.609 253.892 3.73361 3
60 14 93.9816 287.833 3.51034 3
60 84 133.58 225.608 3.76668 3
62 68 122.266 236.922 3.74526 3
62 76 127.923 231.265 3.7462 3
62 112 1340.67 16.9706 3.343 40
4 38 156.207 293.49 3.50969 3
16 90 173.178 242.579 3.71401 3
64 28 99.6384 270.863 3.72135 3
66 60 116.609 242.579 3.75504 3
66 20 93.9816 276.52 3.72636 3
66 86 127.923 219.951 3.73617 3
66 94 133.58 214.294 3.73719 3
66 112 1233.19 33.9411 3.33698 120
68 44 105.295 253.892 3.69968 3
68 12 88.3247 282.177 3.69936 3
68 52 110.952 248.235 3.70402 3
68 78 122.266 225.608 3.73801 3
70 0 625.726 536.735 3.30542 3
70 38 99.6384 259.549 3.7134 3
18 48 150.55 276.52 3.73029 3
18 14 36 740 3.3293 0
18 82 167.521 248.235 3.68164 3
18 26 139.236 299.147 3.47012 3
72 62 110.952 236.922 3.74968 3
72 70 116.609 231.265 3.73299 3
72 112 1255.82 33.9411 3.31532 120
72 30 93.9816 265.206 3.72442 3
74 54 105.295 242.579 3.7447 3
74 22 88.3247 270.863 3.7179 3
74 88 122.266 214.294 3.72444 3
74 104 144.893 202.981 3.40019 3
76 14 82.6678 276.52 3.70273 3
76 80 116.609 219.951 3.70967 3
78 38 93.9816 253.892 3.72301 3
78 46 99.6384 248.235 3.72438 3
78 98 122.266 202.981 3.7238 3
20 42 144.893 282.177 3.71217 3
20 76 161.864 253.892 3.73793 3
80 32 88.3247 259.549 3.71469 3
80 64 105.295 231.265 3.74894 3
80 104 127.923 197.324 3.6269 3
82 56 99.6384 236.922 3.73937 3
82 24 82.6678 265.206 3.70643 3
84 48 93.9816 242.579 3.72038 3
84 16 77.011 270.863 3.66625 3
84 82 110.952 214.294 3.71474 3
84 90 116.609 208.638 3.72849 3
86 40 88.3247 248.235 3.73696 3
86 74 105.295 219.951 3.74216 3
22 34 139.236 287.833 3.73813 3
22 68 156.207 259.549 3.71156 3
22 100 173.177 231.265 3.68482 3
22 106 178.834 225.608 3.48803 3
88 66 99.6384 225.608 3.74113 3
88 18 71.3541 265.206 3.57656 3
88 86 105.295 208.638 3.49963 3
88 98 116.609 197.324 3.63988 3
88 26 77.011 259.549 3.69353 3
88 112 1445.97 587.647 3.28243 3
90 36 1404 4 3.27019 6
90 42 82.6678 242.579 3.50934 3
90 50 88.3247 236.922 3.66754 3
90 58 93.9816 231.265 3.72401 3
90 78 99.6384 214.294 3.41044 3
90 92 110.952 202.981 3.59933 3
90 104 122.266 191.667 3.3882 3
90 104 1336.53 579.009 3.2598 43
6 46 161.864 287.833 3.30947 3
24 10 44 732 3.33111 0
24 58 150.55 265.206 3.73613 3
24 92 167.521 236.922 3.74572 3
24 26 133.579 293.49 3.73783 3
96 10 1363.3 16.9706 3.32097 46
96 40 1142.68 33.9411 3.28782 126
96 18 1351.99 16.9706 3.33391 46
96 30 1329.36 16.9706 3.26974 46
26 50 144.893 270.863 3.73382 3
26 84 161.864 242.579 3.73459 3
26 22 127.923 299.147 3.4697 3
26 110 173.177 219.951 3.42772 3
28 42 139.236 276.52 3.72092 3
28 76 156.207 248.235 3.76363 3
30 36 133.58 282.177 3.73062 3
30 68 150.55 253.892 3.75821 3
30 102 167.521 225.608 3.70298 3
93.3381 0 1440.31 581.99 3.31514 9
39.598 0 1684 508 3.28365 24
87.6812 2.82843 1434.66 587.647 3.31229 9
62.2254 0 1692 508 3.32832 24
5.65685 107.48 1508.2 310.461 3.24826 27
