0 2 20 732 3.31453 2
0 42 1604 148 3.23828 6
2 28 16.9706 752.362 3.26622 40
8 38 1604 156 3.26102 6
32 38 303.285 746.039 3.6305 1
32 84 12 516 3.33586 22
34 6 337.226 576.333 3.28999 3
34 30 297.628 740.382 3.6443 1
36 12 1208.38 123.785 3.27862 17
36 16 286.315 729.068 3.64332 1
36 64 325.913 757.352 3.56888 1
36 72 331.569 763.009 3.49361 1
36 84 314.599 553.706 3.35156 23
38 48 314.599 746.039 3.56411 1
38 56 320.256 751.695 3.57248 1
10 10 28 724 3.31128 2
10 24 39.598 741.048 3.25526 40
40 2 331.569 570.676 3.32386 3
40 40 308.942 740.382 3.63292 1
40 28 1593.05 78.5299 3.25679 19
42 32 303.285 734.725 3.64943 1
42 74 337.226 757.352 3.57696 1
44 66 331.569 751.695 3.5761 1
44 24 297.628 729.068 3.64429 1
46 58 325.913 746.039 3.57108 1
46 16 291.971 723.411 3.65355 1
48 42 314.599 734.725 3.64453 1
48 50 320.256 740.382 3.59987 1
50 34 308.942 729.068 3.65522 1
50 74 342.883 751.695 3.57461 1
52 60 331.569 740.382 3.57269 1
52 4 1502.54 304.804 3.25436 23
52 66 337.226 746.039 3.58444 1
52 80 325.913 565.019 3.31895 23
52 26 303.285 723.411 3.64765 1
54 14 291.971 712.098 3.55884 1
54 18 297.628 717.754 3.65523 1
56 44 320.256 729.068 3.64566 1
56 4 852 340 3.24044 22
58 36 314.599 723.411 3.65617 1
58 66 342.883 740.382 3.45915 1
60 18 303.285 712.098 3.60208 1
60 28 308.942 717.754 3.62203 1
62 52 331.569 729.068 3.63807 1
62 60 337.226 734.725 3.57078 1
16 44 297.628 763.009 3.46332 1
64 46 325.913 723.411 3.61815 1
64 4 1508.2 310.461 3.23066 23
66 38 320.256 717.754 3.61315 1
66 12 380 676 3.32697 6
66 16 372 676 3.35814 6
68 58 342.883 729.068 3.45429 1
68 64 1146.16 197.324 3.28802 23
68 68 1146.16 163.383 3.21212 19
68 22 308.942 706.441 3.55384 1
68 30 314.599 712.098 3.61012 1
70 54 337.226 723.411 3.63353 1
18 36 291.971 757.352 3.49575 1
18 28 286.315 751.696 3.43224 1
72 46 331.569 717.754 3.63253 1
72 50 388.138 525.421 3.24256 7
72 52 476 492 3.20006 16
72 54 1124 36 3.33324 6
76 32 320.256 706.441 3.58772 1
76 48 348.54 723.411 3.52039 1
80 30 348.54 712.098 3.35671 1
82 34 325.913 700.784 3.54908 1
82 40 331.569 706.441 3.58859 1
22 52 308.942 763.009 3.56101 1
22 78 12 756 3.30867 6
24 36 297.628 751.696 3.6292 1
24 44 303.285 757.352 3.59202 1
24 68 314.599 542.392 3.34367 23
24 72 456.02 400.971 3.23431 37
26 30 291.971 746.039 3.62299 1
28 62 320.256 763.009 3.55685 1
28 64 20 516 3.3089 22
28 84 308.942 548.049 3.29278 23
28 22 286.315 740.382 3.63952 1
30 54 314.599 757.352 3.57389 1
28.2843 16.9706 1253.64 202.981 3.27009 29
42.4264 82.0244 320.256 559.362 3.34033 15
84.8528 16.9706 654.01 768.666 3.19386 13
70.7107 25.4558 235.403 666.843 3.39253 13
22.6274 67.8822 1242.32 191.667 3.27852 29
22.6274 62.2254 1372 428 3.24398 28
