0 0 1556 99.9999 2.73687 36
0 0 884 276 2.74471 28
0 32 1556 91.9999 2.7435 36
32 42 1513.85 55.9026 2.91564 7
32 50 1508.2 61.5594 2.91357 7
32 60 461.677 542.392 2.78269 17
34 56 940 292 2.78661 0
34 58 1502.54 67.2162 2.89336 7
36 18 1536.48 44.5889 2.7777 7
36 26 1530.82 50.2457 2.90279 7
38 34 1525.17 55.9026 2.89754 7
40 0 1548 99.9999 2.73632 36
40 40 1519.51 61.5594 2.87945 7
40 50 1513.85 67.2162 2.89534 7
42 56 916 308 2.79504 0
42 56 1508.2 72.8731 2.88285 7
42 18 1542.14 50.2457 2.77497 7
44 24 1536.48 55.9026 2.8928 7
46 32 1530.82 61.5594 2.90146 7
48 40 1525.17 67.2163 2.89235 7
48 48 1519.51 72.8731 2.89722 7
50 56 1513.85 78.53 2.89014 7
16 44 1502.54 44.5889 2.82663 7
16 54 1496.88 50.2457 2.84595 7
18 60 1491.22 55.9025 2.84843 7
20 60 456.02 548.049 2.7741 17
22 36 1513.85 44.5889 2.91047 7
22 28 1519.51 38.932 2.86947 7
24 44 1508.2 50.2457 2.9163 7
24 52 1502.54 55.9025 2.90963 7
26 58 900 300 2.77572 0
26 60 1496.88 61.5594 2.89271 7
28 28 1525.17 44.5889 2.87462 7
30 34 1519.51 50.2457 2.90978 7
