0 0 277.186 741.048 2.74437 42
0 0 156.207 451.882 2.72743 9
0 10 644.353 508.451 2.73411 81
0 46 277.186 741.048 2.75772 40
0 16 655.667 519.765 2.76651 81
8 14 666.981 508.451 2.72975 81
34 30 1652 196 2.73018 2
38 46 1448 8 2.72457 80
14 20 1636 212 2.72504 2
56 0 1610.02 163.383 2.74863 37
56 8 1316 348 2.69536 32
4 0 948.167 338.745 2.71116 17
16 36 897.255 299.147 2.72964 17
18 42 1419.87 5.65685 2.76557 40
22 42 1593.05 78.5299 2.75027 1
22 26 1643.96 208.637 2.7205 1
26 42 656.528 507.009 2.75911 47
