0 0 1610.02 163.383 3.27699 19
0 48 420 612 3.21626 34
0 66 20 732 3.29955 2
0 72 428 612 3.21616 34
0 80 44 732 3.28413 2
0 26 910.753 231.931 3.32332 44
2 0 899.44 265.872 3.31682 44
8 14 899.44 243.245 3.3012 44
8 62 12 724 3.25703 2
34 0 1655.27 16.3044 3.29986 1
38 36 796 756 3.77678 6
38 44 788 756 3.74307 6
38 12 820 756 3.75597 6
38 52 780 756 3.71109 6
38 60 772 756 3.6931 6
38 68 764 756 3.3525 6
38 20 812 756 3.75985 6
38 28 804 756 3.77431 6
10 2 888.126 265.872 3.33133 44
40 56 314.599 384 3.18433 33
42 6 1672.24 10.6476 3.27074 1
44 36 796 764 3.37186 6
44 42 788 764 3.37756 6
44 12 820 764 3.45639 6
44 50 780 764 3.3699 6
44 70 764 764 3.25746 6
44 20 812 764 3.33477 6
44 28 804 764 3.37456 6
46 58 1677.9 186.01 3.21967 1
48 58 1634.83 141.421 3.20052 46
48 66 36 476 3.19232 0
48 20 644.353 553.706 3.20738 81
50 46 596 4 3.22262 2
50 50 580 4 3.22682 2
54 42 1372 588 3.22564 6
54 54 1683.56 180.353 3.22074 1
54 58 1640 152 3.19874 86
14 36 796 732 3.77749 6
14 44 788 732 3.73671 6
14 20 812 732 3.69887 6
14 28 804 732 3.77711 6
22 36 796 740 3.77848 6
22 44 788 740 3.74178 6
22 12 820 740 3.66632 6
22 52 780 740 3.6443 6
22 20 812 740 3.72109 6
22 6 828 740 3.40432 6
22 28 804 740 3.77272 6
6 36 796 724 3.49705 6
24 72 320.256 389.657 3.19684 33
30 36 796 748 3.77732 6
30 44 788 748 3.74369 6
30 12 820 748 3.75618 6
30 52 780 748 3.71163 6
30 60 772 748 3.67137 6
30 20 812 748 3.75777 6
30 28 804 748 3.77379 6
36.7696 0 897.255 276.52 3.27863 9
48.0833 0 902.912 270.863 3.26684 9
