0 0 1615.68 384 3.30894 37
0 42.4264 857.657 451.882 3.35961 13
0 31.1127 863.314 457.539 3.33863 13
8 32 1684 492 3.35701 2
8 30 846.343 429.255 3.36031 5
32 22 492 20 3.67669 0
32 30 492 28 3.68051 0
34 0 953.823 514.108 3.40388 7
34 8 948.167 519.765 3.3817 7
34 54 500 52 3.63404 0
34 14 492 12 3.67538 0
36 46 500 44 3.63775 0
38 38 500 36 3.67211 0
10 50 476 52 3.6147 0
10 58 476 60 3.56018 0
40 0 1468.6 259.549 3.34374 37
40 30 500 28 3.65417 0
42 0 959.48 519.765 3.35175 7
42 56 508 52 3.62043 0
42 16 500 12 3.66233 0
44 48 508 44 3.66722 0
46 32 508 28 3.71972 0
46 40 508 36 3.72503 0
12 42 476 44 3.62716 0
12 26 896.528 283.009 3.35195 47
48 56 1451.63 242.579 3.3003 37
48 24 508 20 3.74753 0
50 56 516 52 3.6066 0
50 16 508 12 3.73672 0
52 50 516 44 3.67147 0
54 34 516 28 3.72177 0
54 42 516 36 3.72649 0
54 62 1296 16 3.41404 160
14 34 476 36 3.60129 0
56 26 516 20 3.74935 0
58 18 516 12 3.75247 0
60 42 524 36 3.70786 0
60 52 524 44 3.64059 0
62 36 524 28 3.72514 0
16 26 476 28 3.63865 0
64 28 524 20 3.7183 0
66 20 524 12 3.72301 0
68 44 532 36 3.71684 0
68 52 532 44 3.62252 0
70 38 532 28 3.67648 0
18 52 484 52 3.63018 0
18 58 484 60 3.54958 0
18 20 476 20 3.61403 0
72 0 1462.94 265.206 3.3689 37
72 20 532 12 3.67607 0
72 28 532 20 3.68767 0
74 50 1516 636 3.31841 2
20 44 484 44 3.64315 0
22 12 476 12 3.60114 0
24 20 484 20 3.64421 0
24 30 484 36 3.68376 0
26 12 484 12 3.66774 0
26 52 492 52 3.60023 0
26 60 492 60 3.41557 0
28 46 492 44 3.63285 0
30 38 492 36 3.685 0
73.5391 39.598 314.599 553.706 3.31616 29
