0 0 28 740 3.29956 16
0 54 20 732 3.25004 2
0 58 28 732 3.2132 2
2 46 12 732 3.22441 2
2 74 44 732 3.25266 2
8 60 28 724 3.23747 2
8 20 456.02 514.108 3.30828 1
32 54 116.609 729.068 3.45366 7
32 30 489.961 491.48 3.27162 1
34 10 872.528 259.009 3.31062 45
34 22 133.579 700.784 3.47764 7
38 32 133.579 712.097 3.4963 7
38 14 139.236 695.127 3.49688 7
38 64 116.609 740.382 3.4498 7
10 10 432.528 539.009 3.30992 41
10 16 440.528 547.009 3.31182 41
10 64 36 724 3.18137 2
10 26 456.528 563.009 3.25962 41
40 58 122.266 734.725 3.46034 7
42 50 127.923 729.068 3.48981 7
42 24 139.236 706.441 3.49062 7
44 42 133.579 723.411 3.49563 7
44 12 150.55 695.127 3.44192 7
46 16 144.893 700.784 3.46801 7
46 66 122.266 746.038 3.39536 7
12 16 36 748 3.25657 16
48 60 127.923 740.382 3.47352 7
50 0 1244 36 3.30512 4
50 60 422.079 570.676 3.21747 1
50 26 144.893 712.097 3.48395 7
52 0 1380 11.9999 3.23695 20
52 44 139.236 729.068 3.49039 7
52 52 133.579 734.725 3.50331 7
54 38 144.893 723.411 3.50061 7
54 12 156.207 700.784 3.45508 7
54 18 150.55 706.441 3.45885 7
54 72 1660 340 3.2636 4
14 32 110.952 700.784 3.4705 7
14 54 93.9814 717.754 3.25955 7
58 54 139.236 740.382 3.45347 7
58 30 150.55 717.754 3.48955 7
60 46 144.893 734.725 3.51679 7
60 56 1660 356 3.26848 4
60 20 156.207 712.097 3.48534 7
62 38 150.55 729.068 3.50092 7
62 14 161.864 706.441 3.47544 7
62 64 139.236 751.695 3.39605 7
16 10 440.528 531.009 3.32968 41
16 50 105.295 717.754 3.45146 7
66 32 156.207 723.411 3.50013 7
66 58 144.893 746.039 3.47087 7
66 64 1652 348 3.26461 4
68 50 150.55 740.382 3.50462 7
68 24 161.864 717.754 3.49105 7
70 42 156.207 734.725 3.51095 7
70 16 167.521 712.097 3.47732 7
18 48 752.362 661.852 3.26436 42
18 48 467.334 389.657 3.26981 3
18 54 1510.38 311.127 3.29802 44
18 54 461.677 406.627 3.27932 5
18 64 1510.38 299.813 3.27309 44
18 24 116.609 695.127 3.45141 7
72 34 161.864 729.068 3.50073 7
72 58 150.55 751.695 3.32405 7
74 16 1519.51 152.069 3.22481 5
74 26 167.521 723.411 3.23718 7
76 16 1351.99 16.9706 3.20008 46
78 42 161.864 740.382 3.34166 7
78 42 876 292 3.22041 4
78 14 1296 48 3.20084 166
78 18 1264 48 3.24198 166
20 42 110.952 712.098 3.4589 7
22 34 116.609 706.441 3.49494 7
22 60 105.295 729.068 3.45933 7
22 16 122.266 689.47 3.39386 7
22 6 896.528 251.009 3.30702 45
6 14 450.363 508.451 3.32105 1
24 52 110.952 723.411 3.44868 7
24 70 1499.07 288.499 3.28412 44
26 26 122.266 700.784 3.49531 7
28 38 122.266 712.097 3.48155 7
28 44 116.609 717.754 3.46554 7
28 18 127.923 695.127 3.49104 7
28 6 888.528 259.009 3.3271 45
30 14 133.579 689.47 3.46292 7
30 62 110.952 734.725 3.45148 7
76.3675 14.1421 1525.17 157.726 3.18052 13
48.0833 0 1570.42 123.785 3.25356 13
67.8822 73.5391 892 276 3.24791 12
11.3137 22.6274 1612 148 3.23679 12
45.2548 0 1588 164 3.30433 12
