32 32 12 764 3.25312 32
34 38 738.863 661.186 3.45317 3
34 66 605.283 707.107 3.5283 44
34 28 738.863 672.5 3.43315 3
36 20 733.206 678.156 3.36886 3
40 46 588 732 3.50325 4
40 46 571.342 741.048 3.56289 44
42 54 572 732 3.53744 4
44 24 727.549 672.5 3.44533 3
46 14 721.892 678.156 3.4319 3
12 38 761.49 672.5 3.36962 3
12 42 518.246 350.059 3.33541 5
48 32 727.549 661.186 3.43343 3
50 54 580 732 3.49021 4
50 54 582.656 729.734 3.5793 44
50 56 580 724 3.48435 4
50 26 721.892 666.843 3.41915 3
54 18 716.235 672.5 3.44947 3
56 32 556 756 3.40043 4
56 34 721.892 655.529 3.45739 3
56 10 710.579 678.156 3.37186 3
58 44 556 740 3.48194 4
58 54 727.549 638.558 3.46509 3
58 60 733.206 632.902 3.43016 3
58 20 710.579 666.843 3.35424 3
58 28 716.235 661.186 3.45291 3
64 46 548 740 3.48733 4
64 22 704.922 661.186 3.43435 3
64 30 710.579 655.529 3.43092 3
18 38 604 748 3.41412 4
18 42 604 740 3.42571 4
22 42 512.589 355.716 3.43582 5
24 0 12 756 3.32169 32
24 32 750.177 672.5 3.42643 3
24 42 750.177 661.186 3.45406 3
26 26 744.52 678.156 3.41191 3
11.3137 56.5685 1572 116 3.27193 10
