0 8 876 292 3.31819 0
0 32 1668 132 3.27503 6
0 26 1676 132 3.28322 6
2 0 1481.57 395.314 3.39475 87
8 32 1668 140 3.24388 6
32 8 1428 636 3.67645 6
32 16 1420 636 3.69141 6
38 26 1412 644 3.66186 6
38 26 1397.24 639.225 3.39241 46
40 10 1428 644 3.67866 6
46 34 71.3541 355.716 3.1976 3
46 22 1420 652 3.68576 6
48 22 1412 652 3.67548 6
50 16 1117.87 55.9025 3.25425 7
54 34 1404 660 3.67658 6
54 14 388 588 3.1973 4
54 16 1431.18 661.852 3.40913 46
54 28 1412 660 3.67213 6
14 16 1419.87 616.597 3.43229 46
14 24 428 604 3.28786 0
14 24 1412 620 3.59154 6
14 24 1408.56 616.597 3.41637 46
56 18 1419.87 661.852 3.40316 46
58 18 1638.3 293.49 3.1999 3
62 34 1404 668 3.67079 6
62 22 1420 668 3.64313 6
62 28 1412 668 3.66956 6
16 10 1428 620 3.49274 6
16 16 1420 620 3.60606 6
70 36 1404 676 3.66454 6
70 28 1412 676 3.65072 6
78 36 1404 684 3.59479 6
78 28 1412 684 3.59664 6
24 8 1428 628 3.68853 6
24 16 1420 628 3.68383 6
30 26 1156 548 3.28475 2
30 26 1412 636 3.61107 6
79.196 8.48528 902.912 270.863 3.23733 9
82.0244 19.799 1500 300 3.22141 8
82.0244 42.4264 700 636 3.26126 14
87.6812 33.9411 376.824 400.97 3.23564 15
62.2254 0 716 740 3.19701 24
11.3137 25.4558 1660 11.9999 3.19387 12
