0 32 439.05 576.333 3.34848 19
0 42.4264 900 276 3.39031 14
32 50 1604 11.9999 3.53846 2
32 84 876 300 3.2365 22
32 6 1553.45 615.931 3.28247 5
34 56 1612 11.9999 3.52774 2
36 64 1620 11.9999 3.51549 2
38 72 1628 11.9999 3.50477 2
10 30 1580 27.9999 3.40916 2
42 70 1628 3.99994 3.36978 2
44 36 427.736 553.706 3.33496 19
44 44 444.707 570.676 3.35464 23
12 38 1588 27.9999 3.46712 2
12 54 1604 35.9999 3.4818 2
12 62 1612 35.9999 3.47004 2
12 66 1620 35.9999 3.447 2
14 46 1596 27.9999 3.46537 2
4 0 1151.81 157.726 3.33283 23
16 52 1604 27.9999 3.46038 2
16 20 1572 19.9999 3.41472 2
18 60 1612 27.9999 3.46578 2
18 28 1580 19.9999 3.47639 2
20 36 1588 19.9999 3.48646 2
22 44 1596 19.9999 3.52871 2
22 12 1564 11.9999 3.34398 2
22 68 1620 27.9999 3.47089 2
24 50 1604 19.9999 3.53013 2
24 18 1572 11.9999 3.43413 2
26 58 1612 19.9999 3.49541 2
26 26 1580 11.9999 3.47712 2
28 34 1588 11.9999 3.48134 2
28 40 433.393 559.362 3.34969 19
28 24 427.736 565.019 3.34669 19
30 42 1596 11.9999 3.53831 2
30 66 1620 19.9999 3.51645 2
30 74 1628 19.9999 3.52159 2
36.7696 14.1421 444.707 581.99 3.31451 15
39.598 36.7696 427.736 598.96 3.34717 15
8.48528 48.0833 892 284 3.39687 14
16.9706 0 1692 508 3.31442 8
11.3137 65.0538 884 284 3.40053 14
45.2548 48.0833 433.393 593.304 3.35987 15
22.6274 0 1700 508 3.29665 8
