32 44 953.823 106.814 3.37995 5
32 52 948.167 101.157 3.611 5
34 60 942.51 95.5005 3.60897 5
34 68 936.853 89.8436 3.58516 5
38 76 931.196 84.1867 3.58937 5
38 84 925.539 78.5299 3.60462 5
10 62 959.48 78.5299 3.32593 5
40 42 948.167 112.471 3.54554 5
40 50 942.51 106.814 3.62921 5
40 90 919.882 72.873 3.38333 5
42 58 936.853 101.157 3.61817 5
44 66 931.196 95.5005 3.58716 5
44 74 925.539 89.8436 3.60806 5
46 82 919.882 84.1867 3.60295 5
48 48 936.853 112.471 3.60686 5
48 58 931.196 106.814 3.61032 5
50 64 925.539 101.157 3.6107 5
52 72 919.882 95.5005 3.61906 5
54 40 936.853 123.785 3.5809 5
54 80 914.226 89.8436 3.6025 5
56 48 931.196 118.128 3.59678 5
60 62 919.882 106.814 3.59554 5
60 70 914.226 101.157 3.59968 5
60 78 908.569 95.5005 3.52781 5
62 38 931.196 129.442 3.59985 5
62 30 936.853 135.098 3.55613 5
64 46 925.539 123.785 3.59835 5
64 54 919.882 118.128 3.58353 5
66 62 914.226 112.471 3.60843 5
68 70 908.569 106.814 3.59541 5
70 28 931.196 140.755 3.61146 5
18 44 1513.85 632.902 3.34228 7
18 62 953.823 84.1868 3.49605 5
72 36 925.539 135.098 3.61536 5
72 44 919.882 129.442 3.62223 5
72 54 914.226 123.785 3.61418 5
74 60 908.569 118.128 3.61319 5
74 20 931.196 152.069 3.43083 5
76 68 902.912 112.471 3.57197 5
20 52 1083.93 406.627 3.29843 19
20 70 948.167 78.5299 3.50348 5
80 42 914.226 135.098 3.6095 5
80 50 908.569 129.442 3.59103 5
80 16 1156 44 3.42321 4
82 58 902.912 123.785 3.59763 5
84 26 919.882 152.069 3.61802 5
86 34 914.226 146.412 3.61903 5
22 80 1660 764 3.27488 0
88 40 908.569 140.755 3.6221 5
88 48 902.912 135.098 3.61513 5
88 56 897.255 129.442 3.52419 5
88 68 450.364 508.451 3.31263 21
90 16 919.882 163.383 3.58312 5
92 24 914.226 157.726 3.62401 5
94 32 908.569 152.069 3.62553 5
24 54 953.823 95.5005 3.56357 5
96 48 897.255 140.755 3.61519 5
98 14 914.226 169.04 3.58131 5
100 68 444.707 514.108 3.25378 21
100 22 908.569 163.383 3.62458 5
100 30 902.912 157.726 3.62736 5
26 62 948.167 89.8436 3.57645 5
104 38 897.255 152.069 3.63105 5
104 46 891.598 146.412 3.62844 5
104 14 908.569 174.696 3.59391 5
106 2 1140 52 3.41568 4
106 56 916 268 3.40469 4
106 58 910.754 265.872 3.36706 44
106 22 902.912 169.04 3.59055 5
110 28 897.255 163.383 3.59582 5
28 70 942.51 84.1868 3.56305 5
28 76 936.853 78.5299 3.53433 5
114 2 908.569 186.01 3.43976 5
114 12 902.912 180.353 3.58638 5
114 48 899.44 277.186 3.35263 44
114 54 908 268 3.38264 4
114 20 897.255 174.696 3.5935 5
116 34 885.941 163.383 3.48933 5
116 28 891.598 169.04 3.52702 5
30 84 931.196 72.873 3.55946 5
73.5391 16.9706 461.677 542.392 3.4204 29
73.5391 67.8822 892 284 3.35264 28
16.9706 73.5391 1500 300 3.22656 28
67.8822 28.2843 456.02 536.735 3.42763 29
53.7401 25.4558 924 300 3.38571 12
2.82843 0 44 732 3.28339 12
