0 0 1083.93 78.5299 2.76274 35
0 0 1112.22 50.2456 2.76025 39
0 36 1112.22 61.5593 2.73565 19
0 48 1700 220 2.74763 0
0 24 744.52 361.373 2.73698 23
0 48.0833 1700 228 2.71199 8
8 32 560 720 2.73782 162
8 32 1117.87 55.9025 2.70949 35
8 64 1316 356 2.69439 34
10 32 554.372 712.764 2.74872 122
10 18 509.117 712.764 2.76321 122
40 56 1316 348 2.70427 34
12 52 220 748 2.71753 0
16 20 452 524 2.72523 4
6 34 1072.62 78.5299 2.74684 3
6 22 509.117 735.391 2.7854 122
6 26 531.744 735.391 2.77291 122
24 64 1604.36 157.726 2.7038 39
8.48528 25.4558 468 508 2.7712 12
22.6274 0 1372 644 2.69951 26
