0 0 876 284 2.74949 16
0 8 88.3246 553.706 2.71822 35
0 38 752.362 356.382 2.71913 46
0 16 876 292 2.71527 16
0 42.4264 1321.52 304.804 2.71905 15
32 24 1108 60 2.69288 32
40 0 82.6678 548.049 2.70052 35
44 34 910.754 265.872 2.74931 44
54 26 899.44 277.186 2.74239 44
66 0 1672 520 2.68726 82
72 0 1564.76 389.657 2.68138 3
72 0 1012.58 560.029 2.71561 40
28 0 900 276 2.75504 16
30 0 11.3137 758.018 2.78498 120
39.598 39.598 1666.59 491.48 2.73529 31
62.2254 28.2843 1683.56 497.137 2.73322 31
22.6274 0 108 372 2.72266 30
