0 32 1066.96 186.01 3.22299 37
0 50 20 732 3.26344 2
0 18 916 268 3.26825 6
0 28.2843 1666.59 491.48 3.27917 25
32 58 818.059 344.402 3.22777 1
32 16 460 516 3.32968 6
32 16 492.146 707.107 3.35023 44
38 66 1338.49 287.834 3.23585 5
50 42 388 348 3.23545 4
50 66 345.068 571.342 3.23575 40
50 66 670.981 763.009 3.24712 7
54 62 356.382 560.029 3.24068 40
14 20 372 668 3.30538 4
56 58 682.294 763.009 3.21821 7
64 44 880.284 304.804 3.20848 21
20 12 468 508 3.31862 22
20 16 852 333.088 3.28103 21
22 54 12 756 3.30437 6
22 16 1148 244 3.29943 6
22 16 537.401 729.734 3.39517 44
22 18 300 668 3.37086 4
6 58 28 724 3.24082 2
30 54 12 764 3.27944 6
30 16 526.087 729.734 3.38069 44
36.7696 11.3137 468 524 3.3254 14
36.7696 11.3137 835.03 350.059 3.33253 13
56.5685 39.598 948 252 3.2123 10
19.799 0 548 676 3.35665 8
19.799 14.1421 948.167 282.177 3.29404 13
25.4558 8.48528 268 396 3.3299 14
25.4558 11.3137 840.686 344.402 3.33867 13
8.48528 48.0833 44 732 3.25904 14
62.2254 0 476 532 3.35907 30
62.2254 22.6274 65.6973 440.569 3.21126 27
5.65685 16.9706 1660.93 485.823 3.25832 25
22.6274 33.9411 1672.24 485.823 3.26657 25
