0 31.1127 1660.93 10.6477 3.33882 15
32 40 535.216 140.755 3.43599 5
34 48 529.559 135.098 3.43355 5
34 66 1684 492 3.35637 0
38 38 529.559 146.412 3.3832 5
10 46 552.187 123.785 3.29639 5
40 20 1214.04 208.638 3.25131 19
42 46 523.903 140.755 3.35433 5
42 70 1649.62 21.9614 3.32415 5
44 36 1677.9 491.48 3.26833 21
46 50 1666.59 38.932 3.2862 5
50 46 852 444 3.28471 0
52 48 1660.93 44.5888 3.32967 5
52 56 1655.27 38.932 3.32341 5
54 70 1615.68 384 3.24888 1
14 36 552.187 135.098 3.4208 5
14 58 518.246 372.686 3.30724 5
14 30 557.844 140.755 3.3457 5
16 44 546.53 129.442 3.40328 5
16 4 1219.7 225.608 3.24779 19
18 52 540.873 123.785 3.38154 5
18 18 557.844 152.069 3.30347 5
20 26 552.187 146.412 3.40565 5
22 34 546.53 140.755 3.42194 5
22 64 1676 492 3.36213 0
24 42 540.873 135.098 3.42265 5
26 50 535.216 129.442 3.41233 5
26 16 552.187 157.726 3.27563 5
28 56 529.56 123.785 3.36008 5
28 24 546.53 152.069 3.4135 5
30 32 540.873 146.412 3.36985 5
30 70 902.912 270.863 3.31301 5
14.1421 0 444 580 3.30312 12
50.9117 33.9411 1684 124 3.23801 26
8.48528 11.3137 444 572 3.3281 12
33.9411 62.2254 908.569 276.52 3.32139 13
2.82843 0 452 580 3.3739 12
