8 0 472.991 417.941 3.29919 33
8 40 1236 140 3.30241 34
32 44 1188 83.9999 3.6677 2
32 52 1196 83.9999 3.67571 2
32 56 489.961 434.912 3.30118 33
36 12 1156 75.9999 3.67451 2
38 36 1180 75.9999 3.65757 2
38 20 1164 75.9999 3.66704 2
38 28 1172 75.9999 3.68868 2
40 44 1188 75.9999 3.66377 2
40 52 1196 75.9999 3.65841 2
42 58 1204 75.9999 3.3695 2
44 10 1156 67.9999 3.67697 2
46 34 1180 67.9999 3.68503 2
46 20 1164 67.9999 3.6411 2
46 26 1172 67.9999 3.69173 2
48 42 1188 67.9999 3.59803 2
48 50 1196 67.9999 3.61495 2
50 58 1204 67.9999 3.47972 2
52 10 1156 59.9999 3.6882 2
52 18 1164 59.9999 3.66822 2
54 34 1180 59.9999 3.68783 2
54 26 1172 59.9999 3.70024 2
14 22 1164 99.9999 3.57168 2
14 30 1172 99.9999 3.63956 2
56 0 460 404 3.37281 32
58 10 1156 51.9999 3.44446 2
60 16 1164 51.9999 3.4159 2
16 44 1188 99.9999 3.40502 2
20 14 1156 91.9999 3.52618 2
22 38 1180 91.9999 3.61215 2
22 22 1164 91.9999 3.56975 2
22 30 1172 91.9999 3.63818 2
6 24 1164 108 3.33763 2
24 46 1188 91.9999 3.53169 2
28 12 1156 83.9999 3.6736 2
30 36 1180 83.9999 3.66046 2
30 20 1164 83.9999 3.66396 2
30 28 1172 83.9999 3.67853 2
25.4558 53.7401 468 524 3.31123 10
31.1127 0 427.736 598.96 3.30769 13
31.1127 56.5685 919.882 299.147 3.31011 9
