0 18 1372.43 457.539 3.43289 5
0 36.7696 37.4131 446.225 3.20001 15
0 25.4558 43.0698 440.568 3.21454 15
32 18 1349.8 480.167 3.75748 5
34 0 544.528 443.009 3.22955 43
34 34 1338.49 468.853 3.758 5
34 10 1355.46 485.823 3.64272 5
34 42 1332.83 463.196 3.78441 5
34 50 1327.18 457.539 3.78824 5
34 28 1344.15 474.51 3.77469 5
10 18 1366.77 463.196 3.67472 5
10 26 1361.12 457.539 3.65274 5
40 10 1349.8 491.48 3.68557 5
40 18 1344.15 485.823 3.77136 5
42 2 1355.46 497.137 3.34549 5
42 34 1332.83 474.51 3.79275 5
42 42 1327.18 468.853 3.8035 5
42 50 1321.52 463.196 3.80467 5
42 26 1338.49 480.167 3.7969 5
48 10 1344.15 497.137 3.38761 5
50 34 1327.18 480.167 3.79892 5
50 42 1321.52 474.51 3.80472 5
50 50 1315.86 468.853 3.80539 5
50 18 1338.49 491.48 3.77942 5
50 26 1332.83 485.823 3.79398 5
56 18 1332.83 497.137 3.67593 5
58 34 1321.52 485.823 3.78599 5
58 42 1315.86 480.167 3.79557 5
58 50 1310.21 474.51 3.79631 5
58 26 1327.18 491.48 3.78698 5
16 0 12 756 3.2053 16
16 18 1361.12 468.853 3.75592 5
66 34 1315.86 491.48 3.79271 5
66 42 1310.21 485.823 3.7863 5
66 50 1304.55 480.167 3.79082 5
66 16 1327.18 502.794 3.59473 5
66 26 1321.52 497.137 3.76928 5
18 36 1349.8 457.539 3.76447 5
18 28 1355.46 463.196 3.77053 5
74 42 1304.55 491.48 3.7439 5
74 50 1298.89 485.823 3.70107 5
78 30 1310.21 497.137 3.6949 5
20 40 1344.15 451.882 3.73516 5
80 40 1298.89 497.137 3.53855 5
82 0 20 732 3.22696 4
24 34 1344.15 463.196 3.76282 5
24 46 1560.76 451.882 3.27475 85
24 18 1355.46 474.51 3.75258 5
26 8 560.528 443.009 3.20813 43
26 42 1338.49 457.539 3.77018 5
26 46 1336.53 451.009 3.43133 45
26 28 1349.8 468.853 3.75211 5
28 50 1332.83 451.882 3.74863 5
28 14 1361.12 480.167 3.55124 5
53.7401 8.48528 892 252 3.23262 14
11.3137 36.7696 43.0699 451.882 3.24628 15
