2 0 44 732 3.27986 4
32 8 77.011 485.823 3.2614 33
32 40 82.6678 491.48 3.22203 33
32 46 648.353 186.01 3.45276 1
32 76 897.255 276.52 3.28715 5
34 54 654.01 191.667 3.44746 1
34 28 642.696 169.04 3.29114 1
38 36 648.353 174.696 3.39855 1
38 62 659.667 197.324 3.4035 1
10 64 439.05 395.314 3.25817 1
42 50 659.667 186.01 3.37833 1
42 26 648.353 163.383 3.30106 1
44 58 665.324 191.667 3.34447 1
44 16 1100 396 3.29283 22
46 34 654.01 169.04 3.42105 1
46 14 648.353 152.069 3.30319 1
48 42 659.667 174.696 3.39523 1
48 48 665.324 180.353 3.3969 1
50 22 654.01 157.726 3.33434 1
54 12 654.01 146.412 3.32356 1
60 48 1068 404 3.30088 22
62 0 1672 520 3.34 82
16 60 1684 492 3.29304 16
68 28 1084 412 3.33942 22
22 0 20 732 3.27366 4
22 40 637.04 186.01 3.41957 1
22 48 642.696 191.667 3.44263 1
24 70 891.598 282.177 3.29508 5
24 28 1092 388 3.2891 22
28 56 648.353 197.324 3.44157 1
30 38 642.696 180.353 3.44929 1
30 64 654.01 202.981 3.4193 1
56.5685 48.0833 914.225 270.863 3.30667 11
28.2843 28.2843 36 532 3.22414 26
8.48528 62.2254 348 596 3.26563 12
62.2254 73.5391 452 572 3.28402 24
62.2254 39.598 44 516 3.33749 26
2.82843 48.0833 818.059 367.029 3.27828 13
11.3137 42.4264 818.059 378.343 3.27103 13
5.65685 62.2254 65.6973 440.568 3.24329 31
