0 44 52 732 3.28897 22
0 84 44 724 3.31435 22
0 100 36 724 3.28675 22
2 32 716 388 3.32587 4
2 10 314.599 553.706 3.39394 1
2 26 716 396 3.42477 4
8 0 314.599 542.392 3.38069 1
34 44 684 380 3.8547 4
34 52 684 372 3.86535 4
34 60 684 364 3.86274 4
34 68 684 356 3.80611 4
34 76 684 348 3.7979 4
34 84 684 340 3.63561 4
36 36 684 388 3.85496 4
36 20 684 404 3.81283 4
36 28 684 396 3.86264 4
38 12 684 412 3.61352 4
40 68 676 356 3.80952 4
40 76 676 348 3.83942 4
40 84 676 340 3.8471 4
40 100 1677.9 491.48 3.20497 1
42 44 676 380 3.85575 4
42 52 676 372 3.8703 4
42 60 676 364 3.86283 4
42 90 676 332 3.72526 4
44 36 676 388 3.8667 4
44 14 676 412 3.44649 4
44 20 676 404 3.82247 4
44 80 52 756 3.30245 22
44 28 676 396 3.86266 4
12 34 708 388 3.763 4
12 40 708 380 3.71633 4
12 18 708 404 3.75886 4
12 26 708 396 3.77176 4
48 84 668 340 3.82243 4
48 22 673.166 401.637 3.4852 44
48 92 668 332 3.81503 4
50 46 668 380 3.83583 4
50 52 668 372 3.85405 4
50 60 668 364 3.85269 4
50 68 668 356 3.80718 4
50 76 668 348 3.81136 4
50 90 661.852 333.754 3.45799 44
52 38 668 388 3.85196 4
52 22 668 404 3.81126 4
52 30 668 396 3.8518 4
54 102 660 324 3.68411 4
14 10 708 412 3.74769 4
56 70 660 356 3.85863 4
56 78 660 348 3.87253 4
56 86 660 340 3.8618 4
56 94 660 332 3.83859 4
58 46 660 380 3.84322 4
58 54 660 372 3.84465 4
58 62 660 364 3.84549 4
58 22 661.852 401.637 3.4654 44
60 38 660 388 3.8612 4
60 22 660 404 3.81588 4
60 30 660 396 3.86572 4
62 12 914.225 270.863 3.30558 1
16 92 44 732 3.31885 22
64 70 652 356 3.85771 4
64 78 652 348 3.8838 4
64 86 652 340 3.87999 4
64 94 652 332 3.83573 4
64 100 652 324 3.70693 4
66 46 652 380 3.83071 4
66 54 652 372 3.84871 4
66 62 652 364 3.85553 4
68 38 652 388 3.84621 4
68 30 652 396 3.85613 4
70 24 650.538 401.637 3.3596 44
18 50 700 372 3.8034 4
72 70 644 356 3.84374 4
72 78 644 348 3.88191 4
72 88 644 340 3.87011 4
74 48 644 380 3.80169 4
74 62 644 364 3.85582 4
76 32 644 396 3.78337 4
76 40 644 388 3.79967 4
20 34 700 388 3.82782 4
20 42 700 380 3.77053 4
20 56 700 364 3.68611 4
20 26 700 396 3.82333 4
80 80 636 348 3.87342 4
80 88 636 340 3.87629 4
82 34 636 396 3.64867 4
82 48 636 380 3.82788 4
82 56 636 372 3.86226 4
82 64 636 364 3.86041 4
82 72 636 356 3.8366 4
84 40 636 388 3.8057 4
22 12 700 412 3.71574 4
22 64 700 356 3.42177 4
22 18 700 404 3.7593 4
22 72 700 348 3.31755 4
88 72 628 356 3.82502 4
88 80 628 348 3.87399 4
88 88 628 340 3.87085 4
88 26 584 696 3.28579 80
90 42 628 388 3.7136 4
90 48 628 380 3.83971 4
90 50 627.911 379.009 3.48865 44
90 56 628 372 3.86283 4
90 64 628 364 3.84777 4
94 96 620 332 3.86298 4
96 40 1428 420 3.12254 36
96 72 620 356 3.84542 4
96 80 620 348 3.8466 4
96 88 620 340 3.85243 4
98 34 910.754 741.048 3.2107 44
98 48 620 380 3.79208 4
98 56 620 372 3.83817 4
98 66 620 364 3.84103 4
102 40 568 696 3.28986 80
26 44 692 380 3.83217 4
26 52 692 372 3.83266 4
26 58 692 364 3.83003 4
26 66 692 356 3.73202 4
26 74 692 348 3.58036 4
104 72 612 356 3.83784 4
104 82 612 348 3.8351 4
104 90 612 340 3.83954 4
104 98 612 332 3.81096 4
106 50 612 380 3.60139 4
106 58 612 372 3.83928 4
106 66 612 364 3.83303 4
106 108 631.383 542.392 3.17403 7
28 36 692 388 3.84833 4
28 20 692 404 3.75713 4
28 104 36 740 3.30951 22
28 28 692 396 3.84437 4
112 74 604 356 3.78441 4
112 82 604 348 3.75809 4
114 58 604 372 3.80019 4
114 66 604 364 3.80936 4
118 54 604 380 3.34677 4
30 12 692 412 3.67499 4
30 76 684.479 345.068 3.40344 44
33.9411 0 897.255 276.52 3.3792 9
67.8822 22.6274 1684 492 3.28715 28
45.2548 0 902.912 270.863 3.37184 9
