0 0 876 284 2.76338 16
0 0 1004.74 214.294 2.71982 37
0 40 999.078 208.638 2.70531 37
0 16 314.599 553.706 2.72047 17
0 14.1421 1570.42 395.314 2.7233 9
32 34 1202.72 140.755 2.91206 3
38 10 1180.1 152.069 2.9238 3
38 18 1185.75 146.412 2.9106 3
40 36 1197.07 135.098 2.91505 3
46 10 1174.44 146.412 2.92402 3
46 40 1197.07 123.785 2.66881 3
46 18 1180.1 140.755 2.92238 3
46 26 1185.75 135.098 2.92491 3
48 34 1191.41 129.442 2.92237 3
52 12 1168.78 140.755 2.89357 3
54 40 1191.41 118.128 2.75664 3
54 18 1174.44 135.098 2.92295 3
14 12 1197.07 169.04 2.91788 3
14 20 1202.72 163.383 2.90538 3
14 28 1208.38 157.726 2.81813 3
56 34 1185.75 123.785 2.93191 3
56 26 1180.1 129.442 2.92479 3
62 10 1521.69 639.225 2.68919 40
62 16 1168.78 129.442 2.84302 3
16 0 314.599 542.392 2.72858 17
64 32 1180.1 118.128 2.78451 3
64 26 1174.44 123.785 2.83281 3
66 8 904.528 275.009 2.68843 41
66 42 888.126 254.558 2.70231 40
72 0 65.6973 350.059 2.70805 17
72 42 899.44 254.558 2.72402 40
22 12 1191.41 163.383 2.92343 3
22 20 1197.07 157.726 2.91772 3
22 28 1202.72 152.069 2.88928 3
24 34 1208.38 146.412 2.8742 3
30 12 1185.75 157.726 2.90959 3
30 20 1191.41 152.069 2.91561 3
30 28 1197.07 146.412 2.90992 3
59.397 0 902.912 270.863 2.72052 9
65.0538 11.3137 908.568 276.52 2.68665 9
50.9117 39.598 884 196 2.64693 24
