0 0 884 276 3.2896 36
0 48 1692 500 3.29461 18
0 52 468 516 3.27905 20
8 70 1680.09 492.146 3.30785 40
32 42 586.128 101.157 3.45686 5
32 68 574.814 78.5298 3.44563 5
34 50 580.471 95.5004 3.45587 5
36 58 574.814 89.8436 3.44399 5
36 4 885.941 310.461 3.32742 19
36 24 591.785 118.128 3.4028 5
38 32 586.128 112.471 3.46924 5
10 72 856.528 451.009 3.28708 43
40 40 580.471 106.814 3.45459 5
42 48 574.814 101.157 3.4441 5
44 56 569.157 95.5004 3.45515 5
44 22 586.128 123.785 3.41131 5
46 12 586.128 135.098 3.44235 5
46 30 580.471 118.128 3.45544 5
48 38 574.814 112.471 3.4639 5
50 46 569.157 106.814 3.43448 5
50 20 580.471 129.442 3.45201 5
52 44 908.569 276.52 3.38449 19
52 24 902.912 282.177 3.34105 19
52 28 574.814 123.785 3.43605 5
14 50 603.099 84.1868 3.31594 5
14 58 597.442 78.5299 3.42879 5
14 64 591.785 72.873 3.41908 5
56 10 580.471 140.755 3.45739 5
58 46 1533.01 639.224 3.34163 42
58 18 574.814 135.098 3.45478 5
62 32 848.528 480.666 3.36687 121
64 28 897.255 276.52 3.36976 19
18 46 597.442 89.8436 3.37242 5
22 38 597.442 101.157 3.43846 5
22 62 586.128 78.5298 3.44339 5
24 44 591.785 95.5004 3.45481 5
24 70 580.471 72.873 3.43864 5
26 52 586.128 89.8436 3.46111 5
28 12 897.255 310.461 3.33254 19
28 60 580.471 84.1867 3.45179 5
30 36 591.785 106.814 3.44459 5
59.397 2.82843 314.599 553.706 3.30528 11
45.2548 73.5391 444 572 3.30119 24
