0 0 1676 124 3.32179 32
0 50.9117 1259.29 208.638 3.21797 27
36 0 144.893 304.804 3.30155 17
36 4 1484 324 3.28804 20
38 52 1148 364 3.32038 2
38 58 896.528 283.009 3.38582 45
38 60 891.598 282.177 3.40235 5
38 6 461.677 519.764 3.32429 5
42 34 1134.84 367.029 3.27086 3
46 46 1140 356 3.32811 2
46 62 885.941 287.833 3.37028 5
58 12 682.294 763.009 3.24375 5
4 32 516 340 3.22621 20
16 38 44 540 3.29255 2
20 24 1492 316 3.31472 20
22 46 1148 380 3.24784 2
22 56 912.528 267.009 3.33945 45
30 48 1148 372 3.30778 2
36.7696 2.82843 467.334 514.108 3.37102 13
14.1421 33.9411 371.167 666.843 3.26818 11
56.5685 25.4558 1134.84 536.735 3.31594 9
56.5685 33.9411 1140.5 542.392 3.34133 9
48.0833 0 12 516 3.3445 10
19.799 19.799 467.334 502.794 3.36813 13
19.799 25.4558 28 532 3.35556 10
59.397 19.799 1092 68 3.31404 14
25.4558 8.48528 472.991 508.451 3.33955 13
42.4264 31.1127 1134.84 548.049 3.29892 9
53.7401 33.9411 1146.16 548.049 3.31957 9
22.6274 36.7696 456.02 491.48 3.3044 13
