0 73.5391 65.6973 350.059 3.23806 29
0 62.2254 1219.7 621.588 3.27536 31
2 0 44 732 3.28987 4
32 34 620.069 101.157 3.56806 1
32 42 625.726 106.814 3.66252 1
34 50 631.383 112.471 3.67247 1
34 58 637.039 118.128 3.6485 1
34 78 1123.53 38.9319 3.27687 1
36 66 642.696 123.785 3.64321 1
10 52 614.412 129.442 3.29605 1
40 8 77.011 485.823 3.19568 33
40 32 625.726 95.5005 3.6169 1
40 40 631.383 101.157 3.67524 1
40 48 637.04 106.814 3.67506 1
42 56 642.696 112.471 3.64916 1
42 64 648.353 118.128 3.65593 1
46 16 620.069 78.5299 3.54383 1
46 24 625.726 84.1867 3.56153 1
48 32 631.383 89.8436 3.63068 1
48 40 637.04 95.5005 3.68778 1
50 48 642.696 101.157 3.66376 1
50 56 648.353 106.814 3.65742 1
54 16 625.726 72.873 3.55004 1
56 32 637.04 84.1867 3.57145 1
56 40 642.696 89.8436 3.57527 1
58 2 1612.2 548.715 3.2819 40
60 14 631.383 67.2162 3.44453 1
60 22 637.04 72.873 3.41607 1
62 0 65.6973 451.882 3.3355 3
62 42 1516 636 3.30272 2
62 30 704.922 559.362 3.3238 5
66 6 65.6973 440.569 3.32322 3
18 44 614.412 118.128 3.52578 1
18 52 620.069 123.785 3.56054 1
18 60 625.726 129.442 3.53682 1
22 0 20 732 3.29682 4
22 72 891.598 282.177 3.31503 5
24 42 620.069 112.471 3.68161 1
24 50 625.726 118.128 3.66693 1
26 38 614.412 106.814 3.49176 1
26 10 20 724 3.26064 4
26 58 631.383 123.785 3.65915 1
28 66 637.04 129.442 3.62957 1
30 78 897.255 276.52 3.30223 5
36.7696 16.9706 1485.57 299.147 3.19599 15
50.9117 62.2254 1468.6 248.236 3.30019 25
42.4264 11.3137 1156 172 3.2706 14
16.9706 67.8822 1684 492 3.28437 8
62.2254 73.5391 452 572 3.248 24
62.2254 62.2254 452 564 3.27296 24
45.2548 0 1164 172 3.26838 14
45.2548 16.9706 1457.28 248.236 3.21494 25
5.65685 45.2548 1445.97 259.549 3.18734 25
22.6274 28.2843 1445.97 248.236 3.19518 25
