2 6 320.528 683.009 3.45623 43
8 4 932 300 3.45754 4
32 0 1445.97 429.255 3.64159 3
32 44 1491.22 406.627 3.58699 3
32 52 12 532 3.4278 22
34 8 1451.63 423.598 3.63004 3
36 20 1468.6 417.941 3.67045 3
36 28 1474.25 412.284 3.66129 3
38 36 1479.91 406.627 3.6477 3
10 14 1479.91 451.882 3.55409 3
10 16 1479.91 440.568 3.63319 3
10 18 520.528 723.009 3.50626 43
42 12 1457.28 417.941 3.64228 3
44 40 20 540 3.45555 22
44 44 1479.91 395.314 3.43228 3
44 20 1462.94 412.284 3.64009 3
44 28 1468.6 406.627 3.66082 3
46 34 1474.25 400.971 3.64443 3
12 32 1500 300 3.34104 20
48 46 1128.53 35.0094 3.29696 47
48 50 1163.13 44.5888 3.2698 7
48 50 840.528 403.009 3.25417 41
48 6 1445.97 417.941 3.57691 3
50 12 1451.63 412.284 3.64511 3
50 30 1462.94 400.971 3.64682 3
52 32 371.167 395.314 3.33208 23
52 36 28 540 3.41765 22
52 18 1457.28 406.627 3.62372 3
14 12 320.528 667.009 3.51044 43
56 38 1315.86 27.6183 3.32389 7
58 10 1445.97 406.627 3.63285 3
58 18 1451.63 400.971 3.5922 3
60 32 244 428 3.29801 16
60 20 36 548 3.43407 22
68 20 36 556 3.35936 22
68 28 436 596 3.29848 16
18 14 1474.25 434.912 3.6609 3
20 52 12 516 3.36768 22
20 22 1479.91 429.255 3.6614 3
20 30 1485.57 423.598 3.65829 3
22 0 1451.63 434.912 3.62202 3
22 38 1491.22 417.941 3.65029 3
6 10 1468.6 451.882 3.50277 3
26 2 1462.94 434.912 3.59675 3
26 14 1468.6 429.255 3.65537 3
28 38 1485.57 412.284 3.65498 3
28 44 12 524 3.40786 22
28 22 1474.25 423.598 3.65707 3
28 30 1479.91 417.941 3.66798 3
28.2843 50.9117 1468.6 259.549 3.2617 25
45.2548 50.9117 1383.74 321.775 3.23196 25
45.2548 22.6274 1157.47 118.128 3.27474 25
