0 50 908 268 3.36369 6
2 46 916 268 3.36682 6
8 12 716 204 3.44292 4
8 50 908 276 3.34136 6
8 20 716 196 3.58803 4
8 28 716 188 3.48643 4
32 34 692 180 3.6583 4
32 12 692 204 3.66506 4
32 20 692 196 3.66314 4
32 28 692 188 3.66677 4
38 44 684 172 3.55713 4
38 52 684 164 3.59649 4
38 60 684 156 3.6083 4
38 68 684 148 3.60056 4
38 76 684 140 3.27608 4
10 34 716 180 3.46834 4
40 0 1680.09 514.774 3.30312 42
40 28 684 188 3.64855 4
42 8 1296 16 3.32445 166
42 34 1288 8 3.3508 86
42 56 936.853 123.785 3.26111 7
42 70 676 148 3.3486 4
48 38 1187.94 33.9411 3.33838 126
48 10 1296 48 3.31877 166
48 50 1340.67 16.9706 3.34023 46
48 54 1388 12 3.3267 6
48 58 1380 12 3.28503 6
48 16 1264 48 3.34967 166
14 44 708 172 3.64482 4
16 36 708 180 3.66972 4
16 12 708 204 3.70349 4
16 20 708 196 3.70163 4
16 28 708 188 3.66481 4
22 44 700 172 3.64311 4
22 52 700 164 3.58876 4
22 60 700 156 3.47183 4
6 30 780.118 610.274 3.29351 161
24 36 700 180 3.67161 4
24 12 700 204 3.7084 4
24 20 700 196 3.70553 4
24 28 700 188 3.67995 4
28 0 755.833 621.588 3.33604 3
30 46 692 172 3.56572 4
30 52 692 164 3.60428 4
30 60 692 156 3.61574 4
30 68 692 148 3.61339 4
16.9706 73.5391 884 284 3.27469 30
2.82843 0 1684 508 3.41228 8
