0 0 1348 620 2.76143 38
0 32 1106.56 440.569 2.7162 35
0 50 667.509 758.018 2.76133 122
2 32 880.528 283.009 2.78107 47
32 32 1100.9 434.912 2.70147 35
32 34 500 740 2.75804 6
32 42 1028 324 2.7353 2
34 26 508 740 2.76475 6
36 18 372 676 2.75073 6
10 42 1036 348 2.76614 2
10 50 1044 348 2.80714 2
10 22 896.528 283.009 2.77722 47
10 26 908.569 276.52 2.79878 7
4 30 897.255 276.52 2.80346 7
16 52 1044 340 2.80943 2
16 58 1052 340 2.75869 2
18 42 1036 340 2.80254 2
20 36 1028 340 2.79169 2
20 28 1020 340 2.7847 2
22 20 1012 340 2.77395 2
24 12 1004 340 2.75854 2
26 36 1028 332 2.79017 2
26 44 1036 332 2.78584 2
26 50 1044 332 2.77988 2
26 18 372 668 2.76245 6
26 30 526.087 729.734 2.78825 46
28 28 1020 332 2.79172 2
30 22 1012 332 2.77347 2
36.7696 14.1421 552.187 678.156 2.75339 9
