0 0 1510.38 288.5 2.769 46
0 0 24.5282 403.009 2.74699 41
0 32 204 596 2.71752 22
0 32 1700 212 2.7634 0
0 52 196 596 2.75086 22
0 22 1700 204 2.76259 0
0 26 1700 188 2.76916 0
0 25.4558 1700 220 2.75699 8
0 53.7401 940 300 2.75457 10
32 22 427.736 123.785 2.70654 3
36 32 428 588 2.67665 16
36 14 422.079 129.442 2.72954 3
36 28 1485.57 299.147 2.66713 19
44 28 436 588 2.67334 16
50 18 1525.17 451.882 2.68117 7
54 50 20 732 2.66941 6
54 54 44 732 2.67451 0
20 34 444.706 118.128 2.70328 3
22 26 439.05 123.785 2.73698 3
26 20 433.393 129.442 2.75573 3
28 12 427.736 135.098 2.72482 3
28 52 1491.22 293.49 2.69859 19
30 30 433.393 118.128 2.73882 3
14.1421 36.7696 828 340 2.7012 10
19.799 0 325.913 531.078 2.7593 9
33.9411 0 331.569 525.421 2.74796 9
31.1127 42.4264 1100 388 2.67934 10
