0 40 140 388 3.17082 34
0 24 910.753 231.931 3.2478 44
2 0 899.44 265.872 3.26314 44
8 16 891.598 282.177 3.24329 7
34 52 1412 636 3.28973 4
34 62 1412 628 3.22355 4
34 26 1677.9 208.638 3.31843 3
36 34 1683.56 202.981 3.31341 3
38 0 44 732 3.25492 4
10 2 888.126 265.872 3.28007 44
10 46 1616.53 155.009 3.21646 41
40 0 884 268 3.18238 38
40 42 1396 652 3.30207 4
40 16 77.011 497.137 3.2223 35
42 62 1404 628 3.27114 4
46 0 28 732 3.26995 4
46 10 28 724 3.29868 4
46 48 1388 644 3.29277 4
12 40 1676 180 3.22011 4
54 0 20 732 3.33479 4
14 50 1676 172 3.19796 4
14 20 1676 236 3.24396 2
56 40 77.011 485.823 3.25089 35
16 48 1581.73 157.726 3.20776 5
16 24 1684 228 3.27819 2
16 24 1683.56 225.608 3.2627 3
18 16 1676 228 3.28061 2
20 48 1668 172 3.22104 4
22 14 1672.24 225.608 3.25339 3
6 46 1587.39 152.069 3.17287 5
6 16 899.44 243.245 3.26228 44
24 26 1214.04 61.5594 3.25285 5
26 30 1683.56 214.294 3.32132 3
30 36 1689.21 208.638 3.30599 3
30 18 1676 212 3.27715 2
