0 0 303.285 565.019 2.70064 37
2 0 899.44 265.872 2.73665 44
32 8 1076 11.9999 2.73061 34
36 18 1244 148 2.88811 4
38 32 1244 132 2.88959 4
38 10 1244 156 2.88311 4
38 26 1244 140 2.89207 4
42 0 1660.93 10.6476 2.7467 1
44 34 1236 132 2.90816 4
44 20 1236 148 2.88782 4
44 28 1236 140 2.91203 4
46 12 1236 156 2.89845 4
12 16 1268 148 2.75961 4
12 24 1268 140 2.81529 4
50 36 1228 132 2.91307 4
50 12 1228 156 2.79606 4
50 28 1228 140 2.90606 4
52 20 1228 148 2.85243 4
14 14 1268 156 2.74865 4
58 36 1220 132 2.77065 4
58 30 1220 140 2.81899 4
20 16 1260 148 2.85643 4
20 24 1260 140 2.82185 4
22 10 1260 156 2.78043 4
28 26 1252 140 2.86212 4
30 10 1252 156 2.88306 4
30 18 1252 148 2.85588 4
16.9706 39.598 1436 428 2.68079 24
