0 0 416.422 384 3.29094 25
0 40 1236.67 468.853 3.27482 35
0 62.2254 452 580 3.28142 26
32 0 892 252 3.22024 22
32 46 1055.65 152.069 3.62843 1
32 54 1061.3 157.726 3.63349 1
32 14 1038.68 123.785 3.56272 1
34 22 1044.33 129.442 3.58409 1
36 36 1055.65 140.755 3.62177 1
36 30 1049.99 135.098 3.62128 1
38 62 1112.22 38.9319 3.28906 1
40 52 1066.96 152.069 3.62478 1
42 58 1072.62 157.726 3.28946 1
42 20 1049.99 123.785 3.55755 1
44 28 1055.65 129.442 3.63107 1
46 36 1061.3 135.098 3.63778 1
46 42 1066.96 140.755 3.61856 1
12 32 1033.02 152.069 3.58276 1
12 26 1027.36 146.412 3.56707 1
48 52 1072.62 146.412 3.6329 1
50 60 1078.27 152.069 3.468 1
50 20 1055.65 118.128 3.41602 1
52 28 1061.3 123.785 3.59748 1
54 34 1066.96 129.442 3.62806 1
54 42 1072.62 135.098 3.64343 1
14 40 1038.68 157.726 3.57337 1
14 18 1021.71 140.755 3.31082 1
56 10 28 724 3.2085 4
56 50 1078.27 140.755 3.64091 1
58 58 1083.93 146.412 3.48161 1
60 20 876 276 3.18872 22
62 0 20 732 3.24196 4
62 34 1072.62 123.785 3.4992 1
62 40 1078.27 129.442 3.56673 1
64 48 1083.93 135.098 3.57412 1
64 56 1089.59 140.755 3.29495 1
68 50 704.922 559.362 3.21551 5
18 48 1044.33 163.383 3.44544 1
18 16 1027.36 135.098 3.52871 1
18 24 1033.02 140.755 3.58199 1
20 32 1038.68 146.412 3.59326 1
22 8 1027.36 123.785 3.30835 1
22 40 1044.33 152.069 3.59361 1
24 48 1049.99 157.726 3.50913 1
24 14 1033.02 129.442 3.58973 1
26 22 1038.68 135.098 3.60809 1
28 30 1044.33 140.755 3.63078 1
30 38 1049.99 146.412 3.63021 1
50.9117 22.6274 835.029 327.431 3.21282 25
33.9411 5.65685 988 428 3.19534 26
16.9706 28.2843 427.736 384 3.22117 25
67.8822 62.2254 1259.29 208.638 3.19317 25
67.8822 22.6274 840.686 321.775 3.19949 25
70.7107 25.4558 884 268 3.20288 14
