0 0 172 500 3.21584 38
0 32 1468.6 259.549 3.21441 35
0 80 44 732 3.24983 2
0 6 20 732 3.26854 2
8 72 1366.77 395.314 3.21752 37
34 38 1044.33 446.225 3.73886 3
34 46 1049.99 440.568 3.70974 3
34 54 1055.65 434.912 3.66035 3
34 14 1027.36 463.196 3.71479 3
34 22 1033.02 457.539 3.71758 3
34 30 1038.68 451.882 3.73683 3
36 62 1061.3 429.255 3.53494 3
38 0 365.511 400.971 3.24971 5
38 66 1066.96 423.598 3.3014 3
10 8 20 724 3.23155 2
10 62 28 724 3.23268 2
40 80 1492 84 3.19192 0
40 24 1457.28 248.235 3.23048 35
42 38 1038.68 440.568 3.72385 3
42 46 1044.33 434.912 3.71894 3
42 54 1049.99 429.255 3.70529 3
42 62 1055.65 423.598 3.70241 3
42 78 1532 564 3.19085 4
42 80 1533.01 84.8528 3.19988 40
42 80 1066.96 412.284 3.22677 3
42 22 1027.36 451.882 3.68818 3
42 30 1033.02 446.225 3.72801 3
44 70 1061.3 417.941 3.62931 3
46 80 260 404 3.20317 2
12 38 1061.3 463.196 3.45938 3
12 30 1055.65 468.853 3.43747 3
50 38 1033.02 434.912 3.72892 3
50 46 1038.68 429.255 3.71693 3
50 54 1044.33 423.598 3.70637 3
50 62 1049.99 417.941 3.70596 3
50 70 1055.65 412.284 3.65597 3
50 22 1021.71 446.225 3.635 3
50 30 1027.36 440.568 3.70569 3
56 8 1508.2 310.461 3.23802 39
56 40 1052 580 3.18773 38
56 40 1451.63 242.579 3.26722 35
56 62 1044.33 412.284 3.35831 3
56 28 1021.71 434.912 3.39893 3
58 38 1027.36 429.255 3.3872 3
58 54 1038.68 417.941 3.44001 3
58 22 1016.05 440.568 3.40847 3
18 38 1055.65 457.539 3.67371 3
18 14 1038.68 474.51 3.31013 3
18 30 1049.99 463.196 3.67619 3
20 46 1061.3 451.882 3.60373 3
20 60 31.7561 700.784 3.21959 17
20 22 1044.33 468.853 3.62246 3
26 38 1049.99 451.882 3.73465 3
26 46 1055.65 446.225 3.7068 3
26 14 1033.02 468.853 3.66197 3
26 22 1038.68 463.196 3.71636 3
26 6 1027.36 474.51 3.2452 3
26 30 1044.33 457.539 3.73342 3
28 54 1061.3 440.568 3.60704 3
30 60 1066.96 434.912 3.34219 3
36.7696 0 472.991 384 3.23863 13
