0 46 1559.11 587.647 3.29462 5
0 65.0538 892 276 3.34665 14
2 22 1465.13 673.166 3.31822 42
8 58 1124 35.9999 3.36348 2
32 38 1628 756 3.48024 6
32 58 908.569 276.52 3.32971 3
32 64 914.225 270.863 3.31445 3
34 46 1620 756 3.32449 6
36 10 1652 764 3.50474 6
36 64 60.0405 355.716 3.22241 19
36 20 1644 764 3.47375 6
38 28 1636 764 3.44551 6
10 46 1628 732 3.43156 6
40 36 1628 764 3.43138 6
40 60 902.912 270.863 3.32651 3
42 50 897.255 276.52 3.33916 3
12 52 1620 732 3.39023 6
48 42 1292 604 3.2563 2
14 34 1636 740 3.48969 6
14 60 1612 732 3.35344 6
14 18 1652 740 3.45839 6
14 26 1644 740 3.43004 6
18 42 1628 740 3.5117 6
18 18 1652 748 3.49707 6
20 50 1620 740 3.4134 6
20 24 1644 748 3.48153 6
22 32 1636 748 3.5059 6
22 58 1612 740 3.39036 6
6 46 1116 35.9999 3.37132 2
6 30 1644 732 3.37205 6
24 32 1644 3.99994 3.21956 36
24 40 1628 748 3.45452 6
24 64 1604 740 3.27051 6
26 14 1652 756 3.47725 6
28 48 1620 748 3.3334 6
28 76 1491.22 293.49 3.29215 19
28 22 1644 756 3.53296 6
30 30 1636 756 3.47576 6
25.4558 25.4558 1700 524 3.28604 8
8.48528 76.3675 884 284 3.32452 14
8.48528 11.3137 1684 516 3.39292 8
33.9411 19.799 1672.24 474.51 3.21481 11
31.1127 0 1660.93 485.823 3.37049 11
11.3137 0 1684 508 3.38246 8
11.3137 67.8822 892 284 3.34303 14
22.6274 0 1692 508 3.41361 8
