0 0 60.0405 457.539 3.34254 13
0 30 436 404 3.25205 6
0 39.598 52 732 3.20011 14
32 42 1036 108 3.74604 0
34 6 1044 68 3.39646 0
38 34 1044 100 3.78996 0
38 10 1044 76 3.77805 0
38 18 1044 84 3.78782 0
38 26 1044 92 3.79281 0
10 18 1012.58 84.8528 3.38388 40
46 34 1052 100 3.75986 0
46 10 1052 76 3.73569 0
46 42 1052 108 3.70342 0
46 18 1052 84 3.76271 0
46 26 1052 92 3.77403 0
52 10 1060 76 3.72163 0
52 18 1060 84 3.75362 0
54 34 1060 100 3.72206 0
54 42 1060 108 3.69866 0
54 26 1060 92 3.7568 0
14 36 1020 100 3.7488 0
14 40 1012.58 107.48 3.33055 40
14 18 1020 84 3.75767 0
14 28 1020 92 3.73602 0
56 0 1151.81 112.471 3.21008 33
60 0 1499.07 288.5 3.32015 40
60 10 1068 76 3.55602 0
60 18 1068 84 3.75719 0
62 32 1068 100 3.72812 0
62 40 1068 108 3.69354 0
16 42 1020 108 3.70168 0
64 16 692 628 3.26549 6
64 16 1542.14 457.539 3.29037 7
66 0 1510.38 288.5 3.26322 40
66 8 1510.38 299.813 3.28814 40
68 26 1076 92 3.52228 0
70 32 1076 100 3.67432 0
70 40 1076 108 3.67674 0
18 48 1020 116 3.49939 0
74 38 1080.46 107.48 3.23467 40
22 34 1028 100 3.75635 0
22 10 1028 76 3.76078 0
22 18 1028 84 3.74283 0
22 26 1028 92 3.74472 0
6 48 888.126 277.186 3.21096 46
24 42 1028 108 3.72066 0
30 34 1036 100 3.77941 0
30 10 1036 76 3.78536 0
30 18 1036 84 3.77784 0
30 26 1036 92 3.78355 0
76.3675 48.0833 1252 220 3.21393 8
59.397 48.0833 461.677 576.333 3.23029 9
59.397 42.4264 1536.48 576.333 3.24968 11
33.9411 48.0833 1615.68 474.51 3.18526 15
70.7107 48.0833 1536.48 565.019 3.22447 11
