0 8 192.333 644.881 2.75601 122
0 50 11.3137 531.744 2.70528 120
0 14 1666.59 4.99091 2.76117 7
0 56 275.001 389.657 2.72428 3
0 18 1660.93 10.6477 2.76651 7
0 20 1610.02 378.343 2.70667 21
8 30 818.059 717.754 2.70298 1
36 44 868.971 282.177 2.69175 17
36 44 1677.9 491.48 2.71739 23
40 0 1436 428 2.68997 36
40 0 1556 92 2.69167 38
40 32 835.029 689.47 2.70528 1
54 30 1320.53 627.009 2.6835 43
14 14 806.745 706.441 2.73937 1
56 42 1216.22 627.911 2.68418 46
60 32 1312.53 619.009 2.68909 43
62 56 44 732 2.69203 0
18 24 818.059 706.441 2.73502 1
20 42 835.029 712.098 2.70381 1
20 18 812.402 700.784 2.71905 1
22 34 829.373 706.441 2.72562 1
22 56 1666.59 491.48 2.72562 7
26 28 823.716 700.784 2.74429 1
30 38 835.029 700.784 2.72779 1
39.598 0 65.6973 451.882 2.7575 27
33.9411 11.3137 908.568 276.52 2.71442 9
