0 0 1349.8 615.931 2.73211 35
0 0 1366.77 395.314 2.702 39
8 32 1451.63 208.638 2.66576 33
32 0 1344.15 610.274 2.68594 35
32 12 1638.3 293.49 2.78413 5
32 20 1632.65 287.834 2.84334 5
34 38 1264 16 2.77573 160
34 42 1264 48 2.79979 160
40 0 868 316 2.67681 32
40 22 1626.99 293.49 2.84454 5
40 6 1638.3 304.804 2.75448 5
40 30 1621.33 287.834 2.84393 5
42 14 1632.65 299.147 2.82385 5
46 6 1600.53 155.009 2.69666 45
48 38 1544.32 458.205 2.67687 40
48 14 1626.99 304.804 2.81047 5
48 22 1621.33 299.147 2.86069 5
48 30 1615.68 293.49 2.84795 5
54 2 899.44 254.558 2.69224 46
14 36 1632.65 265.206 2.77636 5
56 22 1615.68 304.804 2.79229 5
16 28 1638.3 270.863 2.78308 5
64 2 899.44 265.872 2.69622 46
18 0 20 732 2.70697 4
22 34 1626.99 270.863 2.72352 5
24 36 1188 20 2.71835 0
24 20 1638.3 282.177 2.86069 5
24 28 1632.65 276.52 2.86312 5
26 12 1643.96 287.834 2.73389 5
36.7696 42.4264 885.941 265.206 2.74897 9
48.0833 42.4264 891.598 259.549 2.69938 9
19.799 42.4264 399.452 491.48 2.70886 9
25.4558 42.4264 427.736 598.96 2.74879 9
