0 0 461.677 395.314 3.32117 31
8 64 428 556 3.35221 6
32 14 376.824 695.127 3.72964 5
32 6 382.481 700.784 3.58785 5
34 22 371.167 689.47 3.73861 5
34 30 365.511 683.813 3.7478 5
36 38 359.854 678.156 3.75548 5
36 46 354.197 672.5 3.75141 5
38 54 348.54 666.843 3.76298 5
38 66 314.599 655.529 3.65448 5
10 50 292 652 3.59575 4
10 66 912.528 267.009 3.36089 45
40 14 371.167 700.784 3.46285 5
40 62 342.883 661.186 3.72437 5
42 64 308.942 661.186 3.66237 5
42 20 365.511 695.127 3.65332 5
44 36 354.197 683.813 3.74874 5
44 30 359.854 689.47 3.73944 5
46 44 348.54 678.156 3.75555 5
46 52 342.883 672.5 3.75462 5
12 34 382.481 666.843 3.75802 5
12 40 376.824 661.186 3.7574 5
12 50 371.167 655.529 3.75667 5
48 60 337.226 666.843 3.72679 5
52 36 348.54 689.47 3.73654 5
52 28 354.197 695.127 3.71595 5
54 44 342.883 683.813 3.74643 5
54 52 337.226 678.156 3.74907 5
14 56 365.511 649.872 3.74515 5
14 26 388.138 672.5 3.67276 5
58 34 342.883 695.127 3.67273 5
58 26 348.54 700.784 3.60824 5
60 42 337.226 689.47 3.72639 5
62 50 331.57 683.813 3.70127 5
16 56 540 700 3.36746 0
18 18 388.138 683.813 3.66616 5
18 24 382.481 678.156 3.72115 5
20 32 376.824 672.5 3.76238 5
20 40 371.167 666.843 3.76117 5
22 48 365.511 661.186 3.76372 5
22 56 359.854 655.529 3.75905 5
22 74 888.528 275.009 3.41861 45
26 14 393.795 689.47 3.5756 5
26 16 382.481 689.47 3.72163 5
26 24 376.824 683.813 3.73722 5
28 38 365.511 672.5 3.75524 5
30 46 359.854 666.843 3.75763 5
30 54 354.197 661.186 3.76285 5
30 62 348.54 655.529 3.70585 5
30 64 320.256 638.558 3.5034 5
14.1421 48.0833 460 516 3.426 14
19.799 22.6274 548 684 3.38242 8
5.65685 31.1127 1500 300 3.36339 14
