0 42.4264 876 284 2.72397 14
32 32 100 356 2.69246 32
38 12 1666.59 355.716 2.90462 3
38 20 1672.24 350.059 2.90189 3
38 28 1677.9 344.402 2.88157 3
46 0 8 760 2.77795 80
46 12 1660.93 350.059 2.91132 3
46 20 1666.59 344.402 2.91038 3
46 28 1672.24 338.745 2.88079 3
54 12 1655.27 344.402 2.90747 3
54 20 1660.93 338.745 2.91401 3
54 28 1666.59 333.088 2.88896 3
14 22 1689.21 367.029 2.81824 3
14 30 1694.87 361.373 2.81336 3
56 0 1700 508 2.74776 0
62 12 1649.62 338.745 2.87142 3
62 20 1655.27 333.088 2.88107 3
62 26 1660.93 327.432 2.8413 3
4 0 1689.21 502.794 2.73951 19
64 0 569.157 321.775 2.73593 35
64 32 574.814 316.118 2.71324 35
20 16 1672.24 485.823 2.69359 19
22 36 1694.87 350.059 2.86762 3
22 22 1683.56 361.373 2.8248 3
22 30 1689.21 355.716 2.86786 3
28 14 1672.24 361.373 2.86887 3
30 36 1689.21 344.402 2.85358 3
30 20 1677.9 355.716 2.87856 3
30 28 1683.56 350.059 2.8705 3
16.9706 5.65685 670.981 763.009 2.72439 27
45.2548 39.598 207.119 344.402 2.71289 31
5.65685 0 1684 508 2.78028 24
