0 0 1510.38 288.5 3.34888 46
0 0 1259.29 208.638 3.33464 29
0 8 1499.07 288.5 3.34206 46
0 108 20 516 3.35565 22
0 93.3381 1412 11.9999 3.40149 10
0 28.2843 1231.01 236.922 3.26451 27
0 48.0833 1380 11.9999 3.47031 10
0 79.196 1404 11.9999 3.48262 10
0 65.0538 1396 11.9999 3.49387 10
0 31.1127 1372 11.9999 3.39928 10
8 92 596 468 3.58463 0
32 10 1640 568 3.24279 80
32 46 612 420 3.6992 0
32 12 1640.49 576.999 3.22715 120
32 54 612 428 3.68884 0
32 92 20 532 3.26443 22
34 32 612 404 3.65946 0
34 80 620 452 3.67545 0
36 64 620 436 3.60874 0
36 72 620 444 3.67624 0
36 24 612 396 3.54509 0
36 28 1095.24 282.177 3.25504 3
38 0 44 732 3.20187 4
38 56 620 428 3.70711 0
10 34 588 412 3.62744 0
10 42 588 420 3.56199 0
10 76 596 452 3.67613 0
10 84 596 460 3.65587 0
40 48 620 420 3.70173 0
42 32 620 404 3.67379 0
42 40 620 412 3.68758 0
42 80 628 452 3.31886 0
44 66 628 436 3.55352 0
44 72 628 444 3.53607 0
44 80 340 564 3.23606 16
46 56 628 428 3.61053 0
12 68 596 444 3.7099 0
12 18 588 396 3.57344 0
12 26 588 404 3.60022 0
48 50 628 420 3.62789 0
48 76 508 348 3.25784 16
48 84 472.991 508.451 3.23297 17
50 38 628 404 3.47304 0
50 42 628 412 3.56947 0
50 30 922.067 741.048 3.23041 44
52 66 636 436 3.50381 0
52 76 36 540 3.23717 22
54 32 412 468 3.22956 6
54 60 636 428 3.57242 0
14 10 588 388 3.55838 0
14 60 596 436 3.70473 0
14 100 604 476 3.53318 0
56 44 636 412 3.50304 0
56 52 636 420 3.57145 0
62 60 644 428 3.34726 0
16 44 596 420 3.69128 0
16 52 596 428 3.67954 0
16 84 604 460 3.67495 0
16 92 604 468 3.60492 0
64 52 644 420 3.46647 0
68 60 356 548 3.2459 16
68 68 516 348 3.25237 16
18 36 596 412 3.68806 0
18 76 604 452 3.68229 0
20 68 604 444 3.70532 0
20 100 612 476 3.44804 0
20 108 20 524 3.26852 22
20 28 596 404 3.61643 0
22 0 1624 552 3.26138 80
22 12 596 388 3.56035 0
22 60 604 436 3.71183 0
22 20 596 396 3.58957 0
24 46 604 420 3.65548 0
24 86 612 460 3.67517 0
26 38 604 412 3.66973 0
26 78 612 452 3.6843 0
28 62 612 436 3.64755 0
28 70 612 444 3.67039 0
28 22 604 396 3.59919 0
28 30 604 404 3.6034 0
28.2843 90.5097 144.893 316.118 3.18538 29
65.0538 0 12 732 3.25092 12
42.4264 25.4558 133.58 553.706 3.25461 9
70.7107 93.3381 43.0699 734.725 3.13607 15
70.7107 8.48528 12 724 3.24076 12
53.7401 0 20 732 3.28965 12
53.7401 11.3137 20 724 3.25623 12
45.2548 96.1665 1524 116 3.07926 28
45.2548 84.8528 1383.74 310.461 3.15055 25
