0 0 60.0404 446.225 2.73862 25
0 0 371.167 406.627 2.70787 27
0 22.6274 65.6973 451.882 2.72074 25
32 34 1148 300 2.80323 6
32 40 1140 300 2.83843 6
34 24 1156 300 2.82627 6
38 48 1132 308 2.83231 6
38 14 1164 300 2.80961 6
40 34 1148 308 2.80928 6
40 40 1140 308 2.85432 6
42 26 1156 308 2.81392 6
44 18 1164 308 2.82547 6
46 50 1132 316 2.79077 6
48 20 540.873 678.156 2.71252 17
50 36 1148 316 2.78842 6
54 44 1140 324 2.77987 6
54 52 1132 324 2.77526 6
14 44 1132 284 2.85093 6
56 24 1692 508 2.69866 34
16 36 1140 284 2.85822 6
18 28 1148 284 2.84663 6
20 20 1156 284 2.79206 6
22 46 1132 292 2.85677 6
24 36 1140 292 2.84551 6
24 30 1148 292 2.81691 6
26 60 1336 24 2.70375 80
26 20 1159.66 288.5 2.71021 46
28 22 1156 292 2.84383 6
30 46 1132 300 2.85562 6
30 14 1164 292 2.79185 6
48.0833 59.397 28 516 2.68289 12
19.799 53.7401 885.941 287.833 2.70504 13
8.48528 53.7401 914.226 270.863 2.71005 13
