0 0 884 276 2.76494 24
0 0 1564.76 548.049 2.72985 39
0 39.598 1684 508 2.72444 14
0 39.598 93.9815 548.049 2.69046 27
8 40 1684 516 2.70018 6
34 38 1120.06 33.9411 2.68649 120
34 42 1091.77 50.9117 2.70422 40
38 2 11.3137 758.018 2.77719 120
42 0 33.9411 758.018 2.77289 120
42 42 627.911 707.107 2.76346 44
50 34 616.597 718.42 2.74339 44
50 36 1264 16 2.7746 160
50 38 1255.82 33.9411 2.77056 120
58 38 1323.7 33.9411 2.78294 120
60 12 71.3541 446.225 2.74219 19
60 16 868 276 2.71044 22
4 16 884 284 2.73335 16
64 0 65.6973 451.882 2.76221 19
66 36 1360 16 2.73582 160
76 16 348 596 2.70919 16
76 16 65.6973 440.569 2.75363 19
50.9117 31.1127 1593.05 78.5299 2.72768 9
22.6274 16.9706 892 284 2.74095 24
