0 0 207.119 593.304 2.73385 7
0 46 20 732 2.70699 2
0 50.9117 36 740 2.69209 30
2 66 44 732 2.71926 2
32 44 1247.98 197.324 2.92503 1
32 52 1253.64 202.981 2.91447 1
32 60 1259.29 208.638 2.78701 1
34 36 1242.32 191.667 2.92792 1
34 20 1231.01 180.353 2.91923 1
34 28 1236.67 186.01 2.92363 1
36 2 888.528 275.009 2.75161 41
38 10 896.528 283.009 2.73083 41
10 12 1208.38 191.667 2.85049 1
10 56 28 724 2.702 2
10 18 1214.04 197.324 2.86017 1
40 8 904.528 275.009 2.70924 41
40 44 1253.64 191.667 2.91558 1
40 48 1256.53 195.009 2.68888 41
40 52 1259.29 197.324 2.91197 1
40 20 1236.67 174.696 2.91667 1
42 36 1247.98 186.01 2.90855 1
42 28 1242.32 180.353 2.92958 1
46 64 899.44 254.558 2.63852 40
48 36 1253.64 180.353 2.91372 1
48 44 1259.29 186.01 2.89422 1
48 50 1264.95 191.667 2.65176 1
48 28 1247.98 174.696 2.91763 1
50 46 1264.53 187.009 2.67719 41
14 26 1225.35 197.324 2.89049 1
18 34 1231.01 202.981 2.82619 1
18 42 1236.67 208.638 2.78508 1
18 12 1214.04 186.01 2.85603 1
18 20 1219.7 191.667 2.899 1
22 54 1242.32 214.294 2.70498 1
22 6 908.568 276.52 2.75013 1
24 36 1236.67 197.324 2.89042 1
24 44 1242.32 202.981 2.8996 1
26 12 1219.7 180.353 2.82847 1
26 52 1247.98 208.638 2.8569 1
26 58 1253.64 214.294 2.70547 1
26 20 1225.35 186.01 2.90645 1
26 28 1231.01 191.667 2.9015 1
30 2 880.528 283.009 2.74972 41
36.7696 0 863.314 457.539 2.73355 15
8.48528 39.598 1666.59 491.48 2.70412 9
8.48528 31.1127 1660.93 485.823 2.70328 9
45.2548 59.397 428 604 2.62509 8
