0 0 580.471 333.088 2.69789 35
0 0 1078.27 106.814 2.69634 33
0 36 1666.59 491.48 2.76055 17
0 28.2843 1692 508 2.74371 30
0 45.2548 1684 508 2.76688 30
2 32 910.754 265.872 2.76242 46
8 38 899.44 277.186 2.79366 46
8 46 888.126 277.186 2.77996 46
34 48 1100 44 2.70328 0
44 0 876 292 2.76492 18
44 42 448.528 539.009 2.68881 41
46 48 456.528 547.009 2.72622 41
12 28 1672.24 485.823 2.73373 17
48 42 1116 36 2.70528 0
50 48 1116 44 2.7135 0
50 48 464.528 539.009 2.73882 41
54 22 910.754 277.186 2.73095 42
56 0 569.157 321.775 2.72085 35
58 48 888.126 277.186 2.72113 44
60 0 876 284 2.78471 18
60 20 884 284 2.7705 18
62 28 916 268 2.75615 2
