0 0 60.0404 446.225 2.78124 17
0 0 840.686 355.716 2.73607 19
0 38 501.275 378.343 2.73705 7
0 48 1612 460 2.70652 34
0 16 65.6973 451.882 2.76847 17
0 33.9411 1084 412 2.73641 10
32 8 1240 632 2.70984 84
34 0 1672 520 2.80623 82
34 40 348 596 2.68738 2
36 2 1680.09 514.774 2.72088 42
38 38 864.528 464.666 2.71376 121
40 8 1224 632 2.73399 84
40 32 897.255 276.52 2.74552 3
12 32 1378.09 746.039 2.75483 7
14 42 1372.43 751.696 2.75206 7
16 16 71.3541 446.225 2.74176 17
20 32 1383.74 751.696 2.766 7
20 16 1395.06 740.382 2.75244 7
20 24 1389.4 746.039 2.75892 7
22 0 33.9411 758.018 2.76346 120
22 40 1378.09 757.352 2.75979 7
26 46 682.294 763.009 2.68623 7
28 32 1389.4 757.352 2.75783 7
28 16 1400.71 746.039 2.75054 7
28 24 1395.06 751.696 2.76731 7
28.2843 45.2548 77.011 485.823 2.65747 29
31.1127 33.9411 908.569 276.52 2.72355 11
