0 0 16 560 2.80127 162
0 10 48 560 2.77112 162
2 32 899.44 265.872 2.7197 42
8 0 1076 4 2.71485 32
32 8 456.02 536.735 2.78612 5
32 8 150.55 593.304 2.82464 3
32 16 320.528 635.009 2.79383 43
34 2 144.893 598.96 2.83877 3
38 8 472.528 707.009 2.80945 43
10 10 173.177 604.617 2.76643 3
40 0 464.528 715.009 2.81185 43
42 16 328.528 627.009 2.74233 43
46 0 1542.14 570.676 2.79727 7
48 0 139.236 593.304 2.83976 3
56 32 876 284 2.71967 20
16 16 516 340 2.71761 4
16 26 1680.09 492.146 2.74108 40
20 16 173.177 593.304 2.78928 3
22 10 156.207 598.96 2.80748 3
22 18 461.677 508.451 2.73106 5
24 14 336.528 651.009 2.80443 43
24 26 1691.4 492.146 2.72763 40
26 0 150.55 604.617 2.81861 3
28 0 1327.18 299.147 2.7616 1
28 18 167.521 587.647 2.7954 3
