0 0 980 164 2.63567 0
0 52 44 732 2.71421 2
0 30 20 732 2.70452 2
8 38 28 724 2.69927 2
32 34 1212 228 2.79183 4
34 20 1212 244 2.75811 4
34 28 1212 236 2.78469 4
38 12 1212 252 2.75992 4
40 12 48.7268 423.598 2.70006 21
42 30 1204 236 2.77167 4
44 44 919.882 299.147 2.74788 23
44 28 925.539 293.49 2.72982 23
46 14 1204 252 2.7709 4
46 20 1204 244 2.77471 4
56 32 931.196 299.147 2.73781 23
16 26 1168.53 171.009 2.62317 45
18 22 180 540 2.65756 0
18 22 304.528 651.009 2.72334 43
18 24 1476 332 2.71543 4
18 24 1146.16 197.324 2.70991 3
22 18 472.991 508.451 2.7643 5
22 20 1220 244 2.76271 4
6 10 1244 244 2.65721 4
26 26 1220 236 2.71645 4
30 0 676 764 2.7143 4
36.7696 2.82843 140 340 2.72175 10
56.5685 25.4558 548 676 2.76453 10
48.0833 36.7696 556 684 2.7809 10
48.0833 22.6274 548 684 2.76495 10
19.799 19.799 476 380 2.72654 12
19.799 19.799 269.344 395.314 2.71077 13
42.4264 0 258.03 417.941 2.73343 13
42.4264 42.4264 436 580 2.75144 8
45.2548 0 427.736 598.96 2.71566 13
