0 0 1228 644 2.70389 2
0 36 892 276 2.75219 22
0 28.2843 908 268 2.76635 14
0 39.598 1666.59 491.48 2.74914 25
8 34 916 268 2.77337 6
32 24 1564 556 2.6805 32
34 34 1684 692 2.82264 2
34 42 1692 692 2.81705 2
40 20 1123.53 38.9319 2.67099 5
42 34 1684 684 2.77662 2
42 40 1692 684 2.77651 2
46 10 28 724 2.69103 4
46 50 888.126 288.5 2.67351 44
12 40 1677.9 491.48 2.75579 17
50 40 1692 676 2.72263 2
54 0 20 732 2.70568 4
16 44 908 276 2.76789 6
18 6 1524 564 2.71356 0
18 28 1676 708 2.76643 2
24 20 1668 700 2.7462 2
26 34 1684 700 2.82432 2
26 42 1692 700 2.81412 2
26 26 1676 700 2.76508 2
28.2843 5.65685 1532 132 2.68994 30
53.7401 48.0833 31.7563 406.627 2.65911 13
22.6274 39.598 1672.24 485.823 2.71626 25
