0 0 880.284 474.51 2.72114 33
0 32 1436 428 2.68695 34
0 28.2843 1615.68 157.726 2.69362 27
32 0 885.941 468.853 2.70504 33
32 8 196 748 2.70689 4
32 16 196 740 2.74947 4
32 24 196 732 2.79123 4
32 24 1076 12 2.68066 36
34 56 188 700 2.8406 4
36 40 188 716 2.89317 4
36 48 188 708 2.87007 4
38 2 1500 316 2.72287 6
38 32 188 724 2.87096 4
10 54 982.108 451.882 2.69695 1
12 46 212 708 2.86665 4
12 54 212 700 2.84726 4
14 38 212 716 2.84018 4
16 0 20 732 2.7073 4
20 46 204 708 2.85624 4
22 32 204 724 2.83269 4
22 24 204 732 2.81462 4
26 54 1392 16 2.78042 160
30 32 196 724 2.89272 4
30 40 196 716 2.89864 4
30 48 196 708 2.86884 4
