0 0 1428 428 2.76042 26
0 48 1253.64 214.294 2.70545 19
0 62 741.048 356.382 2.72415 42
0 22.6274 1436 428 2.74467 26
2 42 676 764 2.72499 2
32 56 1129.19 248.236 2.89284 5
34 40 1140.5 259.549 2.89762 5
34 48 1134.84 253.892 2.88948 5
36 32 1146.16 265.206 2.8726 5
10 44 1151.81 236.922 2.88109 5
10 52 1146.16 231.265 2.83134 5
40 48 1129.19 259.549 2.83458 5
42 0 20 732 2.65255 4
44 62 884 284 2.79082 4
48 16 36 740 2.68304 18
50 36 908 268 2.6649 2
50 38 910.754 265.872 2.70194 42
50 58 876.812 288.5 2.77152 44
14 34 1157.47 242.579 2.87562 5
14 50 336.528 651.009 2.79601 43
14 28 1163.13 248.236 2.85089 5
4 40 540 676 2.75863 6
16 54 1140.5 236.922 2.8783 5
18 38 1151.81 248.236 2.89771 5
18 46 1146.16 242.579 2.88494 5
18 30 312.528 675.009 2.79975 43
20 32 540 684 2.71046 22
20 22 1163.13 259.549 2.83617 5
20 30 1157.47 253.892 2.89131 5
22 14 1168.78 265.206 2.77712 5
24 34 1152.53 251.009 2.79681 45
24 54 1134.84 242.579 2.90779 5
26 38 1146.16 253.892 2.90468 5
26 10 1163.13 270.863 2.77714 5
26 46 1140.5 248.236 2.8944 5
28 22 1157.47 265.206 2.84323 5
22.6274 16.9706 1436 420 2.70291 26
