0 0 1615.68 384 2.74213 21
0 32 1700 220 2.75564 0
0 34 1655.27 16.3046 2.73835 7
0 54 1056.53 587.009 2.70864 45
0 26 1700 212 2.75678 0
8 0 1076 4 2.72993 32
32 0 65.6973 451.882 2.79308 19
36 40 1502.54 632.902 2.71614 19
36 52 132 588 2.7158 22
36 18 428 52.0001 2.85391 4
36 26 428 44.0001 2.8559 4
38 34 428 36.0001 2.81987 4
44 34 420 36.0001 2.77341 4
44 44 900 276 2.76633 20
44 26 420 44.0001 2.78781 4
12 12 452 60.0001 2.8692 4
12 20 452 52.0001 2.89121 4
12 28 452 44.0001 2.87968 4
48 0 60.0404 446.225 2.74432 19
48 52 1530.82 423.598 2.69203 19
14 36 452 36.0001 2.88083 4
14 44 452 28.0001 2.89783 4
20 12 444 60.0001 2.85489 4
20 28 444 44.0001 2.87651 4
22 36 444 36.0001 2.88003 4
22 44 444 28.0001 2.87538 4
22 20 444 52.0001 2.88134 4
6 54 1691.4 548.715 2.6938 40
26 50 464.528 523.009 2.73956 41
28 44 908 276 2.75671 20
28 12 71.3541 446.225 2.77766 19
28 18 436 52.0001 2.84596 4
28 26 436 44.0001 2.84351 4
30 34 436 36.0001 2.80508 4
30 42 436 28.0001 2.80919 4
36.7696 8.48528 348 596 2.71209 8
36.7696 45.2548 1677.9 491.48 2.70393 15
