0 0 1428 428 2.7022 34
0 0 908.569 265.206 2.71908 31
0 42 880.528 283.009 2.71954 47
0 5.65685 876 284 2.70961 28
2 54 132 564 2.78776 0
32 36 164 548 2.92865 0
32 44 164 556 2.93203 0
34 20 164 532 2.95375 0
34 28 164 540 2.92986 0
36 12 164 524 2.95028 0
38 54 1368 8 2.7285 80
10 32 896.528 283.009 2.72536 47
10 44 140 556 2.7798 0
10 26 904.528 275.009 2.70855 47
40 38 172 548 2.95614 0
40 46 172 556 2.91294 0
40 30 172 540 2.95635 0
42 14 172 524 2.9479 0
42 58 910.754 265.872 2.72401 44
42 22 172 532 2.94844 0
44 0 676 764 2.73009 20
44 56 188 276 2.70329 20
46 0 902.912 270.863 2.73177 1
48 38 180 548 2.96045 0
48 44 180 556 2.86456 0
48 52 899.44 277.186 2.7206 44
48 30 180 540 2.9579 0
50 14 180 524 2.95552 0
50 22 180 532 2.95574 0
14 50 148 564 2.8697 0
14 22 908.569 276.52 2.73121 7
56 0 668 764 2.74928 20
16 36 148 548 2.8521 0
16 42 148 556 2.89143 0
18 28 148 540 2.83141 0
22 50 156 564 2.8351 0
22 14 148 524 2.82052 0
6 36 891.598 282.177 2.7017 7
6 30 897.255 276.52 2.74134 7
24 36 156 548 2.93425 0
24 44 156 556 2.9425 0
26 12 156 524 2.95198 0
26 20 156 532 2.95545 0
26 28 156 540 2.93137 0
28 4 156 516 2.72885 0
30 48 164.049 560.029 2.74761 40
