0 0 1676 124 3.31131 32
0 34 916 268 3.40526 6
0 40 908 268 3.39091 6
8 56 1491.22 293.49 3.2592 37
32 32 422.079 197.324 3.50366 1
32 22 416.422 191.667 3.51442 1
34 56 444.706 208.638 3.44033 1
36 48 439.05 202.981 3.49366 1
38 10 405.109 180.353 3.35764 1
38 42 433.393 197.324 3.47023 1
10 34 916 276 3.33949 6
10 42 908 276 3.40095 6
40 24 422.079 186.01 3.49377 1
42 50 444.707 197.324 3.44541 1
42 62 670.981 763.009 3.25734 7
42 18 416.422 180.353 3.50801 1
44 10 410.765 174.696 3.43038 1
44 42 439.05 191.667 3.47908 1
46 34 433.393 186.01 3.47266 1
12 46 1502.54 632.902 3.26096 5
48 26 427.736 180.353 3.4998 1
50 18 422.079 174.696 3.52289 1
52 44 444.707 186.01 3.47013 1
52 12 416.422 169.04 3.34949 1
54 36 439.05 180.353 3.48344 1
14 34 416.422 214.294 3.45731 1
56 40 1484 300 3.20595 36
56 28 433.393 174.696 3.51659 1
58 20 427.736 169.04 3.51709 1
62 10 888.126 254.558 3.30365 46
16 28 410.765 208.638 3.42873 1
64 30 439.05 169.04 3.41512 1
70 32 444.707 163.383 3.23953 1
70 18 876.812 265.872 3.28205 46
20 46 427.736 214.294 3.41985 1
22 38 422.079 208.638 3.49507 1
24 22 410.765 197.324 3.46743 1
24 30 416.422 202.981 3.52419 1
28 48 433.393 208.638 3.46911 1
30 40 427.736 202.981 3.50951 1
73.5391 5.65685 1508 292 3.28957 24
48.0833 62.2254 52 732 3.2341 12
59.397 62.2254 44 732 3.2735 12
65.0538 53.7401 36 740 3.27602 12
