0 0 1540 148 2.75057 38
0 0 1621.33 140.755 2.75496 39
0 44 897.255 276.52 2.76911 23
0 28 902.912 270.863 2.76324 23
32 40 1621.33 152.069 2.70762 39
32 12 26.0994 378.343 2.794 5
32 18 20.4426 372.686 2.83655 5
34 34 9.12891 361.373 2.79594 5
34 26 14.7856 367.029 2.85068 5
40 12 20.4424 384 2.75216 5
42 18 14.7856 378.343 2.82001 5
42 26 9.12891 372.686 2.809 5
50 0 1224 648 2.71478 80
50 8 1680.09 322.441 2.69193 42
18 36 20.4426 350.059 2.8189 5
18 44 14.7856 344.402 2.805 5
18 28 26.0996 355.716 2.82813 5
24 56 1604.36 157.726 2.75446 39
26 34 14.7856 355.716 2.81792 5
26 42 9.12891 350.059 2.76685 5
26 20 26.0996 367.029 2.84796 5
26 28 20.4426 361.372 2.85115 5
