0 0 884 276 2.70334 24
0 0 1344.15 598.961 2.69789 39
0 22 24 744 2.7166 80
0 28 24 760 2.7039 80
0 42.4264 948 228 2.69569 10
2 44 1151.81 157.726 2.70171 5
34 26 1247.98 434.912 2.686 7
36 36 1116 164 2.65362 20
10 18 40 744 2.72431 80
42 10 752.362 367.695 2.67576 42
42 16 448.528 539.009 2.6954 47
46 6 1492.88 406.627 2.68207 81
46 6 464.528 539.009 2.71135 47
12 36 1492 300 2.68079 20
24 40 1344.15 610.274 2.65532 39
26 22 1242.32 429.255 2.68484 7
30 4 48 752 2.69865 160
25.4558 36.7696 1484 300 2.6875 12
5.65685 0 1389.4 655.529 2.69803 27
