0 78 931.196 242.579 3.71588 7
0 84 925.539 248.235 3.75487 7
0 94 919.882 253.892 3.74908 7
8 86 931.196 253.892 3.80515 7
8 94 925.539 259.549 3.79752 7
8 102 919.882 265.206 3.73507 7
32 128 468 716 3.38668 6
32 88 948.167 270.863 3.85324 7
32 102 936.853 282.177 3.88491 7
34 14 999.078 208.638 3.42979 7
34 56 970.794 248.235 3.86405 7
34 64 965.137 253.892 3.86485 7
34 18 993.421 214.294 3.65712 7
34 72 959.48 259.549 3.88043 7
34 80 953.823 265.206 3.8689 7
36 32 987.765 231.265 3.85559 7
36 40 982.108 236.922 3.87545 7
36 48 976.451 242.579 3.88551 7
36 14 1000.53 211.009 3.42231 47
38 128 925.539 304.804 3.87789 7
38 24 993.421 225.608 3.84727 7
38 112 936.853 293.49 3.89085 7
38 120 931.196 299.147 3.8805 7
10 62 948.167 236.922 3.78745 7
10 70 942.51 242.579 3.82523 7
10 78 936.853 248.235 3.81547 7
40 80 959.48 270.863 3.85754 7
40 88 953.823 276.52 3.87494 7
40 96 948.167 282.177 3.90427 7
40 104 942.51 287.833 3.90427 7
42 56 976.451 253.892 3.86358 7
42 64 970.794 259.549 3.86772 7
42 72 965.137 265.206 3.86376 7
44 32 993.421 236.922 3.86313 7
44 40 987.765 242.579 3.87934 7
44 48 982.108 248.235 3.87304 7
46 8 1010.39 219.951 3.74856 7
46 128 931.196 310.461 3.87166 7
46 16 1004.74 225.608 3.82153 7
46 24 999.078 231.265 3.85689 7
46 114 942.51 299.147 3.87038 7
46 120 936.853 304.804 3.84949 7
12 52 953.823 231.265 3.68963 7
48 72 970.794 270.863 3.84178 7
48 80 965.137 276.52 3.87214 7
48 88 959.48 282.177 3.87602 7
48 98 953.823 287.833 3.90158 7
48 104 948.167 293.49 3.90221 7
50 56 982.108 259.549 3.8478 7
50 64 976.451 265.206 3.83461 7
52 32 999.078 242.579 3.83966 7
52 40 993.421 248.235 3.87475 7
52 48 987.765 253.892 3.85894 7
54 0 1021.71 219.951 3.55144 7
54 8 1016.05 225.608 3.79409 7
54 128 936.853 316.118 3.82223 7
54 16 1010.39 231.265 3.81788 7
54 24 1004.74 236.922 3.80841 7
54 114 948.167 304.804 3.83621 7
54 120 942.51 310.461 3.82543 7
14 42 965.137 219.951 3.47846 7
14 98 928.528 267.009 3.58973 47
56 74 976.451 276.52 3.84677 7
56 90 965.137 287.833 3.84939 7
56 98 959.48 293.49 3.85701 7
56 106 953.823 299.147 3.85193 7
58 66 982.108 270.863 3.85269 7
58 82 970.794 282.177 3.84723 7
60 34 1004.74 248.235 3.86847 7
60 42 999.078 253.892 3.86946 7
60 50 993.421 259.549 3.84666 7
60 58 987.765 265.206 3.82566 7
62 130 942.51 321.775 3.86032 7
62 10 1021.71 231.265 3.83863 7
62 18 1016.05 236.922 3.84863 7
62 24 1010.39 242.579 3.84634 7
62 122 948.167 316.118 3.85029 7
16 94 931.196 265.206 3.85812 7
16 102 925.539 270.863 3.84401 7
16 126 480.833 684.479 3.29257 46
64 82 976.451 287.833 3.88727 7
64 90 970.794 293.49 3.88685 7
64 98 965.137 299.147 3.88209 7
66 10 1024.53 235.009 3.49636 47
66 58 993.421 270.863 3.88081 7
66 66 987.765 276.52 3.88281 7
66 74 982.108 282.177 3.88626 7
68 34 1010.39 253.892 3.87824 7
68 42 1004.74 259.549 3.88162 7
68 50 999.078 265.206 3.86607 7
68 26 1016.05 248.235 3.85844 7
70 130 948.167 327.432 3.86155 7
70 10 1027.36 236.922 3.85603 7
70 18 1021.71 242.579 3.85236 7
70 110 965.137 310.461 3.87267 7
70 122 953.823 321.775 3.85197 7
18 54 959.48 236.922 3.82382 7
18 62 953.823 242.579 3.85798 7
18 72 948.167 248.235 3.86018 7
18 80 942.51 253.892 3.81553 7
18 122 880.528 299.009 3.33645 47
72 90 976.451 299.147 3.88694 7
72 98 970.794 304.804 3.87258 7
74 58 999.078 276.52 3.88426 7
74 66 993.421 282.177 3.88516 7
74 74 987.765 287.833 3.89051 7
74 82 982.108 293.49 3.89136 7
76 130 953.823 333.088 3.79042 7
76 34 1016.05 259.549 3.86876 7
76 42 1010.39 265.206 3.86997 7
76 50 1004.74 270.863 3.84848 7
78 134 952.528 339.009 3.40501 47
78 10 1033.02 242.579 3.84489 7
78 18 1027.36 248.235 3.86078 7
78 26 1021.71 253.892 3.86227 7
78 124 959.48 327.432 3.74212 7
80 90 982.108 304.804 3.84591 7
80 98 976.451 310.461 3.85588 7
80 102 976.528 315.009 3.45888 47
82 132 959.48 338.745 3.31421 7
82 58 1004.74 282.177 3.87586 7
82 66 999.078 287.833 3.85461 7
82 74 993.421 293.49 3.86158 7
82 82 987.765 299.147 3.84871 7
84 34 1021.71 265.206 3.86388 7
84 44 1016.05 270.863 3.8442 7
84 52 1010.39 276.52 3.86368 7
84 26 1027.36 259.549 3.84888 7
86 12 1038.68 248.235 3.80404 7
86 18 1033.02 253.892 3.85871 7
86 108 1301.08 33.9411 3.37279 126
86 110 1510.38 458.205 3.23053 46
22 128 880.284 304.804 3.26818 7
22 40 970.794 225.608 3.58061 7
88 58 1010.39 287.833 3.69538 7
88 66 1004.74 293.49 3.71564 7
88 88 992.528 315.009 3.28679 47
88 120 1264 48 3.30093 166
88 120 1320 40 3.25654 86
90 36 1027.36 270.863 3.69922 7
90 44 1021.71 276.52 3.76185 7
90 50 1016.05 282.177 3.7509 7
90 14 1044.33 253.892 3.46569 7
90 20 1038.68 259.549 3.55779 7
90 26 1033.02 265.206 3.5577 7
6 64 944.528 235.009 3.41196 47
6 98 920.528 259.009 3.57579 47
24 88 942.51 265.206 3.85433 7
24 96 936.853 270.863 3.86064 7
24 110 925.539 282.177 3.84764 7
24 118 919.882 287.833 3.8505 7
26 62 959.48 248.235 3.84963 7
26 72 953.823 253.892 3.86411 7
26 80 948.167 259.549 3.85578 7
28 40 976.451 231.265 3.86076 7
28 48 970.794 236.922 3.88294 7
28 122 556 700 3.36811 2
30 32 982.108 225.608 3.69189 7
30 120 925.539 293.49 3.8809 7
30 120 912.528 299.009 3.54678 47
28.2843 16.9706 1676 156 3.22286 26
25.4558 113.137 452 540 3.4613 8
90.5097 0 1668 132 3.27301 26
90.5097 118.794 1364 396 3.22965 26
90.5097 90.5097 1356 396 3.21493 26
90.5097 127.279 1636 156 3.19569 14
