0 60 1383.74 649.872 3.29475 1
0 22 44 732 3.20888 2
0 88 65.6973 350.059 3.20199 37
0 6 20 732 3.25087 2
2 46 1692 500 3.23161 2
2 78 12 732 3.21984 2
32 48 1327.18 593.304 3.80844 1
32 56 1332.83 598.96 3.80994 1
34 66 1338.49 604.617 3.78923 1
34 72 1344.15 610.274 3.81213 1
34 74 1657.46 265.872 3.24896 46
36 22 1315.86 570.676 3.82384 1
38 38 1327.18 581.99 3.82796 1
10 38 1684 492 3.22833 2
10 10 28 724 3.24377 2
10 54 1310.21 610.274 3.6088 1
40 48 1332.83 587.647 3.81685 1
40 62 1344.15 598.961 3.80515 1
42 72 1349.8 604.617 3.81173 1
44 22 1321.52 565.019 3.8333 1
44 92 476 524 3.22113 18
46 38 1332.83 576.333 3.81995 1
46 86 1361.12 638.558 3.22994 1
46 22 1320.53 563.009 3.51448 41
46 30 1327.18 570.676 3.81826 1
12 66 1332.83 621.588 3.67144 1
12 72 1338.49 627.245 3.66567 1
48 8 1364 11.9999 3.29024 20
48 46 1338.49 581.99 3.81547 1
48 60 1349.8 593.304 3.79832 1
50 70 1355.46 598.96 3.8152 1
50 78 1361.12 604.617 3.80457 1
52 22 1327.18 559.362 3.85147 1
54 38 1338.49 570.676 3.81863 1
54 50 1349.8 581.99 3.83642 1
54 28 1332.83 565.019 3.84293 1
14 42 1310.21 598.96 3.72475 1
14 46 1312.53 603.009 3.37665 41
14 66 1328.53 619.009 3.44438 41
56 46 1344.15 576.333 3.84224 1
58 62 1355.46 587.647 3.83282 1
58 70 1361.12 593.304 3.81575 1
58 76 1366.77 598.96 3.81956 1
58 82 1372.43 604.617 3.69202 1
60 20 1332.83 553.706 3.84691 1
62 36 1344.15 565.019 3.85719 1
62 28 1338.49 559.362 3.84535 1
16 50 1315.86 604.617 3.75873 1
16 56 1321.52 610.274 3.73781 1
16 64 1327.18 615.931 3.74954 1
64 44 1349.8 570.676 3.85105 1
64 52 1355.46 576.333 3.83987 1
64 60 1361.12 581.99 3.81944 1
66 68 1366.77 587.647 3.82474 1
66 76 1372.43 593.304 3.81185 1
68 14 1332.83 542.392 3.73107 1
68 20 1338.49 548.049 3.8575 1
68 84 1378.09 598.96 3.74232 1
68 28 1344.15 553.706 3.83572 1
70 36 1349.8 559.362 3.8629 1
72 44 1355.46 565.019 3.85683 1
72 52 1361.12 570.676 3.80387 1
72 58 1366.77 576.333 3.80886 1
74 74 1378.09 587.647 3.77682 1
74 82 1383.74 593.304 3.7138 1
76 12 1338.49 536.735 3.78938 1
76 18 1344.15 542.392 3.85769 1
78 34 1355.46 553.706 3.86494 1
78 26 1349.8 548.049 3.85134 1
20 24 1304.55 581.99 3.73043 1
80 42 1361.12 559.362 3.85782 1
80 50 1366.77 565.019 3.83401 1
80 58 1372.43 570.676 3.82508 1
82 50 1368.53 563.009 3.54433 41
82 66 1378.09 576.333 3.78026 1
82 72 1384.53 579.009 3.43402 41
82 74 1383.74 581.99 3.74382 1
82 80 1389.4 587.647 3.67181 1
84 10 1344.15 531.078 3.79385 1
84 18 1349.8 536.735 3.85843 1
86 34 1361.12 548.049 3.85361 1
86 90 1499.07 288.499 3.31207 42
86 26 1355.46 542.392 3.84395 1
22 32 1310.21 587.647 3.79035 1
22 40 1315.86 593.304 3.8222 1
22 20 1298.89 576.333 3.41014 1
88 54 1389.4 565.019 3.43238 1
88 94 1510.38 288.499 3.25497 42
90 44 1372.43 548.049 3.69855 1
90 14 1352.53 531.009 3.53789 41
90 72 1476.44 288.5 3.19279 42
90 74 1225.35 638.558 3.14353 5
92 10 1349.8 525.421 3.80164 1
92 16 1355.46 531.078 3.79498 1
94 32 1366.77 542.392 3.77396 1
94 48 1431.18 480.833 3.2352 46
94 64 902.912 270.863 3.18203 3
94 24 1361.12 536.735 3.77943 1
24 56 1327.18 604.617 3.7908 1
24 64 1332.83 610.274 3.76608 1
96 72 156.207 746.039 3.10653 35
100 16 1361.12 525.421 3.63163 1
104 36 548 676 3.25033 18
104 52 556 676 3.19075 18
106 0 456.02 389.657 3.25262 5
106 2 140 572 3.23201 4
106 24 1366.77 531.078 3.32481 1
28 80 444 580 3.19848 18
28 24 1310.21 576.333 3.79098 1
30 38 1321.52 587.647 3.80712 1
30 18 1304.55 570.676 3.56288 1
59.397 93.3381 452 564 3.27613 10
70.7107 93.3381 452 556 3.26854 10
45.2548 0 1689.21 152.069 3.22049 27
