0 0 44 732 2.71288 4
0 42 345.068 571.342 2.77934 42
0 30 322.441 571.342 2.73231 42
32 32 1116 83.9999 2.65226 34
32 34 376.824 672.5 2.83656 5
34 16 508 740 2.81679 4
10 38 436 564 2.77144 2
10 10 28 724 2.69396 4
10 46 444 564 2.78983 2
40 50 480.833 684.479 2.67044 44
42 34 371.167 666.843 2.84615 5
42 38 452 548 2.78407 6
42 40 228 636 2.77407 4
42 26 500 732 2.82733 4
44 18 500 740 2.82589 4
50 32 365.511 672.5 2.83053 5
50 30 468 708 2.78224 4
54 2 904 248 2.76459 86
54 22 591.785 751.695 2.77399 5
14 52 446.891 571.342 2.75048 42
56 0 1196 108 2.67893 34
56 2 899.44 254.558 2.79349 46
58 10 888.126 254.558 2.76478 46
64 0 899.44 265.872 2.79898 46
64 10 888.126 265.872 2.777 46
18 0 20 732 2.70804 4
18 56 460 548 2.79219 2
20 26 376.824 389.657 2.79749 5
22 22 252 652 2.78929 4
24 34 252 644 2.80334 4
26 34 382.481 666.843 2.84293 5
30 18 476 724 2.80915 4
30 22 492.146 718.42 2.81878 44
36.7696 36.7696 420 604 2.7712 14
36.7696 11.3137 236 668 2.74433 12
14.1421 48.0833 876 268 2.76735 10
25.4558 19.799 1500 308 2.71731 14
8.48528 25.4558 1500 300 2.717 14
33.9411 53.7401 670.981 763.009 2.67231 15
31.1127 22.6274 468 524 2.79474 14
22.6274 22.6274 1204 116 2.65788 26
