0 14.1421 876 292 2.76669 8
0 45.2548 71.3542 502.794 2.71239 31
32 38 9.12878 429.255 2.83458 7
34 2 599.627 712.764 2.74252 120
34 12 31.7561 417.941 2.89825 7
38 22 26.0992 423.598 2.87728 7
38 28 20.4425 429.255 2.88646 7
40 36 14.7856 434.912 2.8706 7
40 44 9.12878 440.568 2.75803 7
44 12 37.413 423.598 2.89612 7
46 20 31.7561 429.255 2.87651 7
46 28 26.0994 434.912 2.89863 7
12 16 14.7856 400.97 2.83833 7
48 36 20.4425 440.568 2.88576 7
50 0 56.5282 355.009 2.72674 41
50 44 1533.01 435.578 2.67811 42
50 12 43.0698 429.255 2.82699 7
54 18 37.413 434.912 2.80485 7
54 26 31.7562 440.568 2.80432 7
14 24 9.12872 406.627 2.80326 7
56 38 1512 632 2.67349 82
16 32 3.47198 412.284 2.70136 7
20 16 20.4424 406.627 2.8771 7
22 30 9.12878 417.941 2.79335 7
26 40 3.47192 423.598 2.73447 7
26 40 818.059 378.343 2.67035 3
28 14 26.0992 412.284 2.88183 7
30 22 20.4424 417.941 2.88131 7
30 30 14.7856 423.598 2.86628 7
14.1421 2.82843 884 284 2.76949 8
2.82843 0 876 284 2.78415 8
