0 0 884 276 2.70281 16
0 52 1500 324 2.74356 18
0 16 884 284 2.71174 16
0 45.2548 472.991 531.078 2.724 11
32 32 1225.35 468.853 2.84508 1
34 2 48 752 2.75036 160
34 24 1219.7 463.196 2.82585 1
36 16 1214.04 457.539 2.83091 1
10 8 33.9411 735.391 2.74463 120
10 26 1208.38 485.823 2.79177 1
40 34 1231.01 463.196 2.85704 1
40 10 1208.38 451.882 2.7224 1
40 12 1208.53 451.009 2.69436 41
42 42 345.068 560.029 2.72663 40
42 26 1225.35 457.539 2.83603 1
44 18 1219.7 451.882 2.79749 1
48 32 1236.67 457.539 2.79403 1
14 36 1219.7 485.823 2.82099 1
14 42 1225.35 491.48 2.79576 1
16 0 892 276 2.71538 16
18 20 1208.38 474.51 2.81686 1
18 28 1214.04 480.167 2.79484 1
20 46 1231.01 485.823 2.82216 1
22 38 1225.35 480.167 2.80501 1
22 14 1202.72 468.853 2.79328 1
6 48 899.44 277.186 2.74253 46
24 16 1208.53 467.009 2.69232 41
24 6 16 752 2.78488 160
30 38 1231.01 474.51 2.86128 1
30 54 910.754 265.872 2.69962 44
30 16 1208.38 463.196 2.82457 1
48.0833 45.2548 1259.29 208.638 2.71925 9
2.82843 53.7401 916 308 2.73668 10
11.3137 48.0833 932 292 2.69961 10
22.6274 0 1692 508 2.68152 24
