0 0 876 284 2.70962 24
0 0 1468.6 282.177 2.72485 35
0 0 1344.15 598.961 2.72781 39
8 0 1460 188 2.70683 32
8 38 755.834 361.373 2.66857 5
32 0 1462.94 276.52 2.67223 35
36 32 1581.73 746.039 2.75782 3
36 24 1576.08 751.695 2.74953 3
38 0 1672 520 2.70423 82
38 2 314.599 553.706 2.68421 3
44 16 325.913 531.078 2.67839 3
12 42 16.9706 197.99 2.69024 40
22 38 540 436 2.67278 0
6 38 1499.07 299.813 2.70545 44
6 42 1499.07 288.499 2.73888 44
6 22 40 744 2.69005 80
24 42 1436.84 11.3137 2.67278 120
28 32 1587.39 751.695 2.76197 3
28 24 1581.73 757.352 2.74051 3
