0 0 180 764 2.69758 32
0 56 1100.9 446.225 2.59085 37
0 64 28 732 2.6501 0
0 64 43.0699 734.725 2.65661 1
0 20 1436 428 2.75456 18
2 32 139.236 593.304 2.77638 1
8 32 1116 116 2.61891 32
32 0 188 764 2.64504 32
32 0 77.011 508.451 2.65357 19
34 40 1457.28 282.177 2.70749 3
34 48 1462.94 276.52 2.71232 3
38 38 1451.63 276.52 2.69084 3
38 56 1468 268 2.70524 2
10 32 144.893 587.647 2.74684 1
10 40 376 648 2.72632 82
10 42 150.55 593.304 2.74868 1
10 46 1502.54 304.804 2.72575 3
10 64 26.0993 729.068 2.66476 1
10 22 1076 404 2.7293 2
40 48 1460 268 2.6871 2
42 34 1444 268 2.66061 2
46 36 1445.97 270.863 2.63733 3
46 56 105.295 355.716 2.63953 3
46 64 110.952 350.059 2.63433 3
46 18 1664.53 491.009 2.66834 45
12 32 582.656 718.42 2.71193 46
48 0 71.3541 502.794 2.66556 19
14 16 139.236 581.99 2.72821 1
4 0 1428 428 2.77075 18
4 36 1436 660 2.64724 18
16 0 65.6973 440.569 2.69706 17
16 0 1428 420 2.73308 18
16 10 133.579 576.333 2.74899 1
16 40 1559.11 157.726 2.65821 23
16 4 71.3541 355.716 2.68837 23
20 30 304 592 2.6937 162
6 16 133.58 587.647 2.77102 1
24 26 1444 292 2.6845 2
30 54 1468 276 2.70307 2
30 62 1476 276 2.63491 2
2.82843 45.2548 456.02 400.971 2.66241 13
