0 24 1660 484 2.71394 32
0 50.9117 65.6973 350.059 2.7009 29
32 16 376.824 231.265 2.8526 7
34 42 365.511 253.892 2.81002 7
34 50 1691.4 492.146 2.74881 40
36 34 371.167 248.235 2.79072 7
38 26 376.824 242.579 2.81294 7
40 10 388.138 231.265 2.72116 7
40 18 382.481 236.922 2.82295 7
44 34 376.824 253.892 2.80463 7
44 42 371.167 259.549 2.80008 7
46 50 888.126 288.5 2.7189 44
46 28 382.481 248.235 2.78053 7
12 40 348 596 2.70799 20
12 28 354.197 231.265 2.73749 7
50 54 752.362 356.382 2.73686 44
14 22 359.854 225.608 2.75422 7
56 50 876.812 288.5 2.73982 44
56 16 382.481 598.96 2.69963 19
4 16 876 292 2.74933 16
16 52 902.912 270.863 2.70457 21
20 44 891.598 282.177 2.71751 21
20 52 65.6973 451.882 2.72139 23
20 30 359.854 236.922 2.76452 7
22 46 1680.09 492.146 2.77209 40
22 22 365.511 231.265 2.83441 7
24 14 371.167 225.608 2.82883 7
28 32 365.511 242.579 2.80608 7
30 24 371.167 236.922 2.84738 7
56.5685 0 884 276 2.73426 10
56.5685 48.0833 1434.66 587.647 2.72521 11
56.5685 11.3137 892 276 2.73725 10
48.0833 14.1421 892 284 2.72447 10
48.0833 11.3137 331.569 502.794 2.69861 11
50.9117 33.9411 932 268 2.67035 10
33.9411 0 444.707 570.676 2.69882 13
5.65685 0 1684 508 2.80193 24
22.6274 0 1692 508 2.78993 24
