0 14 20 732 3.26225 2
0 84.8528 1259.29 208.638 3.2356 27
8 42 28 724 3.24662 2
32 32 1548 124 3.7384 2
32 40 1556 124 3.79311 2
34 48 1564 124 3.8131 2
34 56 1572 124 3.82673 2
34 64 1580 124 3.79778 2
36 72 1588 124 3.8263 2
36 80 1596 124 3.81228 2
38 2 888.126 265.872 3.16112 44
38 82 1465.13 480.833 3.29016 40
38 22 1540 116 3.75711 2
38 30 1548 116 3.78629 2
40 38 1556 116 3.80373 2
42 46 1564 116 3.805 2
42 54 1572 116 3.81217 2
42 62 1580 116 3.81465 2
44 70 1588 116 3.81646 2
44 78 1596 116 3.7961 2
46 14 1532 108 3.79612 2
46 22 1540 108 3.81977 2
12 66 1580 148 3.69595 2
12 74 1588 148 3.70733 2
48 8 1508 300 3.1544 38
48 38 1556 108 3.81726 2
48 30 1548 108 3.81004 2
50 46 1564 108 3.82225 2
50 54 1572 108 3.82806 2
50 62 1580 108 3.83931 2
50 82 1476 484 3.28804 0
52 70 1588 108 3.83967 2
52 76 1596 108 3.77651 2
54 10 509.117 712.764 3.16883 122
54 14 1532 99.9999 3.7993 2
54 22 1540 99.9999 3.82572 2
58 46 1564 99.9999 3.8126 2
58 52 1572 99.9999 3.78457 2
60 62 1580 99.9999 3.83802 2
60 68 1588 99.9999 3.82734 2
62 38 1556 99.9999 3.80577 2
62 12 1532 91.9999 3.79458 2
62 72 1596 91.9999 3.69538 2
62 22 1540 91.9999 3.81154 2
64 36 1556 91.9999 3.82107 2
64 44 1564 91.9999 3.83855 2
64 28 1548 91.9999 3.8239 2
66 52 1572 91.9999 3.84715 2
66 60 1580 91.9999 3.82869 2
66 72 925.539 304.804 3.37742 1
68 14 1532 83.9999 3.72765 2
68 68 1588 91.9999 3.84242 2
70 20 1540 83.9999 3.81585 2
18 58 1572 140 3.75422 2
72 36 1556 83.9999 3.8284 2
72 28 1548 83.9999 3.80418 2
74 44 1564 83.9999 3.84055 2
74 52 1572 83.9999 3.843 2
74 66 1588 83.9999 3.83277 2
74 72 560.029 684.479 3.4285 44
76 60 1580 83.9999 3.82441 2
78 20 1540 75.9999 3.72495 2
20 66 1580 140 3.77212 2
20 74 1588 140 3.7917 2
20 80 1596 140 3.80744 2
80 34 1556 75.9999 3.83539 2
80 42 1564 75.9999 3.83875 2
80 26 1548 75.9999 3.76996 2
82 50 1572 75.9999 3.82316 2
82 58 1580 75.9999 3.8356 2
84 66 1588 75.9999 3.82409 2
86 72 1604 59.9999 3.47935 2
86 80 1612 59.9999 3.28081 2
22 54 1564 140 3.62246 2
88 34 1556 67.9999 3.79946 2
88 74 373.352 644.881 3.27568 120
88 28 1548 67.9999 3.72636 2
90 42 1564 67.9999 3.82669 2
90 50 1572 67.9999 3.83552 2
90 58 1580 67.9999 3.81709 2
90 72 1544.32 446.891 3.28271 40
92 66 1588 67.9999 3.83318 2
92 18 912.528 267.009 3.25368 41
6 48 36 724 3.20469 2
6 74 1588 156 3.40436 2
24 48 1564 132 3.80994 2
96 34 1556 59.9999 3.7306 2
96 30 1548 59.9999 3.45682 2
98 42 1564 59.9999 3.76943 2
98 48 1572 59.9999 3.79126 2
98 64 1588 59.9999 3.79246 2
98 78 1612 51.9999 3.26926 2
98 22 897.255 276.52 3.32276 1
100 58 1580 59.9999 3.81005 2
26 50 940 452 3.17669 6
26 56 1572 132 3.82346 2
104 36 1556 51.9999 3.61712 2
104 40 1564 51.9999 3.75345 2
104 30 908.568 276.52 3.31033 1
106 48 1572 51.9999 3.77565 2
106 56 1580 51.9999 3.78178 2
106 74 1566.95 458.205 3.15814 40
106 28 904.528 275.009 3.28237 41
108 64 1588 51.9999 3.78462 2
28 42 1556 132 3.65142 2
28 66 1580 132 3.80467 2
28 72 1588 132 3.83596 2
28 80 1596 132 3.82283 2
112 64 356 732 3.23711 4
114 38 1556 43.9999 3.20991 2
114 42 1564 43.9999 3.67776 2
114 48 1572 43.9999 3.69917 2
114 62 1588 43.9999 3.68621 2
30 26 1540 132 3.29374 2
120 58 1657.46 39.598 3.258 46
73.5391 84.8528 241.06 434.912 3.20196 25
98.9949 76.3675 1388 332 3.21545 12
