0 14 922.067 265.872 2.76925 46
0 22 910.754 265.872 2.77394 46
8 0 1076 4 2.70959 32
32 0 1660.93 10.6476 2.76159 1
32 40 916 268 2.74218 4
34 12 829.373 615.931 2.75029 3
36 18 835.029 610.274 2.81077 3
38 26 840.686 604.617 2.8097 3
10 32 899.44 277.186 2.77324 46
10 26 910.754 277.186 2.75219 46
40 34 1124 36 2.70427 0
44 16 829.373 604.617 2.75072 3
46 24 835.029 598.96 2.69761 3
12 16 846.343 632.902 2.7515 3
16 40 1684 516 2.69701 22
18 14 840.686 627.245 2.75599 3
20 22 846.343 621.588 2.7435 3
22 30 852 615.931 2.74409 3
28 12 835.029 621.588 2.76147 3
28 20 840.686 615.931 2.80217 3
30 28 846.343 610.274 2.80964 3
50.9117 28.2843 1300 204 2.68632 24
25.4558 0 1655.27 16.3044 2.75017 9
