0 0 914.225 519.765 2.71111 35
0 32 1264.95 146.412 2.70358 35
0 42 1508 300 2.73688 4
0 30 1338.49 287.834 2.75653 7
8 0 1344.15 632.902 2.73288 39
32 38 884 284 2.71776 4
36 10 1044.33 310.461 2.70717 5
36 18 1038.68 304.804 2.70279 5
12 34 1044.33 276.52 2.71916 5
20 26 1044.33 287.833 2.71898 5
28 18 1044.33 299.147 2.70677 5
28 26 1038.68 293.49 2.69081 5
28.2843 0 1383.74 649.872 2.70337 27
28.2843 39.598 1429 661.186 2.6869 31
5.65685 0 60.0405 446.225 2.71508 29
5.65685 0 1389.4 655.529 2.7153 27
