0 0 180 764 2.72167 32
0 0 1092 100 2.70692 38
0 0 1508 316 2.72247 20
0 48 1078.27 106.814 2.68744 39
0 14.1421 876 276 2.72537 12
0 2.82843 876 284 2.74589 12
32 0 188 764 2.68283 32
32 42 348 68.0001 2.77802 4
36 26 340 84.0001 2.76717 4
38 34 340 76.0001 2.75465 4
38 56 670.981 763.009 2.70909 7
40 40 340 68.0001 2.75889 4
46 32 332 76.0001 2.70972 4
12 22 364 92.0001 2.7472 4
52 44 140 596 2.70431 22
52 28 670.981 763.009 2.67711 21
14 0 11.3137 758.018 2.75639 120
4 36 884 284 2.74188 22
18 12 356 100 2.74785 4
20 0 33.9411 758.018 2.73713 120
20 52 876 292 2.74378 22
22 36 356 76.0001 2.79775 4
24 44 356 68.0001 2.76105 4
26 12 348 100 2.73671 4
26 20 348 92.0001 2.7362 4
28 4 818.059 367.029 2.68631 23
28 26 348 84.0001 2.76663 4
30 34 348 76.0001 2.77603 4
53.7401 53.7401 516 364 2.70265 12
