0 0 999.078 208.638 2.70829 39
0 56 277.186 729.734 2.70161 40
0 64 277.186 741.048 2.73625 40
0 28.2843 71.3541 457.539 2.71882 25
0 16.9706 65.6973 451.882 2.74273 25
8 58 1680.09 492.146 2.72998 40
32 28 1268 476 2.86616 0
34 12 1268 460 2.77697 0
34 20 1268 468 2.83738 0
36 44 1276 492 2.85668 0
38 38 1276 484 2.86825 0
38 54 1276 500 2.8388 0
40 56 218.432 344.402 2.69046 33
40 24 212.776 338.745 2.71399 33
40 30 1276 476 2.84719 0
42 22 1276 468 2.77893 0
44 46 1284 492 2.71341 0
12 40 1252 492 2.86487 0
12 48 1252 500 2.85822 0
14 32 1252 484 2.8793 0
4 28 897.255 276.52 2.71896 7
16 64 842.871 254.558 2.7005 42
16 24 1252 476 2.85013 0
18 18 1252 468 2.86236 0
20 42 1260 492 2.84472 0
20 12 1252 460 2.84407 0
20 50 1260 500 2.86224 0
22 0 33.9411 758.018 2.753 120
22 34 1260 484 2.86897 0
24 26 1260 476 2.87299 0
26 58 1268 508 2.70001 0
26 18 1260 468 2.84965 0
28 12 1260 460 2.81826 0
28 52 1268 500 2.83467 0
30 36 1268 484 2.86026 0
30 44 1268 492 2.87414 0
