0 0 180 764 2.72802 32
0 53.7401 876 284 2.77063 14
2 42 464.528 539.009 2.73208 43
8 40 212.776 338.745 2.67224 37
32 0 1349.8 615.931 2.69887 37
32 40 1344.15 610.274 2.65426 37
32 18 456.528 547.009 2.7122 47
32 22 331.569 502.794 2.72757 3
38 32 337.226 485.823 2.65967 3
10 32 320.256 321.775 2.70301 3
4 44 1660.93 89.8436 2.69568 17
16 40 1666.59 84.1867 2.67379 17
16 42 320.256 310.461 2.73252 3
18 36 314.599 316.118 2.72114 3
20 28 308.942 321.775 2.73291 3
26 36 308.942 310.461 2.73292 3
28 30 303.285 316.118 2.70356 3
30 46 308.942 299.147 2.67284 3
36.7696 19.799 1666.59 491.48 2.71414 13
11.3137 48.0833 884 292 2.69207 14
11.3137 48.0833 1610.02 468.853 2.68377 9
