0 0 876 284 2.73801 24
0 0 1440.31 581.99 2.72258 31
0 0 60.0405 457.539 2.71883 29
0 0 1078.27 106.814 2.71419 33
0 32 440.528 579.009 2.72623 43
0 56 574.814 316.118 2.70145 37
0 60 60.0404 446.225 2.72797 23
2 42 448.528 571.009 2.72836 43
32 12 724 11.9999 2.8541 2
32 20 732 11.9999 2.8556 2
32 28 740 11.9999 2.8575 2
38 36 748 3.99994 2.79972 2
38 44 756 3.99994 2.76163 2
38 52 764 3.99994 2.80523 2
40 12 724 3.99994 2.84235 2
40 18 732 3.99994 2.78053 2
14 42 756 27.9999 2.82596 2
16 60 65.6973 451.882 2.71059 23
16 26 740 27.9999 2.81652 2
22 36 748 19.9999 2.82418 2
22 42 756 19.9999 2.82901 2
22 50 764 19.9999 2.74689 2
24 18 732 19.9999 2.84647 2
24 28 740 19.9999 2.83925 2
26 12 724 19.9999 2.74496 2
30 36 748 11.9999 2.8372 2
30 44 756 11.9999 2.84537 2
30 52 764 11.9999 2.84131 2
22.6274 16.9706 1440.31 593.304 2.67662 31
