0 0 140 308 2.75367 8
0 8 1076 412 2.78526 2
0 34 916 268 2.75231 6
0 46 741.048 356.382 2.74319 42
0 18 1512 632 2.73301 86
0 30 439.05 576.333 2.72002 3
0 30 456.528 547.009 2.71829 43
0 16.9706 139.236 593.304 2.70845 9
0 16.9706 1652 3.99994 2.70437 28
0 11.3137 1338.49 287.834 2.73958 15
8 0 148 308 2.74655 0
8 0 1068 404 2.78848 2
14 42 150.55 491.48 2.70016 5
22 46 172 396 2.70831 4
24 26 924 268 2.69167 2
26 10 472.528 531.009 2.74588 47
26 18 433.393 593.304 2.73391 7
26 26 922.067 265.872 2.68056 42
22.6274 0 1644 764 2.74117 24
