0 0 65.6973 350.059 2.7717 15
0 2 876 284 2.77274 4
0 16 180 364 2.69405 20
0 25.4558 1655.27 16.3046 2.71838 15
2 8 897.255 276.52 2.768 7
2 18 891.598 282.177 2.75617 7
32 10 460 244 2.83603 2
32 44 492 236 2.82501 2
34 36 484 236 2.84277 2
36 28 476 236 2.86127 2
38 20 468 236 2.84657 2
10 32 484 260 2.79084 2
40 46 492 228 2.82242 2
40 12 460 236 2.84611 2
42 36 484 228 2.82497 2
44 28 476 228 2.8335 2
46 22 468 228 2.8525 2
12 22 476 260 2.82341 2
48 40 340 596 2.7703 18
48 14 460 228 2.82116 2
48 56 348 596 2.78648 18
54 16 460 220 2.77481 2
54 24 468 220 2.75971 2
14 48 1680.09 492.146 2.80692 40
14 14 468 260 2.82846 2
56 0 1672 520 2.74902 82
58 2 1680.09 514.774 2.7436 42
58 30 458.205 537.401 2.75083 40
62 20 848.528 475.009 2.7284 41
62 30 584 696 2.74947 82
16 8 460 260 2.74986 2
18 32 484 252 2.82096 2
20 24 476 252 2.83898 2
22 16 468 252 2.83175 2
24 8 460 252 2.76046 2
24 42 492 244 2.83558 2
26 34 484 244 2.81624 2
26 50 1691.4 492.146 2.76994 40
28 26 476 244 2.83407 2
30 18 468 244 2.84445 2
48.0833 56.5685 914.225 270.863 2.77428 11
48.0833 48.0833 908.569 276.52 2.77201 11
31.1127 0 320.256 536.735 2.75526 9
