0 72 436 404 3.28055 38
0 45.2548 427.736 610.274 3.32841 11
32 88 12 84 3.51843 6
34 56 44 76 3.53218 6
34 80 20 84 3.55406 6
34 30 68 68 3.57712 6
36 48 52 76 3.54898 6
36 72 28 84 3.55663 6
36 22 76 68 3.57412 6
38 40 60 76 3.55746 6
38 14 84 68 3.57768 6
38 66 36 84 3.53043 6
10 66 464.528 539.009 3.30009 43
10 22 68 44 3.46074 6
40 32 68 76 3.57533 6
40 10 92 68 3.5371 6
40 84 20 92 3.53373 6
42 50 52 84 3.55533 6
42 58 44 84 3.52935 6
44 74 28 92 3.56061 6
44 24 76 76 3.56973 6
46 42 60 84 3.57544 6
46 16 84 76 3.57594 6
46 68 36 92 3.57599 6
46 94 12 100 3.53048 6
12 14 76 44 3.45052 6
48 36 68 84 3.56665 6
48 10 92 76 3.56652 6
48 86 20 100 3.52785 6
50 52 52 92 3.54428 6
50 60 44 92 3.52665 6
50 4 100 76 3.31911 6
50 28 76 84 3.59567 6
52 78 28 100 3.58394 6
54 44 60 92 3.51431 6
54 70 36 100 3.57286 6
54 20 84 84 3.56031 6
54 96 12 108 3.4791 6
14 34 60 52 3.51502 6
14 42 52 52 3.43749 6
56 36 68 92 3.57873 6
56 12 92 84 3.5548 6
56 72 1492 316 3.31177 32
56 88 20 108 3.54092 6
58 56 52 100 3.57207 6
58 30 76 92 3.57938 6
60 72 36 108 3.54287 6
60 80 28 108 3.56392 6
60 22 84 92 3.57396 6
62 48 60 100 3.56745 6
62 102 670.981 763.009 3.3322 7
64 40 68 100 3.57054 6
64 14 92 92 3.54714 6
64 64 44 108 3.56352 6
64 90 20 116 3.54173 6
64 96 1492 324 3.30149 32
66 32 76 100 3.57593 6
66 58 52 108 3.59422 6
66 82 28 116 3.55227 6
68 50 60 108 3.58039 6
68 74 36 116 3.55195 6
68 24 84 100 3.57282 6
70 18 92 100 3.48384 6
18 50 44 60 3.57734 6
18 58 36 60 3.43774 6
18 26 68 52 3.53627 6
72 16 1500 300 3.32383 32
72 68 44 116 3.57611 6
72 80 1500 316 3.31492 32
72 80 1174.44 180.353 3.27795 33
74 34 76 108 3.57055 6
74 60 52 116 3.60643 6
74 84 28 124 3.52837 6
76 52 60 116 3.58342 6
76 76 36 124 3.53104 6
76 28 84 108 3.56093 6
78 44 68 116 3.56389 6
20 44 52 60 3.5651 6
20 68 28 68 3.48756 6
20 18 76 52 3.55878 6
20 76 20 68 3.41197 6
80 70 44 124 3.59511 6
82 38 76 116 3.56396 6
82 62 52 124 3.59018 6
82 30 84 116 3.57258 6
84 54 60 124 3.58805 6
84 80 356 556 3.25487 16
86 46 68 124 3.56741 6
22 36 60 60 3.55221 6
22 10 84 52 3.57388 6
90 38 76 124 3.53698 6
90 56 60 132 3.48205 6
90 64 52 132 3.35101 6
90 72 44 4 3.31734 2
94 50 68 132 3.53215 6
6 44 456.528 547.009 3.3577 43
24 60 36 68 3.48756 6
24 86 12 76 3.48469 6
96 8 1508 292 3.28696 32
96 8 1259.29 208.638 3.29931 39
96 42 76 132 3.50083 6
96 72 376.824 400.97 3.26829 39
96 88 1440.31 253.892 3.2501 37
26 52 44 68 3.55826 6
26 78 20 76 3.55041 6
26 26 68 60 3.5603 6
28 46 52 68 3.54199 6
28 20 76 60 3.571 6
30 38 60 68 3.55817 6
30 12 84 60 3.56102 6
36.7696 101.823 71.3541 457.539 3.30766 15
73.5391 84.8528 556 684 3.30307 26
73.5391 84.8528 331.569 570.676 3.31911 31
84.8528 73.5391 460 716 3.30525 30
67.8822 96.1665 452 708 3.30365 30
2.82843 0 1684 508 3.38889 8
22.6274 96.1665 12 516 3.28569 30
22.6274 98.9949 65.6973 451.882 3.308 15
