0 0 1259.29 208.638 2.74422 21
0 28.2843 382.481 598.96 2.73936 31
0 28.2843 1666.59 491.48 2.74512 25
2 0 1684 508 2.7853 0
8 0 11.3137 758.018 2.76846 120
8 28 1688 552 2.74852 80
36 14 468 140 2.8166 2
36 22 476 140 2.80677 2
38 30 484 140 2.81645 2
10 0 1692 508 2.77537 0
44 0 65.6973 451.882 2.76851 19
44 22 476 132 2.79698 2
46 30 484 132 2.79643 2
12 16 468 164 2.8182 2
48 38 899.44 277.186 2.76899 44
50 38 884 284 2.74243 4
20 16 468 156 2.82585 2
20 24 476 156 2.80182 2
22 32 484 156 2.80147 2
28 14 468 148 2.81083 2
28 22 476 148 2.80662 2
30 38 492 148 2.79623 2
30 30 484 148 2.80283 2
48.0833 14.1421 908.568 276.52 2.78503 9
48.0833 45.2548 892 276 2.76989 12
42.4264 0 902.912 270.863 2.79183 9
42.4264 36.7696 892 284 2.76794 12
31.1127 0 897.255 276.52 2.7831 9
2.82843 22.6274 916 268 2.74526 14
