0 0 884 276 2.78795 8
0 0 1684 508 2.75501 24
0 38 916 268 2.76608 6
0 16 1684 516 2.73236 16
32 10 460 332 2.83355 6
32 20 452 332 2.82045 6
34 26 444 332 2.72565 6
10 36 436 308 2.80284 6
10 28 444 308 2.80282 6
40 10 460 340 2.81005 6
40 18 452 340 2.80502 6
50 0 1672 520 2.75202 82
50 0 65.6973 451.882 2.75187 3
50 8 1688 520 2.72078 82
16 2 11.3137 758.018 2.79144 120
16 20 452 316 2.79696 6
18 36 436 316 2.81238 6
18 28 444 316 2.792 6
24 0 33.9411 758.018 2.78678 120
24 12 460 324 2.83631 6
24 20 452 324 2.81679 6
26 28 444 324 2.75827 6
14.1421 8.48528 892 284 2.77453 8
