0 0 180 372 2.75641 20
0 25.4558 1242.32 191.667 2.67852 13
0 45.2548 1564 83.9999 2.67038 26
8 0 680 616 2.74902 82
32 0 1508 508 2.70255 2
32 40 173.177 536.735 2.68288 7
34 38 275.001 729.068 2.6396 1
34 10 1516 508 2.92472 2
34 18 1524 508 2.9232 2
36 34 1540 508 2.91033 2
36 26 1532 508 2.87773 2
38 42 286.315 729.068 2.67565 1
10 12 1516 532 2.92116 2
10 20 1524 532 2.91696 2
40 38 1544.32 503.46 2.73825 42
42 2 1508 500 2.65769 2
42 8 1516 500 2.90707 2
42 16 1524 500 2.91834 2
44 32 1540 500 2.91622 2
44 42 1548 500 2.885 2
44 24 1532 500 2.90382 2
12 26 1532 532 2.87478 2
48 0 1508 492 2.73914 2
50 8 1516 492 2.91811 2
50 16 1524 492 2.92541 2
50 24 1532 492 2.89799 2
52 32 1540 492 2.91868 2
52 40 1548 492 2.90516 2
54 44 1700 764 2.66393 0
18 10 1516 524 2.9232 2
18 10 1521.69 526.087 2.74753 42
18 20 1524 524 2.92658 2
20 34 1540 524 2.83229 2
20 44 31.7561 700.784 2.62832 17
20 26 1532 524 2.8792 2
26 10 1516 516 2.91665 2
26 18 1524 516 2.92215 2
28 34 1540 516 2.91584 2
28 26 1532 516 2.89637 2
14.1421 0 1253.64 214.294 2.72013 13
