0 0 71.3541 480.167 2.66373 33
0 0 1610.02 163.383 2.72731 35
0 8 1692 180 2.68455 38
32 18 1301.08 11.3137 2.75554 126
32 26 1336 8 2.71249 86
32 26 868.971 700.784 2.78832 5
34 40 846.343 689.47 2.68636 5
38 34 857.657 700.784 2.78425 5
40 26 863.314 706.441 2.78991 5
42 10 874.628 717.754 2.74552 5
42 20 868.971 712.098 2.73641 5
12 46 863.314 672.5 2.78153 5
48 20 863.314 717.754 2.7508 5
48 28 857.657 712.098 2.75516 5
54 2 899.44 254.558 2.71792 46
54 10 888.126 254.558 2.7273 46
60 0 71.3541 502.794 2.71076 19
60 0 461.677 395.314 2.67689 21
60 36 1683.56 497.137 2.65595 23
62 2 899.44 265.872 2.73023 46
62 34 36 740 2.69617 4
62 10 888.126 265.872 2.68886 46
20 48 857.657 678.156 2.78679 5
22 32 868.971 689.47 2.73021 5
22 40 863.314 683.813 2.78036 5
24 32 1610.02 152.069 2.67107 35
28 60 1666.59 491.48 2.69008 23
30 34 863.314 695.127 2.77448 5
30 40 857.657 689.47 2.72778 5
8.48528 36.7696 818.059 378.343 2.69192 13
53.7401 11.3137 1540 572 2.63854 8
5.65685 0 884 276 2.68938 28
