0 0 1084 4.00001 2.71436 38
0 32 167.521 361.372 2.68207 39
8 10 1666.59 468.853 2.71536 5
32 4 1649.62 485.823 2.75461 5
36 12 1643.96 480.167 2.78725 5
36 18 1638.3 474.51 2.76048 5
38 8 460 548 2.74933 6
40 26 1632.65 468.853 2.72933 5
46 12 1638.3 485.823 2.75753 5
46 18 1632.65 480.167 2.74617 5
48 14 1293.23 16.3046 2.72647 5
54 0 476 556 2.74769 6
54 0 1214.04 38.9319 2.72755 5
54 36 464.528 395.009 2.7316 47
14 0 1666.59 480.167 2.75002 5
16 8 1660.93 474.51 2.73877 5
18 16 1655.27 468.853 2.71867 5
22 24 1649.62 463.196 2.68569 5
24 6 1655.27 480.167 2.75769 5
26 14 1649.62 474.51 2.73201 5
30 22 1643.96 468.853 2.70265 5
53.7401 31.1127 12 516 2.72926 12
