0 0 1129.19 587.647 2.7174 35
0 33.9411 60.0404 446.225 2.71377 31
32 32 488 712 2.73145 80
34 22 1392 16 2.73403 160
10 16 186.676 627.911 2.72628 40
10 22 336.528 571.009 2.74352 41
40 0 908 516 2.7401 36
14 18 564 724 2.73712 0
14 22 548.715 684.479 2.73738 44
16 18 835.029 338.745 2.71987 1
16 24 344.528 563.009 2.74464 41
22 18 376 648 2.73331 80
22 20 1360 16 2.73647 160
22 24 373.352 667.509 2.74611 120
6 16 328.528 563.009 2.74457 41
26 34 472 712 2.71875 80
30 20 395.98 667.509 2.74214 120
30 26 1424 16 2.75566 160
39.598 0 1491.22 293.49 2.74321 9
42.4264 8.48528 884 284 2.73146 10
31.1127 31.1127 460 532 2.74919 10
31.1127 2.82843 1485.57 299.147 2.7213 9
22.6274 36.7696 468 540 2.73889 10
