0 0 65.6973 350.059 2.71292 15
0 0 60.0404 446.225 2.73144 9
0 0 1372.43 321.775 2.69245 27
0 48 452 580 2.74733 18
34 32 1151.81 587.647 2.87399 3
34 40 1157.47 581.99 2.87287 3
34 24 1146.16 593.304 2.83168 3
10 18 1157.47 615.931 2.76718 3
10 26 1163.13 610.274 2.80062 3
40 0 1556 564 2.67651 36
40 0 1666.59 95.5005 2.67047 37
42 32 1146.16 581.99 2.8604 3
42 40 1151.81 576.333 2.86168 3
12 36 444 572 2.69379 18
16 10 1146.16 615.931 2.73502 3
16 18 1151.81 610.274 2.81385 3
18 34 1163.13 598.96 2.833 3
18 26 1157.47 604.617 2.79482 3
24 16 1146.16 604.617 2.80068 3
26 32 1157.47 593.304 2.84399 3
26 40 1163.13 587.647 2.8479 3
26 24 1151.81 598.96 2.82855 3
39.598 0 1621.33 140.755 2.68601 25
39.598 22.6274 1649.62 10.6477 2.64202 31
