0 0 1084 116 2.74591 34
0 0 71.3541 502.794 2.75794 17
0 32 1092 116 2.71346 34
0 38 876 284 2.73752 6
0 20 77.011 508.451 2.74531 17
32 10 625.726 638.558 2.808 5
38 0 1069.15 231.931 2.67545 42
38 18 614.412 638.558 2.79801 5
40 32 1344.15 10.6477 2.70548 39
40 12 620.069 644.215 2.77933 5
14 32 620.069 610.274 2.79312 5
14 24 625.726 615.931 2.81776 5
16 0 77.011 497.137 2.74744 17
20 32 614.412 615.931 2.78395 5
22 16 625.726 627.245 2.78621 5
22 26 620.069 621.588 2.79912 5
24 10 631.383 632.902 2.79112 5
30 18 620.069 632.902 2.80151 5
30 26 614.412 627.245 2.79 5
