0 0 71.3541 502.794 2.75677 25
0 0 110.952 712.098 2.71377 31
0 8 1084 116 2.71919 34
0 56 1508.2 310.461 2.79781 19
12 36 1496.88 310.461 2.75194 19
28 36 1485.57 299.147 2.75491 19
28 56 1491.22 293.49 2.75284 19
36.7696 0 884 284 2.7414 10
36.7696 14.1421 508 380 2.74857 10
36.7696 2.82843 1677.9 491.48 2.72086 13
39.598 39.598 65.6974 451.882 2.70001 29
42.4264 31.1127 436 588 2.72179 8
8.48528 42.4264 461.677 531.078 2.75497 11
33.9411 42.4264 428 604 2.74076 8
11.3137 31.1127 439.05 565.019 2.73818 11
11.3137 45.2548 196 396 2.7574 14
