0 0 1108 540 2.7211 32
0 0 60.0404 446.225 2.75327 9
0 40 1108 548 2.71352 32
0 40 144.893 282.177 2.67359 35
0 14.1421 744.52 361.373 2.73701 15
0 2.82843 750.177 355.716 2.76462 15
0 45.2548 1491.22 293.49 2.72388 29
2 26 667.509 758.018 2.76448 122
32 14 436 252 2.76448 6
32 22 428 252 2.77781 6
34 0 1660.93 10.6476 2.72665 1
34 38 412 260 2.78986 6
38 48 60 356 2.67873 4
40 0 1116 540 2.7211 32
40 16 436 260 2.7514 6
40 24 428 260 2.77099 6
44 46 884 284 2.68488 4
12 32 412 236 2.81471 6
50 48 876 284 2.71464 4
14 24 420 236 2.78205 6
16 18 428 236 2.8206 6
18 10 436 236 2.8045 6
20 34 412 244 2.76963 6
22 26 420 244 2.8006 6
6 20 644.881 735.391 2.74321 122
24 20 428 244 2.81974 6
26 12 436 244 2.8022 6
28 38 412 252 2.81397 6
30 30 420 252 2.79358 6
28.2843 0 1655.27 16.3044 2.72729 9
