0 128 308.942 548.049 3.36472 23
0 104.652 897.255 276.52 3.45608 15
0 127.279 874.628 299.147 3.37117 15
32 56 44 452 3.25377 32
32 70 1196 20 3.70989 6
32 72 572 724 3.52118 22
32 104 1164 28 3.68264 6
34 54 1212 20 3.69121 6
34 58 1204 20 3.7125 6
36 88 1180 28 3.68319 6
36 120 1148 36 3.67557 6
38 46 1220 20 3.65656 6
38 80 1188 28 3.65934 6
38 98 1284 20 3.6188 6
38 114 1156 36 3.67335 6
10 66 605.283 707.107 3.45287 46
40 32 1236 20 3.61857 6
40 104 1164 36 3.65512 6
42 38 1397.24 16.9706 3.53852 46
42 58 1212 28 3.6633 6
42 26 1244 20 3.64512 6
44 48 1220 28 3.61766 6
44 18 1252 20 3.57186 6
44 88 1180 36 3.67083 6
46 42 1228 28 3.6269 6
46 86 1292 28 3.66776 6
46 98 1284 28 3.69263 6
12 116 1148 12 3.6721 6
48 34 1236 28 3.6416 6
48 62 1196 36 3.6927 6
48 66 1204 36 3.68102 6
48 102 1164 44 3.54729 6
50 88 1264 48 3.54089 166
50 90 1292 36 3.68329 6
50 100 1159.66 50.9117 3.51098 46
50 26 1244 28 3.63445 6
52 52 1220 36 3.68987 6
52 18 1252 28 3.58121 6
54 10 1260 28 3.52944 6
54 44 1228 36 3.66418 6
54 76 1196 44 3.63977 6
14 108 1156 12 3.68648 6
56 36 1236 36 3.67721 6
56 68 564 740 3.51027 22
58 14 571.342 729.734 3.46936 46
58 60 1212 44 3.6781 6
58 68 1204 44 3.65457 6
58 26 1244 36 3.61709 6
60 52 1220 44 3.68702 6
62 44 1228 44 3.68399 6
62 68 1193.6 50.9117 3.5591 46
4 114 1148 4.00001 3.4443 6
16 68 1196 4.00001 3.55725 6
16 100 1164 12 3.68756 6
64 36 1236 44 3.68467 6
66 46 1228 52 3.59066 6
66 60 1212 52 3.62143 6
68 54 1220 52 3.64801 6
18 60 1204 4.00001 3.53349 6
18 92 1172 12 3.70003 6
72 64 564 748 3.50749 22
20 84 1180 12 3.70512 6
20 116 1148 20 3.68353 6
22 46 1220 4.00001 3.50326 6
22 76 1188 12 3.71021 6
22 110 1156 20 3.68849 6
24 68 1196 12 3.70076 6
24 102 1164 20 3.70104 6
26 60 1204 12 3.6981 6
26 94 1172 20 3.69069 6
28 52 1212 12 3.66963 6
28 86 1180 20 3.67583 6
28 118 1148 28 3.68848 6
28 122 1140 28 3.42529 6
30 46 1220 12 3.6684 6
30 78 1188 20 3.70303 6
30 22 912.528 267.009 3.33188 47
30 110 1156 28 3.68379 6
50.9117 73.5391 468 516 3.4708 24
50.9117 96.1665 468 532 3.45399 24
16.9706 73.5391 452 516 3.41013 24
16.9706 50.9117 452 508 3.39268 24
67.8822 96.1665 476 532 3.37933 24
67.8822 67.8822 476 516 3.46196 24
