0 0 476 532 2.80614 4
0 0 1420 196 2.74603 32
0 0 569.157 321.775 2.75679 33
0 32 1124 84 2.68922 36
0 32 1420 204 2.70497 32
0 14 514.774 741.048 2.81334 42
0 16 536 744 2.82126 82
8 6 461.677 384 2.77094 3
32 0 580.471 333.088 2.74511 37
32 46 1151.81 112.471 2.69642 1
10 18 1117.87 101.157 2.79863 1
12 26 1123.53 106.814 2.8164 1
14 32 1129.19 112.471 2.82278 1
16 42 1134.84 118.128 2.79704 1
18 48 1140.5 123.785 2.74826 1
18 16 1123.53 95.5004 2.78955 1
20 24 1129.19 101.157 2.83532 1
22 32 1134.84 106.814 2.81254 1
6 8 468 524 2.78036 4
6 36 1123.53 118.128 2.80687 1
6 14 536 728 2.8 82
6 26 1117.87 112.471 2.77104 1
24 40 1140.5 112.471 2.81957 1
24 48 1146.16 118.128 2.77999 1
28 24 1134.84 95.5004 2.83148 1
30 38 1146.16 106.814 2.79427 1
