0 0 1338.49 604.617 2.71092 33
0 0 953.823 140.755 2.70396 39
0 8 919.882 514.108 2.70931 37
0 40 914.226 508.451 2.70969 37
8 0 644.881 735.391 2.73892 122
32 0 1356 164 2.69899 38
32 8 1684 188 2.68769 36
36 34 1388 348 2.70259 2
12 10 1364 372 2.7241 2
12 16 1372 372 2.72499 2
20 32 1388 364 2.74644 2
20 18 1372 364 2.7292 2
20 26 1380 364 2.74743 2
6 8 667.509 735.391 2.73746 122
6 18 723.549 632.902 2.71718 81
26 42 1404 364 2.67128 2
28 26 1380 356 2.74529 2
30 38 1396 356 2.75632 2
39.598 16.9706 54.3837 463.196 2.65319 31
