0 34 1655.27 16.3046 2.7586 7
0 42 752.362 356.382 2.75672 46
0 30 1660.93 10.6477 2.76063 7
8 0 1076 4 2.78216 32
8 32 1076 12 2.72921 32
34 10 348.54 10.6476 2.81846 3
34 20 354.197 4.99084 2.78681 3
40 0 1084 4 2.71004 32
12 38 382.481 10.6476 2.80923 3
12 22 371.167 21.9613 2.76464 3
12 30 376.824 16.3046 2.8127 3
18 12 359.854 21.9613 2.82922 3
18 20 365.511 16.3046 2.82171 3
20 36 376.824 4.99084 2.77541 3
20 28 371.167 10.6476 2.81906 3
24 38 876.812 265.872 2.71957 40
26 12 354.197 16.3046 2.83474 3
26 20 359.854 10.6476 2.81989 3
26 28 365.511 4.99084 2.72571 3
22.6274 45.2548 428 604 2.69481 8
