0 0 1316 172 2.71608 36
0 0 1349.8 615.931 2.67533 35
0 42 345.068 571.342 2.69239 42
0 50 1224 648 2.69783 84
0 50 741.048 356.382 2.71012 46
8 0 999.078 163.383 2.69718 37
8 36 1180 580 2.67435 0
32 0 1308 172 2.68527 36
32 32 1204 580 2.80725 0
34 40 1204 588 2.77072 0
34 14 1212 564 2.81932 0
36 22 1212 572 2.82559 0
38 30 1212 580 2.80933 0
40 38 1212 588 2.75168 0
42 32 1216.22 582.656 2.69711 40
42 22 1220 572 2.70383 0
44 30 1220 580 2.72543 0
46 46 888.126 277.186 2.65918 44
16 42 1188 588 2.8179 0
18 34 1188 580 2.80563 0
20 48 1692 572 2.65804 20
20 26 1196 572 2.73833 0
26 42 1196 588 2.77898 0
26 16 1204 564 2.81313 0
28 24 1204 572 2.81143 0
