2 28 1444 348 2.86511 2
8 36 280.528 675.009 2.86727 41
32 38 1460 324 2.85211 2
32 24 212.776 338.745 2.71395 33
32 30 1452 324 2.86038 2
10 42 280.658 678.156 2.8205 1
10 42 336.528 683.009 2.81573 41
10 30 272.528 667.009 2.86919 41
12 18 1436 340 2.85148 2
14 26 1444 340 2.87478 2
4 0 1684 508 2.76931 16
4 22 1436 348 2.86815 2
16 2 11.3137 758.018 2.75428 120
18 34 1452 340 2.84353 2
18 34 288.528 667.009 2.87359 41
18 40 1460 340 2.83956 2
20 16 1436 332 2.86758 2
22 24 1444 332 2.87041 2
24 0 33.9411 758.018 2.7568 120
24 32 1452 332 2.86826 2
24 32 297.628 661.186 2.80347 1
24 40 1460 332 2.8704 2
24 48 338.883 655.529 2.8405 81
24 48 552.528 723.009 2.79708 41
26 8 1428 324 2.76201 2
26 42 304.528 651.009 2.85876 41
26 42 327.569 644.215 2.84062 81
26 48 1476 332 2.75752 2
30 16 1436 324 2.8655 2
36.7696 53.7401 132 588 2.75046 14
42.4264 33.9411 427.736 598.96 2.71527 15
