0 62 582.656 741.048 3.49212 42
0 72 616.597 741.048 3.51461 42
0 84 1208.38 214.294 3.25369 23
8 82 12 684 3.41669 6
32 34 65.6972 689.47 3.52764 7
34 84 20.4425 712.097 3.56436 7
36 42 60.0403 695.127 3.52375 7
36 14 82.6678 683.813 3.40927 7
36 58 43.0698 700.784 3.51231 7
36 76 28 708 3.54274 6
36 94 12 716 3.59486 6
38 68 36 708 3.52793 6
38 92 14.7856 717.754 3.61747 7
38 24 77.0109 689.47 3.52591 7
38 102 3.47192 729.068 3.31102 7
10 84 9.12878 689.47 3.35052 7
40 20 468 508 3.35649 16
40 30 71.3541 695.127 3.55228 7
42 14 88.3246 689.47 3.3687 7
42 56 48.7266 706.441 3.58603 7
42 100 9.12878 723.411 3.62405 7
44 16 1484 444 3.30315 22
44 64 43.0699 712.097 3.56372 7
44 82 26.0994 717.754 3.61266 7
44 98 12 724 3.64725 6
46 46 60.0403 706.441 3.56394 7
46 72 37.413 717.754 3.64866 7
46 20 82.6678 695.127 3.46801 7
46 90 20 724 3.65057 6
46 90 20.4425 723.411 3.64217 7
12 42 48.7267 672.499 3.4887 7
48 54 54.3835 712.097 3.60636 7
48 98 14.7856 729.068 3.6535 7
48 28 77.0109 700.784 3.48283 7
50 36 71.3541 706.441 3.54679 7
50 100 12 732 3.65533 6
52 36 1476 444 3.32232 22
52 62 48.7267 717.754 3.59977 7
52 24 476 508 3.34159 16
54 42 65.6972 712.097 3.56033 7
54 18 88.3246 700.784 3.42849 7
54 72 43.0699 723.411 3.65784 7
54 86 26.0993 729.068 3.64477 7
54 94 20 732 3.64336 6
54 112 4 740 3.34897 6
14 50 43.0698 678.156 3.54386 7
56 50 60.0403 717.754 3.57858 7
56 24 82.6678 706.441 3.51754 7
58 34 77.0109 712.097 3.5295 7
58 78 37.413 729.068 3.6449 7
60 56 54.3836 723.411 3.59279 7
60 96 20 740 3.62541 6
60 104 12 740 3.60824 6
62 42 71.3541 717.754 3.56319 7
62 84 31.7562 734.725 3.635 7
16 32 60.0404 672.5 3.54128 7
16 82 14.7856 695.127 3.49847 7
16 88 9.12878 700.784 3.45731 7
64 48 65.6972 723.411 3.5772 7
64 70 43.0699 734.725 3.57108 7
64 86 28 740 3.58476 6
64 22 88.3246 712.097 3.53554 7
66 74 36 740 3.57265 6
66 100 20.4424 746.038 3.57133 7
66 106 12 748 3.38421 6
66 30 82.6677 717.754 3.57162 7
68 38 77.0109 723.411 3.60011 7
68 82 37.413 740.382 3.52388 7
70 60 54.3836 734.725 3.53068 7
18 40 54.3835 678.156 3.56871 7
18 14 77.011 666.843 3.38657 7
18 58 37.413 683.813 3.52345 7
18 86 12 692 3.49675 6
72 44 71.354 729.068 3.54529 7
72 114 9.12872 757.352 3.27271 7
74 50 65.6973 734.725 3.55917 7
74 66 54.3835 746.038 3.5344 7
74 98 26.0993 751.695 3.43162 7
74 26 88.3246 723.411 3.46984 7
76 34 82.6677 729.068 3.46085 7
76 58 60.0404 740.382 3.54404 7
76 78 43.0699 746.038 3.5228 7
76 110 4 764 3.34045 6
78 82 37.413 751.695 3.48972 7
20 64 31.7561 689.47 3.52948 7
20 22 71.3541 672.5 3.46095 7
80 96 885.941 253.892 3.39057 19
80 26 93.9814 729.068 3.28556 7
82 32 88.3246 734.725 3.43085 7
82 50 71.3541 740.382 3.51045 7
82 92 31.7562 757.352 3.42391 7
84 56 65.6973 746.038 3.47239 7
84 74 48.7267 751.695 3.52895 7
86 40 82.6677 740.382 3.48258 7
86 54 68 748 3.40183 6
86 82 43.0698 757.352 3.53956 7
22 72 26.0994 695.127 3.5317 7
22 30 65.6973 678.156 3.54956 7
88 46 77.011 746.038 3.42743 7
88 90 37.413 763.009 3.39992 7
90 88 40 536 3.14522 80
92 54 71.3541 751.695 3.3528 7
94 62 65.6973 757.352 3.35859 7
94 78 48.7267 763.009 3.42779 7
24 10 82.6678 672.5 3.3737 7
24 82 20.4425 700.784 3.50696 7
24 86 12 700 3.50513 6
98 50 76 756 3.22703 6
98 70 60.0404 763.009 3.29209 7
26 38 60.0404 683.813 3.55944 7
26 62 37.413 695.127 3.53038 7
26 18 77.0109 678.156 3.45108 7
28 74 31.7562 700.784 3.51931 7
28 80 897.255 276.52 3.30097 19
30 54 48.7267 695.127 3.50553 7
30 94 9.12878 712.097 3.48158 7
30 26 71.3541 683.813 3.54395 7
76.3675 110.309 902.912 236.922 3.23755 11
79.196 16.9706 1553.45 140.755 3.1726 27
42.4264 14.1421 532 692 3.32763 10
5.65685 0 1491.22 293.49 3.33719 31
