0 0 1329.36 288.5 2.74782 40
0 0 156.207 451.882 2.7454 1
0 32 1108 548 2.69598 32
0 22 440.528 579.009 2.75307 43
0 25.4558 852 436 2.74419 12
2 34 456.528 563.009 2.76564 43
2 28 448.528 571.009 2.76653 43
8 0 1076 4 2.73548 32
32 8 1084 108 2.67257 34
36 16 580 692 2.77584 6
38 8 656.528 507.009 2.68878 43
40 0 1116 540 2.68638 32
40 0 744.52 632.902 2.68745 33
40 38 44 732 2.67013 4
40 30 44 740 2.65817 4
42 6 891.598 282.177 2.69368 1
12 12 580 668 2.76448 6
12 18 572 668 2.75037 6
48 30 36 740 2.66769 4
18 28 564 676 2.77983 6
20 12 580 676 2.7661 6
20 20 572 676 2.77271 6
26 22 572 684 2.76998 6
26 30 564 684 2.73777 6
28 0 1660.93 10.6476 2.74406 1
28 14 580 684 2.77791 6
36.7696 0 1076 412 2.7318 12
48.0833 0 380 596 2.71342 10
39.598 0 65.6973 451.882 2.70922 11
