0 0 899.44 265.872 2.74845 44
0 0 277.186 741.048 2.74705 42
0 8 899.44 254.558 2.72755 44
0 38 20 732 2.7042 2
0 54 44 732 2.70887 2
0 14.1421 876 292 2.71524 8
32 38 276 652 2.73282 6
34 20 218.432 661.186 2.8274 7
34 28 212.776 666.843 2.85264 7
36 34 207.119 672.499 2.86403 7
36 42 201.462 678.156 2.85607 7
10 46 28 724 2.69469 2
10 22 201.462 644.215 2.78669 7
40 40 276 660 2.75295 6
40 46 1096.53 291.009 2.63787 47
40 20 224.089 666.843 2.72948 7
42 26 218.432 672.499 2.84088 7
44 34 212.776 678.156 2.86341 7
44 42 207.119 683.813 2.86954 7
48 42 492 484 2.67158 0
48 28 224.089 678.156 2.72264 7
52 32 218.432 683.813 2.85435 7
52 40 212.776 689.47 2.85338 7
54 48 1604.36 157.726 2.67265 7
14 0 11.3137 758.018 2.76818 120
58 50 899.44 254.558 2.62692 40
16 24 304.528 395.009 2.70626 47
18 0 33.9411 758.018 2.74725 120
18 12 212.776 644.215 2.85057 7
18 20 207.119 649.872 2.85508 7
18 28 201.462 655.529 2.83397 7
26 12 218.432 649.872 2.85259 7
26 20 212.776 655.529 2.8485 7
26 28 207.119 661.186 2.84991 7
28 34 201.462 666.843 2.80722 7
30 6 1499.07 299.813 2.67899 40
36.7696 36.7696 460 532 2.67518 8
42.4264 45.2548 902.912 316.118 2.62412 15
2.82843 0 876 284 2.74398 8
