0 0 569.157 321.775 2.72301 33
0 0 908.569 265.206 2.77271 15
0 46 888.126 265.872 2.72874 42
0 50 884 276 2.73185 2
0 18 509.117 735.391 2.72985 122
0 11.3137 65.6973 451.882 2.75327 9
32 34 308.942 253.892 2.77486 5
38 20 876.812 254.558 2.7273 46
10 38 325.913 236.922 2.72407 5
42 0 899.44 265.872 2.75207 46
42 18 876.812 265.872 2.75144 46
12 20 331.57 253.892 2.77352 5
14 46 456 536 2.7153 82
14 28 325.913 248.235 2.789 5
16 36 320.256 242.579 2.78951 5
16 46 458.205 526.087 2.71749 42
16 50 469.519 526.087 2.73627 42
18 10 331.57 265.206 2.73759 5
20 18 325.913 259.549 2.76913 5
22 26 320.256 253.892 2.78864 5
24 34 314.599 248.235 2.78563 5
24 42 308.942 242.579 2.75581 5
30 18 320.256 265.206 2.75704 5
30 6 899.44 243.245 2.72509 46
30 26 314.599 259.549 2.77161 5
36.7696 42.4264 348 596 2.75408 10
42.4264 48.0833 876 284 2.75274 8
8.48528 14.1421 908.569 276.52 2.74337 15
11.3137 0 65.6973 440.569 2.7392 9
