32 42 1378.09 191.667 3.78174 1
32 48 1383.74 197.324 3.74426 1
32 90 1406.37 231.265 3.77467 1
34 56 1389.4 202.981 3.76858 1
36 64 1395.06 208.638 3.7869 1
38 0 20 732 3.25751 4
38 32 1378.09 180.353 3.74745 1
38 72 1400.71 214.294 3.78911 1
38 80 1406.37 219.951 3.76394 1
38 102 1423.34 248.235 3.20178 1
38 26 1372.43 174.696 3.29468 1
10 72 1680.09 130.108 3.18236 40
10 72 1376.53 235.009 3.19566 41
40 10 20 724 3.22273 4
40 48 1389.4 191.667 3.78108 1
40 88 1412.03 225.608 3.767 1
42 42 1383.74 186.01 3.76474 1
42 56 1395.06 197.324 3.79343 1
42 96 1417.69 231.265 3.76049 1
44 16 39.598 741.048 3.22747 40
44 64 1400.71 202.981 3.7945 1
46 32 1383.74 174.696 3.76842 1
46 72 1406.37 208.638 3.78181 1
46 80 1412.03 214.294 3.76808 1
46 106 1429 242.579 3.4877 1
12 54 1366.77 214.294 3.57562 1
12 62 1372.43 219.951 3.66362 1
12 70 1378.09 225.608 3.67326 1
48 38 1389.4 180.353 3.73617 1
48 46 1395.06 186.01 3.77238 1
48 86 1417.69 219.951 3.7843 1
50 54 1400.71 191.667 3.78399 1
50 102 1429 231.265 3.71881 1
52 62 1406.37 197.324 3.77631 1
52 70 1412.03 202.981 3.74348 1
52 22 1383.74 163.383 3.70053 1
54 78 1417.69 208.638 3.79797 1
54 110 1434.66 236.922 3.67921 1
54 30 1389.4 169.04 3.74389 1
14 44 1360.53 203.009 3.23815 41
14 76 1383.74 231.265 3.66943 1
56 44 1400.71 180.353 3.77986 1
56 84 1423.34 214.294 3.81038 1
56 94 1429 219.951 3.79234 1
56 120 1660 84 3.07011 38
58 52 1406.37 186.01 3.78123 1
58 100 1434.66 225.608 3.77245 1
58 112 1440.53 235.009 3.31539 41
60 60 1412.03 191.667 3.78177 1
60 20 1389.4 157.726 3.72745 1
60 110 1440.31 231.265 3.73038 1
62 36 1400.71 169.04 3.80794 1
62 14 1383.74 152.069 3.45763 1
62 68 1417.69 197.324 3.76153 1
62 76 1423.34 202.981 3.8064 1
62 26 1395.06 163.383 3.82042 1
62 116 1445.97 236.922 3.70112 1
16 64 1376.53 219.009 3.39867 41
64 44 1406.37 174.696 3.77224 1
64 84 1429 208.638 3.79969 1
66 10 1389.4 146.412 3.56018 1
66 50 1412.03 180.353 3.78747 1
66 92 1434.66 214.294 3.7903 1
66 100 1440.31 219.951 3.78431 1
66 126 16 176 3.18575 160
68 58 1417.69 186.01 3.75889 1
68 68 1423.34 191.667 3.73954 1
68 108 1445.97 225.608 3.77723 1
70 18 1395.06 152.069 3.73394 1
70 76 1429 197.324 3.78374 1
70 26 1400.71 157.726 3.81688 1
70 116 1451.63 231.265 3.67773 1
70 122 1457.28 236.922 3.60111 1
70 122 1456.53 235.009 3.35141 41
18 46 1366.77 202.981 3.50489 1
18 52 1372.43 208.638 3.73188 1
18 60 1378.09 214.294 3.74548 1
18 74 1384.53 227.009 3.41515 41
18 82 1389.4 236.922 3.38709 1
72 34 1406.37 163.383 3.80439 1
72 42 1412.03 169.04 3.79359 1
72 82 1434.66 202.981 3.80218 1
72 90 1440.31 208.638 3.78922 1
74 12 1395.06 140.755 3.39425 1
74 50 1417.69 174.696 3.78359 1
74 58 1423.34 180.353 3.75514 1
74 98 1445.97 214.294 3.77144 1
76 16 1400.71 146.412 3.72459 1
76 18 1400.53 147.009 3.32018 41
76 24 1406.37 152.069 3.80163 1
76 106 1451.63 219.951 3.78393 1
78 66 1429 186.01 3.78913 1
78 74 1434.66 191.667 3.78475 1
78 114 1457.28 225.608 3.71711 1
78 122 1462.94 231.265 3.61348 1
20 68 1383.74 219.951 3.76086 1
20 76 1389.4 225.608 3.73608 1
80 40 1417.69 163.383 3.78979 1
82 48 1423.34 169.04 3.79577 1
82 56 1429 174.696 3.77355 1
82 88 1445.97 202.981 3.79307 1
82 96 1451.63 208.638 3.77421 1
82 118 1464.53 227.009 3.30976 41
82 122 1462.94 242.579 3.22468 1
84 12 1508.2 457.539 3.19699 21
84 64 1434.66 180.353 3.79726 1
84 20 1502.54 451.882 3.20197 21
84 24 1412.03 146.412 3.81201 1
84 104 1457.28 214.294 3.7452 1
84 112 1462.94 219.951 3.71022 1
86 32 1417.69 152.069 3.80793 1
86 72 1440.31 186.01 3.79085 1
22 38 1361.12 197.324 3.29245 1
88 128 1219.7 621.588 3.14102 37
88 38 1423.34 157.726 3.7669 1
88 80 1445.97 191.667 3.78853 1
90 48 1429 163.383 3.79211 1
90 22 1417.69 140.755 3.41586 1
90 88 1451.63 197.324 3.78498 1
90 96 1457.28 202.981 3.78513 1
92 62 1440.31 174.696 3.81547 1
92 104 1462.94 208.638 3.75317 1
92 28 508 348 3.20248 22
92 112 1468.6 214.294 3.60923 1
94 70 1445.97 180.353 3.78738 1
94 114 556 684 3.19263 2
94 114 436 580 3.14941 0
24 44 1500 300 3.21033 22
96 128 71.3542 480.166 3.12954 21
96 38 1429 152.069 3.75432 1
96 78 1451.63 186.01 3.77255 1
96 20 356 564 3.16908 22
96 86 1457.28 191.667 3.77243 1
96 94 1462.94 197.324 3.70488 1
96 102 1468.6 202.981 3.55053 1
98 46 1434.66 157.726 3.74191 1
100 38 1432.53 147.009 3.38359 41
100 54 1440.31 163.383 3.7829 1
100 62 1445.97 169.04 3.78802 1
100 68 1451.63 174.696 3.74034 1
102 106 1479.91 191.667 3.32541 1
26 46 1372.43 197.324 3.43382 1
26 50 1378.09 202.981 3.74426 1
26 58 1383.74 208.638 3.7743 1
26 90 1400.71 236.922 3.55929 1
104 98 1474.25 186.01 3.40049 1
108 36 478.648 514.108 3.20771 23
108 100 476 524 3.27456 16
108 112 476 532 3.19943 16
28 66 1389.4 214.294 3.77204 1
30 36 1366.77 191.667 3.3968 1
30 74 1395.06 219.951 3.74293 1
30 82 1400.71 225.608 3.77379 1
93.3381 115.966 892 252 3.16795 8
14.1421 25.4558 28 724 3.2318 10
62.2254 0 20.4424 700.784 3.24847 11
5.65685 90.5097 1259.29 208.638 3.14052 27
