0 0 1084 116 2.72334 34
0 0 71.3541 502.794 2.74485 17
0 34 277.186 729.734 2.75386 40
0 42 277.186 741.048 2.77707 40
0 16 77.011 508.451 2.73176 17
2 0 899.44 265.872 2.77971 44
2 10 899.44 254.558 2.74779 44
10 10 888.126 254.558 2.76278 44
12 0 888.126 265.872 2.76985 44
16 26 1244 540 2.73218 0
18 0 876.812 265.872 2.76536 44
18 18 1244 532 2.73311 0
24 28 1252 540 2.72776 0
26 20 1252 532 2.73867 0
36.7696 0 852 434.912 2.75643 15
36.7696 8.48528 1076 404 2.70614 12
39.598 28.2843 795.431 344.402 2.70325 31
8.48528 39.598 1068 404 2.70721 8
33.9411 0 1689.21 310.461 2.70681 13
