0 0 144.893 270.863 2.72511 33
32 14 368.528 667.009 2.82625 43
32 14 1089.59 581.99 2.79951 3
32 16 586.128 734.725 2.80308 3
38 2 12 524 2.76814 2
40 14 580.471 729.068 2.79169 3
40 14 552.528 723.009 2.76247 43
14 0 11.3137 758.018 2.79187 120
14 20 456.02 400.971 2.74654 3
20 0 33.9411 758.018 2.77102 120
22 10 1089.59 593.304 2.75765 3
22 16 1095.24 587.647 2.79053 3
24 10 1078.27 593.304 2.7798 3
30 14 28.2843 537.401 2.76168 42
30 22 376.528 659.009 2.78897 43
8.48528 2.82843 670.981 763.009 2.75471 11
