0 56 324 572 3.3271 18
0 60 1496.88 321.775 3.22885 19
0 76.3675 552.187 678.156 3.34008 13
8 104 1508.2 310.461 3.32932 35
32 44 756 588 3.46719 0
32 70 764 612 3.42237 0
34 38 756 580 3.45528 0
34 90 772 628 3.39963 0
36 62 764 604 3.43761 0
36 80 772 620 3.44168 0
38 74 772 612 3.46528 0
38 78 772.804 615.931 3.40002 1
38 98 780 636 3.37875 0
38 98 933.381 752.362 3.31623 40
38 30 756 572 3.40706 0
40 42 764 580 3.42295 0
40 48 764 588 3.42159 0
40 90 780 628 3.39712 0
42 66 772 604 3.46805 0
42 86 778.461 621.588 3.35268 1
42 24 756 564 3.34049 0
44 84 780 620 3.3768 0
46 58 772 596 3.47427 0
46 76 780 612 3.4767 0
46 20 761.49 559.362 3.31548 1
12 48 268 396 3.24528 20
48 50 772 588 3.48347 0
48 68 780 604 3.47234 0
48 26 764 564 3.38696 0
50 44 772 580 3.42104 0
50 20 764 556 3.2868 0
52 36 772 572 3.37578 0
52 62 780 596 3.46327 0
54 34 772.804 570.676 3.3656 1
54 80 788 612 3.40787 0
56 0 1219.7 610.274 3.22129 33
56 42 778.461 576.333 3.42712 1
56 54 780 588 3.42465 0
56 78 789.775 610.274 3.36916 1
56 24 772 564 3.34821 0
58 20 772 556 3.28449 0
60 16 892 284 3.24329 18
60 64 788 596 3.47756 0
62 32 778.461 565.019 3.40362 1
62 56 788 588 3.46298 0
64 38 784.118 570.676 3.43143 1
64 74 796 604 3.40041 0
66 46 789.775 576.333 3.43466 1
66 66 795.432 593.304 3.33502 1
68 14 900 276 3.26272 2
68 66 796 596 3.46065 0
70 58 796 588 3.40588 0
18 58 748 604 3.42218 0
18 66 748 612 3.42357 0
18 78 748 620 3.42026 0
18 82 756 628 3.43012 0
72 88 1491.22 293.49 3.2486 35
74 46 848.528 486.489 3.28341 120
74 60 801.088 587.647 3.32343 1
76 20 892 276 3.25184 18
80 52 832.528 283.009 3.29689 47
22 0 20 732 3.26921 4
22 50 748 596 3.45162 0
24 68 756 612 3.45561 0
24 94 764 636 3.36319 0
24 106 1092 67.9999 3.3532 2
26 10 20 724 3.23307 4
26 42 748 588 3.44789 0
28 60 756 604 3.38618 0
30 38 750.177 581.99 3.29016 1
30 52 756 596 3.45076 0
30 20 899.44 243.245 3.2191 44
30 96 772 636 3.38375 0
73.5391 16.9706 1683.56 497.137 3.24931 29
70.7107 42.4264 908 276 3.28368 10
22.6274 39.598 1684 492 3.22789 26
22.6274 62.2254 1236.67 638.558 3.2495 25
