0 8 1084 116 2.73236 34
0 40 1092 116 2.68609 34
0 40 999.078 163.383 2.70972 35
0 48 1510.38 288.499 2.72206 44
0 25.4558 1338.49 287.834 2.71429 15
38 20 212.776 112.471 2.74867 5
46 14 900 276 2.73335 2
14 36 218.432 84.1866 2.81557 5
14 28 224.089 89.8435 2.81519 5
16 20 868 276 2.72688 20
20 0 11.3137 758.018 2.79132 120
22 36 212.776 89.8435 2.80512 5
22 12 229.746 106.814 2.77477 5
22 20 224.089 101.157 2.78517 5
22 28 218.432 95.5004 2.81441 5
26 0 33.9411 758.018 2.77937 120
30 12 224.089 112.471 2.77812 5
30 20 218.432 106.814 2.77674 5
30 28 212.776 101.157 2.71809 5
28.2843 45.2548 1564.76 434.912 2.67709 27
39.598 45.2548 1060 564 2.67652 26
42.4264 8.48528 884 284 2.74557 10
8.48528 48.0833 801.088 361.373 2.71023 13
45.2548 0 876 284 2.75577 10
