0 42 28 732 3.23764 2
0 22 12 732 3.24803 2
0 30 20 732 3.27926 2
8 74 324 460 3.34179 0
32 78 348 460 3.57633 0
34 62 348 444 3.53765 0
34 70 348 452 3.58314 0
36 54 348 436 3.55219 0
36 94 356 476 3.59327 0
38 38 348 420 3.41534 0
38 46 348 428 3.47122 0
38 80 356 460 3.57144 0
38 102 356 484 3.21805 0
10 46 28 724 3.25852 2
40 72 356 452 3.5401 0
40 86 356.382 469.519 3.21386 40
44 56 356 436 3.54534 0
44 108 884 268 3.19007 16
46 40 356 420 3.48589 0
46 48 356 428 3.51967 0
48 38 1364 11.9999 3.23966 4
48 80 364 460 3.49229 0
48 82 43.0698 451.882 3.25016 1
50 64 364 444 3.54966 0
50 72 364 452 3.48996 0
52 56 364 436 3.53593 0
54 50 364 428 3.53946 0
54 76 43.0699 440.569 3.25705 1
54 90 460 556 3.20707 0
14 82 332 468 3.61232 0
14 90 332 476 3.55396 0
56 34 364 412 3.4532 0
56 42 364 420 3.53307 0
58 66 372 444 3.53668 0
60 50 372 428 3.53341 0
60 58 372 436 3.5324 0
16 74 332 460 3.60077 0
16 80 1095.24 406.627 3.21928 17
64 56 571.342 695.793 3.19096 44
66 34 372 412 3.45526 0
66 22 364 396 3.4372 0
66 24 356.382 401.637 3.35812 40
66 26 364 404 3.46303 0
68 84 900 252 3.11514 16
68 22 526.087 741.048 3.36635 40
70 10 31.7562 519.764 3.23033 7
70 44 380 420 3.48769 0
70 52 380 428 3.48492 0
70 66 195.805 389.657 3.17074 3
18 66 332 452 3.58822 0
72 36 380 412 3.47443 0
72 68 900 244 3.16721 16
74 36 492 492 3.30839 2
74 36 439.05 610.274 3.30535 1
74 56 712 760 3.15257 80
74 22 433.393 593.304 3.39193 1
74 28 380 404 3.50318 0
76 8 1396 244 3.20274 18
76 20 380 396 3.51607 0
78 0 1242.32 191.667 3.27902 7
78 42 696 728 3.23013 80
78 48 1684 492 3.14622 6
78 14 380 388 3.51479 0
78 14 526.087 729.734 3.3836 40
20 92 340 476 3.60082 0
20 98 340 484 3.40748 0
80 20 1404 244 3.1862 18
80 30 388 404 3.50313 0
82 22 388 396 3.51516 0
84 40 852 364 3.16197 0
84 50 1684 500 3.1307 6
84 14 388 388 3.51702 0
86 18 390.323 390.323 3.32043 40
22 62 332 444 3.35764 0
22 84 340 468 3.60895 0
88 16 43.0699 553.705 3.329 7
90 16 396 388 3.32058 0
90 26 1236.67 219.951 3.23807 7
94 0 584 696 3.32766 80
24 68 340 452 3.59984 0
24 76 340 460 3.60674 0
26 60 340 444 3.51252 0
28 54 340 436 3.40281 0
28 94 348 476 3.58608 0
28 100 348 484 3.43276 0
30 46 340 428 3.32394 0
30 86 348 468 3.57472 0
93.3381 0 1652 12 3.29469 14
76.3675 33.9411 1308 468 3.29501 8
14.1421 93.3381 356 556 3.22106 10
14.1421 62.2254 324 540 3.27452 8
48.0833 93.3381 31.7562 700.784 3.1562 15
2.82843 0 44 732 3.2342 12
2.82843 65.0538 316 540 3.24979 8
2.82843 87.6812 356 564 3.25887 10
11.3137 62.2254 260 404 3.26026 12
