0 40 1684 124 3.29007 38
0 64 1676 124 3.27979 38
0 33.9411 269.344 678.156 3.32251 9
8 20 900 724 3.5723 0
8 24 899.44 729.734 3.39479 40
32 2 924 708 3.56404 0
32 12 924 716 3.83499 0
32 20 924 724 3.81651 0
36 52 932 756 3.86075 0
36 60 932 764 3.78253 0
38 36 932 740 3.86629 0
38 44 932 748 3.85384 0
38 28 932 732 3.87085 0
40 2 932 708 3.49064 0
40 12 932 716 3.82432 0
42 14 933.381 718.42 3.50587 40
44 60 940 764 3.79628 0
46 38 940 740 3.84031 0
46 46 940 748 3.80578 0
46 54 940 756 3.79027 0
46 72 1264 48 3.44574 160
46 72 1278.45 33.9411 3.50199 120
46 28 940 732 3.80937 0
48 14 940 716 3.81847 0
52 54 948 756 3.84703 0
52 60 948 764 3.71147 0
54 38 948 740 3.87234 0
54 46 948 748 3.86023 0
54 66 1296 16 3.49823 160
54 22 948 724 3.8069 0
54 30 948 732 3.86155 0
14 34 908 740 3.76924 0
14 14 908 716 3.51059 0
14 26 908 732 3.77853 0
56 14 948 716 3.83136 0
58 66 1328 16 3.49222 160
58 72 1301.08 33.9411 3.5085 120
60 54 956 756 3.85886 0
62 38 956 740 3.87849 0
62 46 956 748 3.85582 0
62 22 956 724 3.83012 0
62 30 956 732 3.87057 0
64 14 956 716 3.83458 0
66 72 1392 48 3.48415 160
68 54 964 756 3.8296 0
70 38 964 740 3.8698 0
70 46 964 748 3.82825 0
70 22 964 724 3.79456 0
70 30 964 732 3.8653 0
72 14 964 716 3.80593 0
74 72 360 664 3.3689 80
76 54 972 756 3.82342 0
78 32 972 732 3.84799 0
78 40 972 740 3.84747 0
20 0 1052 68 3.36112 4
80 16 972 716 3.80695 0
84 56 980 756 3.8518 0
86 32 980 732 3.87296 0
86 40 980 740 3.86983 0
86 48 980 748 3.8553 0
86 24 980 724 3.82648 0
22 36 916 740 3.84291 0
22 44 916 748 3.82478 0
22 56 908 764 3.30048 0
22 20 916 724 3.82107 0
22 28 916 732 3.82024 0
88 16 980 716 3.83672 0
90 72 914.225 157.726 3.31751 1
92 56 988 756 3.84947 0
92 64 988 764 3.80124 0
94 32 988 732 3.86399 0
94 40 988 740 3.87387 0
94 48 988 748 3.85211 0
94 24 988 724 3.82367 0
24 12 916 716 3.82394 0
96 16 988 716 3.83022 0
100 58 996 756 3.83471 0
100 64 996 764 3.78826 0
102 32 996 732 3.85827 0
102 40 996 740 3.86285 0
102 48 996 748 3.83579 0
102 14 996 708 3.5743 0
102 24 996 724 3.78576 0
104 16 996 716 3.80406 0
104 64 1219.7 474.51 3.23303 39
108 58 1004 756 3.82195 0
110 34 1004 732 3.86518 0
110 42 1004 740 3.85934 0
110 48 1004 748 3.82875 0
28 2 1044 68 3.37972 4
28 52 924 756 3.85065 0
112 12 1004 708 3.56634 0
112 18 1004 716 3.81203 0
112 26 1004 724 3.78491 0
114 44 1012 740 3.60902 0
118 34 1012 732 3.63313 0
118 64 919.882 265.206 3.24022 3
30 36 924 740 3.87757 0
30 44 924 748 3.86267 0
30 14 922.067 718.42 3.48057 40
30 60 924 764 3.72612 0
30 28 924 732 3.87574 0
120 12 1012 708 3.43907 0
120 52 1392 16 3.34343 166
120 58 857.657 451.882 3.26568 1
120 18 1012 716 3.74258 0
122 44 1424 16 3.36715 166
124 52 1508 308 3.25573 16
126 34 1456 80 3.37215 166
8.48528 25.4558 557.844 729.068 3.34765 9
124.451 0 840.686 355.716 3.3903 13
2.82843 28.2843 376.824 615.931 3.32961 13
