0 31.1127 20 732 3.25293 10
0 90.5097 959.48 282.177 3.21936 27
32 74 1304.55 661.186 3.68685 5
32 82 1298.89 655.529 3.65963 5
34 90 1293.23 649.872 3.67299 5
34 98 1287.58 644.215 3.67985 5
36 42 1321.52 689.47 3.60193 5
36 50 1315.86 683.813 3.67782 5
36 106 1281.92 638.558 3.69147 5
38 58 1310.21 678.156 3.66137 5
38 66 1304.55 672.5 3.69104 5
10 86 1315.86 638.558 3.54763 5
10 90 1312.53 635.009 3.34949 45
10 94 1310.21 632.902 3.54668 5
40 72 1298.89 666.843 3.66165 5
42 32 1321.52 700.784 3.45535 5
42 40 1315.86 695.127 3.6693 5
42 80 1293.23 661.186 3.64706 5
42 88 1287.58 655.529 3.64612 5
44 48 1310.21 689.47 3.68991 5
44 56 1304.55 683.813 3.68263 5
44 96 1281.92 649.872 3.67679 5
44 104 1276.26 644.215 3.68648 5
46 64 1298.89 678.156 3.69881 5
12 98 1304.55 627.245 3.34375 5
48 8 1428 420 3.25753 34
48 72 1293.23 672.5 3.68896 5
48 24 1321.52 712.098 3.50716 5
50 38 1310.21 700.784 3.65359 5
50 80 1287.58 666.843 3.69256 5
50 88 1281.92 661.186 3.67138 5
52 48 1304.55 695.127 3.696 5
52 96 1276.26 655.529 3.64489 5
52 104 1270.61 649.872 3.67038 5
54 14 1321.52 723.411 3.44561 5
54 62 1293.23 683.813 3.69007 5
54 70 1287.58 678.156 3.68514 5
54 22 1315.86 717.754 3.54487 5
14 106 468 516 3.24271 2
14 106 891.598 282.177 3.34001 5
56 8 1559.11 553.706 3.21829 33
56 78 1281.92 672.5 3.71183 5
56 86 1276.26 666.843 3.71098 5
56 30 1310.21 712.098 3.60496 5
58 38 1304.55 706.441 3.65136 5
58 110 424.528 595.009 3.33274 41
58 114 456.02 559.362 3.34594 1
60 46 1298.89 700.784 3.64751 5
60 52 1293.23 695.127 3.67805 5
60 94 1270.61 661.186 3.6696 5
60 102 1264.95 655.529 3.69257 5
62 14 1315.86 729.068 3.3642 5
62 62 1287.58 689.47 3.68364 5
62 20 1310.21 723.411 3.53117 5
16 80 276 380 3.24929 20
16 84 1310.21 644.215 3.65297 5
64 36 1298.89 712.098 3.56961 5
64 44 1293.23 706.441 3.54765 5
64 50 1287.58 700.784 3.38857 5
64 70 1281.92 683.813 3.67344 5
64 78 1276.26 678.156 3.6962 5
64 110 440.528 579.009 3.32074 41
66 84 1270.61 672.5 3.67638 5
66 30 680.528 531.009 3.27532 45
68 92 1264.95 666.843 3.65967 5
68 100 1259.29 661.186 3.63524 5
18 70 1320.53 659.009 3.27587 45
20 92 1304.55 638.558 3.63694 5
20 100 1298.89 632.902 3.62704 5
22 68 1315.86 661.186 3.68723 5
22 78 1310.21 655.529 3.68563 5
6 100 1310.21 621.588 3.30672 5
24 84 1304.55 649.872 3.67868 5
26 92 1298.89 644.215 3.66392 5
28 52 1321.52 678.156 3.63041 5
28 100 1293.23 638.558 3.6471 5
30 60 1315.86 672.5 3.66992 5
30 68 1310.21 666.843 3.70123 5
30 106 1287.58 632.902 3.5253 5
36.7696 19.799 897.255 276.52 3.27903 15
14.1421 36.7696 28 724 3.24334 10
48.0833 14.1421 908.569 276.52 3.27922 15
62.2254 0 1219.7 610.274 3.17596 25
62.2254 19.799 1436 4 3.22432 14
2.82843 0 44 732 3.23909 12
5.65685 67.8822 1692 500 3.22574 26
