32 40 708 572 3.44486 4
32 84 724 532 3.4324 4
32 6 680.528 595.009 3.2436 43
32 104 732 516 3.4881 4
34 66 716 548 3.50136 4
34 24 700 588 3.44176 4
36 22 699.265 587.647 3.37178 3
36 92 724 524 3.46213 4
38 32 700 580 3.47206 4
38 42 704.922 570.676 3.42514 3
38 50 704.922 559.362 3.42236 3
38 56 708 556 3.47854 4
38 100 724 516 3.46344 4
10 90 1420 3.99994 3.45926 2
10 110 741.048 367.696 3.28736 46
40 32 699.265 576.333 3.41596 3
40 38 700 572 3.45259 4
40 94 721.892 519.765 3.39917 3
42 52 708 564 3.41965 4
42 64 708 548 3.48977 4
42 70 710.579 542.392 3.48619 3
42 18 682.294 593.304 3.33697 3
42 82 716 532 3.50386 4
42 24 687.951 587.647 3.37405 3
44 90 716 524 3.35279 4
46 62 704.922 548.049 3.43273 3
46 20 899.44 243.245 3.3794 46
46 80 710.579 531.078 3.49097 3
46 106 741.048 367.696 3.27959 44
12 32 724 588 3.35296 4
12 50 732 572 3.47556 4
12 22 721.892 598.96 3.335 3
12 104 755.833 531.078 3.31994 3
48 24 682.294 581.99 3.34441 3
48 96 716.235 514.108 3.33094 3
48 102 652 508 3.27683 6
48 106 871.156 486.489 3.23608 122
50 42 692 564 3.35709 4
50 56 699.265 553.706 3.40334 3
50 72 704.922 536.735 3.4614 3
50 86 708 524 3.39834 4
50 90 710.579 519.765 3.35289 3
50 106 650.538 514.774 3.23354 46
54 40 687.951 565.019 3.3464 3
54 50 692 556 3.37728 4
54 66 699.265 542.392 3.45693 3
54 20 899.44 254.558 3.37261 46
54 82 704.922 525.421 3.37195 3
54 22 904 248 3.28577 86
54 24 888 264 3.32196 86
54 30 684 580 3.32984 4
14 0 696.528 627.009 3.30113 43
14 40 724 580 3.37522 4
14 14 716.235 604.617 3.37361 3
14 58 732 564 3.50451 4
14 74 740 548 3.45532 4
14 102 748 524 3.43217 4
56 58 693.608 548.049 3.36937 3
56 96 1638.3 757.352 3.23816 7
56 100 31.7562 700.784 3.21019 23
56 30 888.126 254.558 3.36954 46
58 82 700 524 3.32064 4
60 112 26.0994 706.441 3.18159 23
62 34 676 580 3.32722 4
62 48 684 556 3.42169 4
62 66 692 540 3.41301 4
62 72 692 532 3.43615 4
16 82 740 540 3.5002 4
64 42 676 572 3.3352 4
66 86 848.528 384.666 3.18134 121
68 64 444 556 3.25314 22
68 72 687.951 531.078 3.36269 3
70 70 684 532 3.4403 4
18 48 724 572 3.52112 4
18 66 732 556 3.49315 4
18 90 740 532 3.49047 4
18 24 716.235 593.304 3.35846 3
18 104 750.177 525.421 3.31652 3
72 46 864.528 475.009 3.32038 47
72 88 1227.54 661.852 3.15295 42
20 56 724 564 3.50157 4
20 16 710.579 598.96 3.37948 3
20 74 732 548 3.50594 4
20 30 716 588 3.36392 4
80 74 1676 132 3.15145 4
22 98 740 524 3.50521 4
24 10 704.922 604.617 3.29084 3
24 106 740 516 3.45733 4
26 42 812 660 3.40469 4
26 62 724 556 3.47353 4
26 70 724 548 3.489 4
26 106 738.863 514.108 3.31917 3
26 28 710.579 587.647 3.38023 3
28 0 910.754 231.931 3.26931 46
28 18 704.922 593.304 3.36404 3
28 26 708 588 3.44625 4
30 34 708 580 3.44513 4
30 52 716 564 3.47368 4
30 78 724 540 3.47963 4
30 94 732 524 3.47786 4
48.0833 25.4558 1134.84 50.2457 3.27608 13
50.9117 107.48 1140.5 202.981 3.14138 31
62.2254 90.5097 1146.16 163.383 3.12586 27
70.7107 0 20 732 3.27204 12
