0 0 876 284 3.2694 32
0 80 20 516 3.22965 38
32 56 844 356 3.86068 0
32 64 844 364 3.87158 0
32 72 844 372 3.89171 0
34 32 844 332 3.86943 0
34 40 844 340 3.88915 0
34 48 844 348 3.89046 0
34 24 844 324 3.86078 0
36 16 844 316 3.86158 0
10 46 820 348 3.80779 0
10 54 820 356 3.79081 0
10 30 820 332 3.39343 0
40 56 852 356 3.87613 0
40 64 852 364 3.89699 0
40 72 852 372 3.89817 0
42 32 852 332 3.89453 0
42 40 852 340 3.89777 0
42 48 852 348 3.89039 0
42 78 854.185 379.009 3.60393 40
44 10 852 308 3.69344 0
44 16 852 316 3.87656 0
44 24 852 324 3.87163 0
12 38 820 340 3.77012 0
12 62 820 364 3.70994 0
12 28 489.961 683.813 3.28369 7
48 64 860 364 3.86761 0
48 72 860 372 3.87956 0
48 80 860 380 3.78148 0
50 34 860 332 3.89212 0
50 40 860 340 3.89632 0
50 48 860 348 3.87598 0
50 56 860 356 3.87254 0
50 24 860 324 3.83598 0
52 10 860 308 3.77085 0
52 16 860 316 3.85477 0
14 46 820.244 345.068 3.5288 40
56 58 868 356 3.82884 0
56 66 868 364 3.86082 0
56 72 868 372 3.85992 0
56 80 868 380 3.78311 0
58 34 868 332 3.86192 0
58 42 868 340 3.88481 0
58 48 868 348 3.83094 0
60 10 868 308 3.76034 0
60 16 868 316 3.84247 0
60 26 868 324 3.8562 0
16 62 828 364 3.87956 0
16 70 828 372 3.85697 0
64 66 876 364 3.87888 0
64 74 876 372 3.87999 0
64 82 876 380 3.77707 0
64 82 876.812 379.009 3.49428 40
66 34 876 332 3.88411 0
66 42 876 340 3.89115 0
66 50 876 348 3.86891 0
66 58 876 356 3.86901 0
68 10 876 308 3.78029 0
68 18 876 316 3.89812 0
68 26 876 324 3.8959 0
18 38 828 340 3.8885 0
18 46 828 348 3.90676 0
18 54 828 356 3.90619 0
72 66 884 364 3.87608 0
72 74 884 372 3.86504 0
74 34 884 332 3.8909 0
74 42 884 340 3.88731 0
74 50 884 348 3.87572 0
74 58 884 356 3.86151 0
76 10 884 308 3.82685 0
76 18 884 316 3.89895 0
76 26 884 324 3.89103 0
20 30 828 332 3.85558 0
80 60 892 356 3.78607 0
80 66 892 364 3.68065 0
80 74 892 372 3.45785 0
82 36 892 332 3.84744 0
82 42 892 340 3.84673 0
82 50 892 348 3.83229 0
84 10 892 308 3.84995 0
84 18 892 316 3.87949 0
84 26 892 324 3.87795 0
22 22 828 324 3.80073 0
88 56 900 356 3.52275 0
88 56 1564.76 106.814 3.31612 37
88 80 1559.11 101.157 3.29335 37
90 36 900 332 3.82597 0
90 44 900 340 3.83872 0
90 52 900 348 3.75034 0
92 12 900 308 3.8526 0
92 20 900 316 3.85466 0
92 28 900 324 3.83762 0
6 46 461.677 384 3.39867 1
6 62 478.648 400.971 3.35575 1
24 62 836 364 3.84394 0
24 72 836 372 3.87481 0
96 44 908 340 3.79393 0
98 36 908 332 3.81995 0
98 10 910.754 299.813 3.5808 40
98 10 931.196 502.794 3.25664 5
98 42 922.067 333.754 3.44545 40
98 12 908 308 3.83759 0
100 16 910.754 311.127 3.58051 40
100 20 908 316 3.84038 0
100 28 908 324 3.81569 0
102 38 910.754 333.754 3.56289 40
26 38 836 340 3.88491 0
26 46 836 348 3.90561 0
26 12 831.558 311.127 3.39085 40
26 54 836 356 3.89788 0
106 28 916 324 3.64642 0
28 14 836 316 3.85366 0
28 22 836 324 3.86108 0
28 30 836 332 3.85507 0
25.4558 0 405.109 587.647 3.41926 9
107.48 0 1508 300 3.23428 24
