0 18 480.528 720.666 3.37253 121
0 79.196 1660 484 3.19482 24
32 14 48.5282 507.009 3.19575 41
32 108 1692 500 3.2626 16
34 16 188 260 3.80439 2
34 98 276 268 3.52288 2
36 38 212 260 3.82069 2
36 46 220 260 3.8443 2
36 56 228 260 3.85259 2
36 64 236 260 3.82769 2
36 72 244 260 3.81705 2
36 30 204 260 3.78972 2
38 86 260 260 3.76047 2
38 94 268 260 3.75175 2
10 8 180 284 3.73968 2
10 16 188 284 3.83404 2
10 82 254.558 288.5 3.34987 42
10 24 196 284 3.81279 2
42 12 180 252 3.34543 2
42 16 188 252 3.67458 2
44 38 212 252 3.79772 2
44 46 220 252 3.81965 2
44 54 228 252 3.81541 2
44 62 236 252 3.80136 2
44 70 244 252 3.77701 2
44 30 204 252 3.76405 2
46 78 252 252 3.78745 2
46 86 260 252 3.81349 2
46 94 268 252 3.77843 2
46 102 276 252 3.73154 2
12 34 204 284 3.81773 2
12 40 212 284 3.83648 2
12 48 220 284 3.86594 2
12 56 228 284 3.87029 2
12 64 236 284 3.8686 2
12 72 244 284 3.85559 2
50 22 196 244 3.73927 2
52 38 212 244 3.79514 2
52 46 220 244 3.81781 2
52 54 228 244 3.82736 2
52 62 236 244 3.80946 2
52 30 204 244 3.74503 2
54 78 252 244 3.80573 2
54 86 260 244 3.81116 2
54 94 268 244 3.79198 2
54 102 276 244 3.7467 2
54 104 277.186 243.245 3.40345 42
54 110 284 244 3.33655 2
14 80 252 284 3.8081 2
14 88 260 284 3.79473 2
58 22 196 236 3.73554 2
60 38 212 236 3.79193 2
60 46 220 236 3.81834 2
60 54 228 236 3.82438 2
60 62 236 236 3.81983 2
60 70 244 236 3.79046 2
60 78 252 236 3.76382 2
60 26 197.99 231.931 3.34031 42
60 30 204 236 3.75702 2
62 2 28 724 3.14549 0
62 86 260 236 3.78269 2
62 94 268 236 3.7916 2
62 100 276 236 3.62105 2
64 34 204 228 3.4308 2
66 42 212 228 3.60003 2
66 48 220 228 3.72326 2
68 62 236 228 3.69074 2
68 70 244 228 3.78099 2
68 84 260 228 3.61396 2
68 98 914.225 270.863 3.40824 3
70 0 20 732 3.14648 4
70 78 252 228 3.76323 2
18 8 180 276 3.68379 2
18 16 188 276 3.83826 2
18 18 461.677 531.078 3.38514 7
18 24 196 276 3.83219 2
20 32 204 276 3.79354 2
20 40 212 276 3.83862 2
20 48 220 276 3.86864 2
20 56 228 276 3.86864 2
20 64 236 276 3.86619 2
20 72 244 276 3.86019 2
20 80 252 276 3.81661 2
20 108 1684 500 3.24465 16
22 88 260 276 3.80589 2
6 8 180 292 3.32805 2
6 72 244 292 3.58553 2
6 80 252 292 3.64281 2
26 14 188 268 3.80821 2
26 22 196 268 3.81956 2
28 32 204 268 3.80864 2
28 40 212 268 3.82626 2
28 48 220 268 3.85646 2
28 56 228 268 3.85479 2
28 64 236 268 3.84455 2
28 72 244 268 3.82995 2
30 80 252 268 3.77955 2
30 88 260 268 3.76305 2
16.9706 93.3381 1684 492 3.27829 8
