0 0 1259.29 208.638 3.34292 21
0 8 156 308 3.33086 38
0 32 1242.32 191.667 3.28276 21
8 40 148 308 3.25105 38
32 20 161.864 434.912 3.65431 7
34 12 167.521 429.255 3.64984 7
38 40 156.207 451.882 3.63813 7
38 30 161.864 446.225 3.64377 7
10 16 144.893 417.941 3.51747 7
10 30 133.58 429.255 3.39787 7
40 40 148 316 3.25736 38
40 22 167.521 440.568 3.65918 7
42 14 173.177 434.912 3.65292 7
44 48 156.207 463.196 3.63452 7
12 8 150.55 412.284 3.55445 7
48 24 173.177 446.225 3.64345 7
50 16 178.834 440.568 3.64799 7
52 10 184.491 434.912 3.59376 7
52 48 161.864 468.853 3.65042 7
54 34 173.177 457.539 3.64946 7
54 40 167.521 463.196 3.66433 7
14 32 139.236 434.911 3.63604 7
56 56 526.087 741.048 3.49678 40
56 26 178.834 451.882 3.63462 7
58 18 184.491 446.225 3.63197 7
60 10 190.148 440.568 3.64135 7
60 40 173.177 468.853 3.66525 7
60 50 167.521 474.51 3.65023 7
62 34 178.834 463.196 3.65882 7
16 26 144.893 429.255 3.61678 7
64 28 184.491 457.539 3.66511 7
66 12 195.805 446.225 3.61169 7
66 20 190.148 451.882 3.61289 7
68 44 178.834 474.51 3.58745 7
70 36 184.491 468.853 3.68777 7
70 50 173.177 480.166 3.52326 7
18 8 156.207 417.941 3.62195 7
18 16 150.55 423.598 3.62173 7
72 28 190.148 463.196 3.67058 7
74 12 201.462 451.882 3.64621 7
74 20 195.805 457.539 3.65501 7
76 46 184.491 480.166 3.61122 7
78 38 190.148 474.51 3.66499 7
80 30 195.805 468.853 3.66865 7
82 48 190.148 485.823 3.49594 7
82 14 207.119 457.539 3.6704 7
82 56 836 324 3.32681 4
82 22 201.462 463.196 3.67257 7
86 34 201.462 474.51 3.67913 7
86 40 195.805 480.166 3.6845 7
22 34 144.893 440.568 3.65523 7
90 24 207.119 468.853 3.67638 7
92 10 218.432 457.539 3.59046 7
92 42 201.462 485.823 3.66704 7
92 16 212.776 463.196 3.65668 7
94 34 207.119 480.166 3.68357 7
24 26 150.55 434.911 3.64515 7
96 6 1348 36 3.38057 6
98 26 212.776 474.51 3.66656 7
100 10 224.089 463.196 3.58318 7
100 4 229.746 457.539 3.3825 7
100 18 218.432 468.853 3.67652 7
26 10 161.864 423.598 3.62373 7
26 18 156.207 429.255 3.61415 7
28 42 144.893 451.882 3.59298 7
30 36 150.55 446.225 3.63501 7
14.1421 39.598 1485.57 299.147 3.29606 13
56.5685 0 1148 164 3.38357 8
82.0244 14.1421 1492 444 3.4139 14
33.9411 56.5685 308 524 3.31813 14
16.9706 0 1502.54 316.118 3.34617 13
70.7107 0 1156 164 3.37401 8
53.7401 2.82843 235.403 429.255 3.36804 13
2.82843 0 1508.2 310.461 3.36752 13
