0 38 20 732 3.24833 2
0 70 320.256 321.775 3.19324 1
0 72 732 644 3.20408 2
0 30 12 732 3.21711 2
8 42 28 724 3.23166 2
32 76 1372 628 3.36782 4
34 44 1380 660 3.39868 4
34 68 1372 636 3.33759 4
36 60 1372 644 3.44055 4
36 30 1383.74 672.5 3.28714 5
38 38 1378.09 666.843 3.34085 5
38 52 1372 652 3.38418 4
38 86 1332 372 3.32429 0
38 92 1420 52 3.33588 0
40 28 1380 676 3.3145 4
42 44 1372 660 3.37518 4
42 52 1364 652 3.41349 4
42 70 1361.12 638.558 3.37486 5
42 22 1383.74 683.813 3.27354 5
44 38 1372 668 3.39176 4
44 62 1364 644 3.42545 4
46 72 1364 636 3.38085 4
46 78 1355.46 632.902 3.36629 5
46 82 1356 628 3.3357 4
12 74 1389.4 621.588 3.27223 5
12 86 1388 612 3.2661 4
12 92 348.54 565.019 3.26523 17
50 2 461.677 553.706 3.23054 5
50 50 1364 660 3.36309 4
50 66 1356 644 3.37575 4
50 68 1355.46 644.215 3.35688 5
52 32 1364 676 3.37524 4
52 20 12 540 3.22312 16
52 24 1372 684 3.36407 4
54 42 1364 668 3.37477 4
54 14 1372.43 695.127 3.29195 5
54 60 1356 652 3.36517 4
54 16 1372 692 3.36044 4
54 84 1348 628 3.33451 4
14 58 1395.06 638.558 3.2229 5
14 78 1388 620 3.32669 4
14 82 1383.74 615.931 3.32048 5
56 78 1348 636 3.35183 4
58 70 1348 644 3.34693 4
58 26 1364 684 3.35233 4
60 62 1348 652 3.38146 4
62 34 1355.46 678.156 3.33894 5
62 54 1348 660 3.36745 4
62 20 1364 692 3.3768 4
16 66 1389.4 632.902 3.30949 5
16 70 1388 628 3.31042 4
64 42 1164 548 3.34873 0
64 80 1340 636 3.33674 4
64 82 1460 44 3.21101 0
64 88 1340 628 3.35055 4
66 16 1361.12 695.127 3.33475 5
66 74 1340 644 3.33103 4
66 30 1356 684 3.35881 4
68 38 1340 676 3.38205 4
68 64 1340 652 3.36708 4
68 22 1356 692 3.35912 4
70 48 1340 668 3.39487 4
18 62 1388 636 3.31195 4
72 14 1355.46 700.784 3.36348 5
72 82 1332 636 3.21046 4
74 0 1680.09 537.401 3.23584 42
74 38 1332 676 3.42027 4
74 46 1324 668 3.35789 4
74 48 1332 668 3.40997 4
76 64 1332 652 3.33269 4
78 54 1344.15 666.843 3.3476 5
78 18 1348 700 3.30957 4
78 26 1348 692 3.35472 4
82 38 1324 676 3.25232 4
82 38 1338.49 683.813 3.27599 5
82 18 1344.15 700.784 3.28051 5
82 72 1392 48 3.25762 166
84 28 1340 692 3.33106 4
86 8 1344.15 712.098 3.22318 5
86 20 1340 700 3.30152 4
22 82 1380 620 3.32876 4
88 14 1340 708 3.24924 4
90 44 1668.77 492.146 3.20308 46
94 18 1684 492 3.21703 6
6 46 36 724 3.19027 2
24 56 1388 644 3.37972 4
24 74 1380 628 3.3281 4
96 22 1676 492 3.24559 6
96 30 1668 492 3.26797 6
26 48 1388 652 3.37545 4
26 54 716 748 3.25662 0
26 66 1380 636 3.30655 4
28 76 1372.43 627.245 3.34132 5
30 34 1389.4 666.843 3.25591 5
30 82 1366.77 621.588 3.3029 5
73.5391 84.8528 891.598 282.177 3.19912 27
39.598 11.3137 876 332 3.16646 12
87.6812 8.48528 1581.73 565.019 3.20005 9
45.2548 11.3137 1559.11 553.706 3.19653 15
90.5097 67.8822 902.912 270.863 3.23544 27
90.5097 90.5097 885.941 276.52 3.23598 27
