0 101.823 44 732 3.30643 10
0 87.6812 20 732 3.30628 10
8 54 9.12872 666.843 3.38426 1
32 58 26.0993 649.872 3.72486 1
34 52 20.4424 644.215 3.73877 1
36 44 14.7856 638.558 3.73152 1
36 76 43.0699 655.529 3.77534 1
36 82 48.7267 661.186 3.5707 1
38 36 9.12872 632.902 3.6838 1
38 68 37.413 649.872 3.76872 1
10 48 331.569 570.676 3.30475 3
10 66 308.942 649.872 3.30841 1
40 52 26.0993 638.558 3.73913 1
40 60 31.7561 644.215 3.75825 1
42 26 316 556 3.25651 2
44 46 20.4424 632.902 3.76386 1
44 78 48.7267 649.872 3.78331 1
44 86 54.3835 655.529 3.67674 1
46 38 14.7856 627.245 3.75309 1
46 70 43.0699 644.215 3.77452 1
46 98 88.5282 691.009 3.24373 41
48 62 37.413 638.558 3.75215 1
50 22 3.47186 615.931 3.6103 1
50 88 60.0404 649.872 3.73269 1
50 96 150.55 683.813 3.29012 1
52 48 26.0993 627.245 3.76635 1
52 80 54.3836 644.215 3.76516 1
54 32 14.7856 615.931 3.74463 1
54 40 20.4424 621.588 3.74367 1
54 72 48.7267 638.558 3.76815 1
54 102 72.5282 691.009 3.28702 41
14 62 20.4424 666.843 3.58027 1
56 56 37.413 627.245 3.74562 1
56 64 43.0699 632.902 3.73296 1
58 16 3.47186 604.617 3.37816 1
58 90 65.6973 644.215 3.74731 1
58 24 9.12872 610.274 3.69045 1
60 40 26.0993 615.931 3.70643 1
60 48 31.7561 621.588 3.71947 1
60 82 60.0404 638.558 3.7556 1
62 34 20.4424 610.274 3.71851 1
62 74 54.3836 632.902 3.77272 1
62 96 77.011 644.215 3.54687 1
16 56 14.7856 661.186 3.58091 1
64 58 43.0699 621.588 3.72172 1
64 66 48.7267 627.245 3.72958 1
64 26 14.7856 604.617 3.70144 1
66 50 37.413 615.931 3.73198 1
66 18 9.12872 598.96 3.65659 1
66 92 71.3541 638.558 3.74587 1
68 10 3.47186 593.304 3.44624 1
68 42 31.7562 610.274 3.72931 1
68 84 65.6973 632.902 3.73981 1
70 76 60.0404 627.245 3.75019 1
18 48 9.12872 655.529 3.54607 1
72 68 54.3835 621.588 3.73728 1
72 28 20.4424 598.96 3.71695 1
74 42 37.413 604.617 3.76262 1
74 52 43.0698 610.274 3.75917 1
74 60 48.7267 615.931 3.72229 1
74 20 14.7856 593.304 3.7086 1
74 84 71.3541 627.245 3.73917 1
74 92 77.011 632.902 3.7293 1
76 12 9.12872 587.647 3.59272 1
78 36 31.7562 598.96 3.71744 1
78 4 3.47189 581.99 3.38683 1
78 78 65.6973 621.588 3.74477 1
78 90 72.5282 627.009 3.31874 41
80 70 60.0404 615.931 3.72186 1
80 96 778.461 632.901 3.25579 7
80 30 26.0993 593.304 3.70371 1
82 54 48.7267 604.617 3.74435 1
82 22 20.4424 587.647 3.7348 1
82 88 77.011 621.588 3.72068 1
84 46 43.0699 598.96 3.75515 1
84 14 14.7856 581.99 3.66062 1
84 20 133.58 565.019 3.32776 17
84 80 71.3541 615.931 3.70014 1
86 38 37.413 593.304 3.71218 1
22 64 26.0993 661.186 3.66505 1
88 32 31.7561 587.647 3.72783 1
88 72 65.6973 610.274 3.7358 1
88 96 884 284 3.2529 36
90 56 54.3835 598.96 3.77124 1
90 66 60.0404 604.617 3.75031 1
90 24 26.0993 581.99 3.73505 1
92 48 48.7267 593.304 3.75113 1
92 16 20.4424 576.333 3.64008 1
92 82 77.011 610.274 3.72927 1
94 40 43.0699 587.647 3.74123 1
24 58 20.4424 655.529 3.67788 1
96 32 37.413 581.99 3.7377 1
96 66 65.6973 598.96 3.75173 1
98 0 14.7856 559.362 3.25974 1
98 58 60.0404 593.304 3.76212 1
98 16 26.0993 570.676 3.6295 1
98 24 31.7561 576.333 3.68803 1
100 10 20.4424 565.019 3.47712 1
100 50 54.3836 587.647 3.76242 1
100 80 82.6678 604.617 3.63012 1
102 42 48.7267 581.99 3.73711 1
102 74 77.011 598.96 3.69877 1
26 50 14.7856 649.872 3.70512 1
26 82 43.0698 666.843 3.48548 1
104 34 43.0699 576.333 3.7257 1
104 68 71.3541 593.304 3.74756 1
104 26 37.413 570.676 3.62788 1
106 58 65.6973 587.647 3.74245 1
108 52 60.0404 581.99 3.74352 1
110 44 54.3836 576.333 3.72556 1
110 74 348 596 3.26623 2
110 22 891.598 248.235 3.33967 7
28 34 3.47189 638.558 3.50698 1
28 42 9.12872 644.215 3.69238 1
28 74 37.413 661.186 3.71168 1
112 16 427.736 553.706 3.27696 19
112 78 356 596 3.28093 2
112 96 876 284 3.28598 36
116 22 897.255 253.892 3.39098 7
30 66 31.7562 655.529 3.72533 1
76.3675 2.82843 9.12872 531.078 3.29907 9
14.1421 48.0833 324 564 3.28751 10
14.1421 87.6812 28 724 3.28963 10
28.2843 82.0244 1532 372 3.26975 8
113.137 22.6274 1593.05 89.8437 3.33989 15
19.799 65.0538 297.628 649.872 3.35772 9
19.799 67.8822 308.942 661.186 3.31406 9
25.4558 82.0244 365.51 400.971 3.28418 9
8.48528 48.0833 1524 348 3.32243 8
8.48528 98.9949 44 724 3.2329 10
2.82843 59.397 340 572 3.41457 10
11.3137 48.0833 1519.51 367.029 3.27338 9
45.2548 96.1665 54.3836 451.882 3.22302 27
22.6274 79.196 54.3836 463.196 3.2494 27
