0 0 874.627 299.147 3.32373 33
0 48 1652 764 3.31941 0
0 72 65.6973 350.059 3.29119 37
32 36 940 36 3.85838 0
32 20 940 20 3.85103 0
32 28 940 28 3.8654 0
34 12 940 12 3.86409 0
34 50 944.695 50.9117 3.48643 40
38 44 948 44 3.77106 0
38 52 948 52 3.77362 0
38 60 948 60 3.70906 0
10 34 916 36 3.45904 0
40 36 948 36 3.84736 0
40 12 948 12 3.85721 0
40 20 948 20 3.86264 0
40 28 948 28 3.86136 0
44 0 320.256 536.735 3.32087 17
46 46 956 44 3.75478 0
46 54 956 52 3.75693 0
46 60 956 60 3.69957 0
48 38 956 36 3.81519 0
48 20 956 20 3.83289 0
48 30 956 28 3.85407 0
50 14 956 12 3.83143 0
54 46 964 44 3.76771 0
54 54 964 52 3.77178 0
54 62 964 60 3.73749 0
14 38 922.067 39.598 3.46662 40
14 42 924 44 3.7353 0
14 50 924 52 3.73742 0
56 38 964 36 3.85005 0
56 66 964 68 3.42414 0
56 22 964 20 3.83882 0
56 30 964 28 3.86779 0
58 14 964 12 3.84878 0
62 46 972 44 3.74524 0
62 54 972 52 3.75912 0
62 62 972 60 3.72811 0
16 34 924 36 3.76624 0
16 26 924 28 3.76211 0
16 26 922.067 28.2843 3.35029 40
64 38 972 36 3.85061 0
64 74 1533.01 639.224 3.41887 44
64 22 972 20 3.84492 0
64 30 972 28 3.86583 0
66 14 972 12 3.84035 0
70 54 980 52 3.77804 0
70 62 980 60 3.72401 0
70 70 980 68 3.69866 0
70 76 1516 636 3.42168 4
72 32 980 28 3.85558 0
72 40 980 36 3.85775 0
72 24 980 20 3.82852 0
74 16 980 12 3.85841 0
74 76 1521.69 639.224 3.42591 44
76 72 988 68 3.73285 0
78 48 988 44 3.78959 0
78 56 988 52 3.79616 0
78 64 988 60 3.75694 0
20 22 924 20 3.52808 0
80 32 988 28 3.87805 0
80 40 988 36 3.86601 0
80 24 988 20 3.8569 0
82 16 988 12 3.86521 0
84 72 996 68 3.77214 0
86 48 996 44 3.77664 0
86 56 996 52 3.78127 0
86 64 996 60 3.76231 0
22 44 932 44 3.69484 0
22 52 932 52 3.733 0
22 14 924 12 3.35608 0
88 32 996 28 3.86883 0
88 40 996 36 3.85805 0
88 24 996 20 3.85555 0
90 8 752.528 363.009 3.33047 41
90 16 996 12 3.85002 0
92 66 1004 60 3.75603 0
92 72 1004 68 3.71396 0
94 50 1004 44 3.76003 0
94 58 1004 52 3.78087 0
24 34 932 36 3.80591 0
24 18 932 20 3.76404 0
24 26 932 28 3.82298 0
96 34 1004 28 3.8107 0
96 42 1004 36 3.79843 0
96 26 1004 20 3.75165 0
100 16 660 516 3.3367 4
100 66 1012 60 3.72661 0
100 18 661.852 514.774 3.35248 44
102 50 1012 44 3.75689 0
102 58 1012 52 3.76599 0
102 58 1012.58 50.9117 3.50091 40
102 74 741.048 367.696 3.34436 44
26 12 932 12 3.6859 0
104 34 1012 28 3.77114 0
104 42 1012 36 3.76281 0
104 72 1638.3 757.352 3.24698 7
104 30 1012 20 3.5142 0
106 42 1023.89 28.2843 3.34188 40
106 18 876.812 492.146 3.29758 40
106 22 652 508 3.36608 4
106 22 650.538 503.46 3.32816 44
110 66 864.528 464.666 3.3582 121
28 16 933.381 16.9706 3.46001 40
30 44 940 44 3.75835 0
30 52 940 52 3.77595 0
30 58 940 60 3.47878 0
28.2843 56.5685 908.569 276.52 3.36421 29
39.598 73.5391 897.255 276.52 3.3953 29
33.9411 8.48528 716.236 570.676 3.37444 11
62.2254 73.5391 891.598 282.177 3.39016 29
22.6274 56.5685 1684 492 3.29537 24
