2 58 486.489 735.391 3.31734 122
2 108 1344.15 89.8437 3.16938 5
8 32 12 756 3.25177 32
8 110 1338.49 95.5005 3.71728 5
32 24 28 748 3.28173 32
32 108 1321.52 112.471 3.8288 5
132 66 1270.61 208.638 3.3293 5
134 58 1281.92 219.951 3.52341 5
36 44 1361.12 163.383 3.87024 5
36 52 1355.46 157.726 3.87902 5
36 68 1344.15 146.412 3.85262 5
38 38 1366.77 169.04 3.72616 5
38 60 1349.8 152.069 3.83181 5
38 76 1338.49 140.755 3.88277 5
38 84 1332.83 135.098 3.88282 5
38 92 1327.18 129.442 3.89347 5
38 100 1321.52 123.785 3.87251 5
40 108 1315.86 118.128 3.88926 5
44 36 1361.12 174.696 3.89729 5
44 44 1355.46 169.04 3.90265 5
44 52 1349.8 163.383 3.90282 5
46 60 1344.15 157.726 3.88832 5
46 68 1338.49 152.069 3.88688 5
46 76 1332.83 146.412 3.91203 5
46 84 1327.18 140.755 3.92066 5
46 92 1321.52 135.098 3.91905 5
46 100 1315.86 129.442 3.90265 5
46 30 1366.77 180.353 3.67063 5
12 62 1366.77 135.098 3.7804 5
48 108 1310.21 123.785 3.8876 5
52 36 1355.46 180.353 3.90517 5
52 44 1349.8 174.696 3.90789 5
52 52 1344.15 169.04 3.90302 5
52 28 1361.12 186.01 3.8935 5
54 60 1338.49 163.383 3.88831 5
54 68 1332.83 157.726 3.90631 5
54 76 1327.18 152.069 3.92029 5
54 20 1366.77 191.667 3.4271 5
54 84 1321.52 146.412 3.92017 5
54 92 1315.86 140.755 3.92009 5
54 100 1310.21 135.098 3.90216 5
14 70 1361.12 129.442 3.83822 5
14 78 1355.46 123.785 3.84253 5
14 86 1349.8 118.128 3.85679 5
14 94 1344.15 112.471 3.84893 5
14 102 1338.49 106.814 3.79771 5
56 108 1304.55 129.442 3.88725 5
60 36 1349.8 186.01 3.90626 5
60 44 1344.15 180.353 3.89795 5
60 52 1338.49 174.696 3.90041 5
60 60 1332.83 169.04 3.88142 5
60 20 1361.12 197.324 3.63633 5
60 28 1355.46 191.667 3.90177 5
62 68 1327.18 163.383 3.89684 5
62 76 1321.52 157.726 3.9023 5
62 84 1315.86 152.069 3.90537 5
62 92 1310.21 146.412 3.89999 5
16 110 1332.83 101.157 3.8174 5
64 100 1304.55 140.755 3.89244 5
64 108 1298.89 135.099 3.88143 5
68 36 1344.15 191.667 3.88821 5
68 44 1338.49 186.01 3.88749 5
68 52 1332.83 180.353 3.88943 5
68 60 1327.18 174.696 3.8854 5
68 68 1321.52 169.04 3.87923 5
68 20 1355.46 202.981 3.79077 5
68 28 1349.8 197.324 3.89397 5
70 76 1315.86 163.383 3.8904 5
70 84 1310.21 157.726 3.89411 5
70 92 1304.55 152.069 3.88246 5
18 54 1368.53 147.009 3.2713 45
72 0 670.981 763.009 3.22003 35
76 34 1338.49 197.324 3.89655 5
76 44 1332.83 191.667 3.89554 5
76 12 1355.46 214.294 3.72105 5
76 20 1349.8 208.638 3.83538 5
76 26 1344.15 202.981 3.88872 5
78 50 1327.18 186.01 3.89856 5
78 58 1321.52 180.353 3.87063 5
78 66 1315.86 174.696 3.86814 5
78 76 1310.21 169.04 3.90197 5
78 84 1304.55 163.383 3.89985 5
78 90 1298.89 157.726 3.89361 5
78 100 1293.23 152.069 3.89111 5
20 54 1366.77 146.412 3.83872 5
20 62 1361.12 140.755 3.83004 5
80 106 1287.58 146.412 3.84233 5
82 2 1355.46 225.608 3.3148 5
82 10 1349.8 219.951 3.71149 5
84 34 1332.83 202.981 3.91917 5
84 20 1344.15 214.294 3.82322 5
84 28 1338.49 208.638 3.90371 5
86 42 1327.18 197.324 3.91242 5
86 50 1321.52 191.667 3.90564 5
86 58 1315.86 186.01 3.88843 5
86 66 1310.21 180.353 3.91929 5
86 74 1304.55 174.696 3.92075 5
86 82 1298.89 169.04 3.9201 5
86 90 1293.23 163.383 3.90829 5
22 70 1355.46 135.098 3.83652 5
22 78 1349.8 129.442 3.83803 5
22 86 1344.15 123.785 3.84147 5
22 94 1338.49 118.128 3.83832 5
22 102 1332.83 112.471 3.81799 5
88 98 1287.58 157.726 3.9032 5
88 106 1281.92 152.069 3.80927 5
90 12 1344.15 225.608 3.64113 5
92 34 1327.18 208.638 3.91648 5
92 42 1321.52 202.981 3.91005 5
92 50 1315.86 197.324 3.90478 5
92 58 1310.21 191.667 3.90224 5
92 18 1338.49 219.951 3.8215 5
92 26 1332.83 214.294 3.9096 5
94 0 910.754 231.931 3.16933 46
94 66 1304.55 186.01 3.91853 5
94 74 1298.89 180.353 3.91964 5
94 82 1293.23 174.696 3.92495 5
94 90 1287.58 169.04 3.92122 5
6 102 1344.15 101.157 3.71434 5
24 110 1327.18 106.814 3.81055 5
96 106 1276.26 157.726 3.73019 5
98 18 1332.83 225.608 3.7938 5
100 8 899.44 243.245 3.15712 46
100 34 1321.52 214.294 3.92381 5
100 42 1315.86 208.638 3.92474 5
100 50 1310.21 202.981 3.91373 5
100 26 1327.18 219.951 3.91578 5
102 58 1304.55 197.324 3.90148 5
102 66 1298.89 191.667 3.93133 5
102 74 1293.23 186.01 3.93246 5
102 82 1287.58 180.353 3.93117 5
102 90 1281.92 174.696 3.92526 5
102 98 1276.26 169.04 3.90074 5
106 14 888.126 254.558 3.20597 46
106 18 1327.18 231.265 3.38947 5
106 26 1321.52 225.608 3.88598 5
106 26 1320.53 227.009 3.40588 45
108 34 1315.86 219.951 3.92394 5
108 42 1310.21 214.294 3.91411 5
108 50 1304.55 208.638 3.89543 5
110 38 1312.53 219.009 3.48251 45
110 58 1298.89 202.981 3.91912 5
110 66 1293.23 197.324 3.9325 5
110 74 1287.58 191.667 3.93093 5
110 82 1281.92 186.01 3.92416 5
110 90 1276.26 180.353 3.92417 5
110 98 1270.61 174.696 3.74304 5
28 46 1366.77 157.726 3.81174 5
28 52 1361.12 152.069 3.85561 5
116 34 1310.21 225.608 3.82566 5
116 42 1304.55 219.951 3.85216 5
116 50 1298.89 214.294 3.84453 5
116 18 888.126 265.872 3.18661 46
116 88 1270.61 186.01 3.6793 5
116 24 876.812 265.872 3.17865 46
118 0 20 732 3.27529 4
118 10 28 724 3.25699 4
118 58 1293.23 208.638 3.90079 5
118 66 1287.58 202.981 3.90798 5
118 74 1281.92 197.324 3.90738 5
118 82 1276.26 191.667 3.89558 5
30 60 1355.46 146.412 3.85725 5
30 68 1349.8 140.755 3.84434 5
30 78 1344.15 135.098 3.83775 5
30 86 1338.49 129.442 3.85634 5
30 94 1332.83 123.785 3.86317 5
30 102 1327.18 118.128 3.84875 5
120 82 1272.53 195.009 3.51392 45
122 82 1270.61 197.324 3.40511 5
124 42 1298.89 225.608 3.73411 5
124 50 1293.23 219.951 3.77779 5
124 58 1287.58 214.294 3.76117 5
126 32 1304.55 231.265 3.34728 5
126 64 1281.92 208.638 3.81416 5
126 72 1276.26 202.981 3.79329 5
138.593 8.48528 12 724 3.22557 12
124.451 14.1421 20 724 3.24101 12
