0 8 1151.81 157.726 3.28777 39
0 56 1163.13 191.667 3.3109 35
0 73.5391 461.677 542.392 3.42363 27
8 50 167.521 632.902 3.7146 5
8 104 1492 324 3.40043 34
32 46 156.207 655.529 3.78449 5
32 54 150.55 649.872 3.80026 5
32 102 110.952 621.588 3.77936 5
32 110 105.295 615.931 3.7427 5
34 38 161.864 661.186 3.78488 5
34 86 122.266 632.902 3.74916 5
36 22 173.178 672.5 3.74439 5
36 108 472.991 497.137 3.36646 19
36 30 167.521 666.843 3.77892 5
38 14 178.834 678.156 3.6824 5
38 62 139.237 649.872 3.79673 5
38 72 133.58 644.215 3.78518 5
10 34 178.834 644.215 3.74114 5
10 42 173.177 638.558 3.75053 5
40 8 184.491 683.813 3.45382 5
40 54 144.893 655.529 3.78882 5
40 104 105.295 627.245 3.77608 5
40 112 99.6385 621.588 3.75143 5
42 40 156.207 666.843 3.78072 5
42 88 116.609 638.558 3.75635 5
42 96 110.952 632.902 3.75777 5
44 32 161.864 672.5 3.78492 5
44 72 127.923 649.872 3.76632 5
44 80 122.266 644.215 3.77732 5
44 24 167.521 678.156 3.75703 5
46 16 173.178 683.813 3.68986 5
46 64 133.58 655.529 3.78182 5
12 74 144.893 621.588 3.73239 5
48 48 144.893 666.843 3.75941 5
48 56 139.237 661.186 3.75877 5
48 96 105.295 638.558 3.76069 5
48 104 99.6385 632.902 3.77086 5
50 32 156.207 678.156 3.72074 5
50 40 150.55 672.5 3.73999 5
50 90 110.952 644.215 3.77369 5
52 36 1095.24 406.627 3.3333 21
52 16 1530.82 457.539 3.34903 21
52 74 122.266 655.529 3.75339 5
52 82 116.609 649.872 3.75925 5
52 24 161.864 683.813 3.70499 5
54 16 167.521 689.47 3.50774 5
54 66 127.923 661.186 3.75928 5
14 60 156.207 632.902 3.79677 5
14 68 150.55 627.245 3.77392 5
14 86 139.237 615.931 3.62209 5
14 98 133.58 610.274 3.54584 5
14 30 184.491 649.872 3.48339 5
56 50 139.237 672.5 3.68762 5
56 58 133.58 666.843 3.741 5
56 22 371.167 666.843 3.42598 5
56 98 99.6385 644.215 3.78216 5
56 106 93.9817 638.558 3.78285 5
56 30 150.55 683.813 3.65784 5
58 42 144.893 678.156 3.70468 5
58 90 105.295 649.872 3.80004 5
60 74 116.609 661.186 3.77791 5
60 82 110.952 655.529 3.79943 5
62 66 122.266 666.843 3.75224 5
16 52 161.864 638.558 3.80226 5
16 108 116.609 604.617 3.69669 5
64 36 1089.59 412.284 3.3133 21
64 52 133.58 678.156 3.62209 5
64 58 127.923 672.5 3.71119 5
64 100 93.9817 649.872 3.77415 5
64 104 1500 300 3.35771 34
66 92 99.6385 655.529 3.79415 5
68 76 110.952 666.843 3.77126 5
68 84 105.295 661.186 3.79882 5
70 68 116.609 672.5 3.77381 5
18 36 173.178 649.872 3.78318 5
18 44 167.521 644.215 3.75118 5
18 84 133.58 621.588 3.75106 5
18 92 127.923 615.931 3.74896 5
18 102 122.266 610.274 3.73567 5
72 100 88.3248 655.529 3.38994 5
74 58 122.266 689.47 3.36922 5
74 76 105.295 672.5 3.53963 5
74 82 99.6384 666.843 3.45947 5
78 66 110.952 689.47 3.38937 5
20 76 139.237 627.245 3.75726 5
20 28 178.834 655.529 3.77204 5
22 60 150.55 638.558 3.78987 5
22 68 144.893 632.902 3.76247 5
22 22 184.491 661.186 3.63433 5
22 116 105.295 604.617 3.66315 5
24 46 161.864 649.872 3.74917 5
24 52 156.207 644.215 3.78994 5
24 102 116.609 615.931 3.74727 5
24 110 110.952 610.274 3.72457 5
26 36 167.521 655.529 3.76345 5
26 86 127.923 627.245 3.7636 5
26 94 122.266 621.588 3.75464 5
28 78 133.58 632.902 3.75904 5
28 20 178.834 666.843 3.70692 5
28 30 173.178 661.186 3.752 5
30 62 144.893 644.215 3.80098 5
30 70 139.237 638.558 3.76886 5
30 118 99.6385 610.274 3.68197 5
76.3675 62.2254 1513.85 632.902 3.33665 9
56.5685 19.799 354.197 400.971 3.37662 13
5.65685 96.1665 467.334 536.735 3.41358 27
22.6274 107.48 461.677 531.078 3.40083 27
