0 72 1491.22 293.49 3.24143 37
2 54 818.059 367.029 3.23732 5
32 48 884 292 3.26182 32
32 70 1214.04 740.382 3.69521 3
32 72 1485.57 299.147 3.24062 37
32 76 1219.7 734.725 3.52586 3
32 24 884 284 3.31277 32
34 54 1202.72 751.696 3.70792 3
34 62 1208.38 746.039 3.70537 3
36 46 1197.07 757.352 3.72499 3
36 88 780 636 3.26643 0
38 38 1191.41 763.009 3.40192 3
40 72 1208.38 734.725 3.71367 3
42 48 1191.41 751.696 3.71935 3
42 56 1197.07 746.039 3.71703 3
44 40 1185.75 757.352 3.67989 3
46 88 1214.04 717.754 3.55539 3
48 72 1202.72 729.068 3.71479 3
48 80 1208.38 723.411 3.72419 3
48 24 854.185 492.146 3.32226 46
50 56 1191.41 740.382 3.73414 3
50 64 1197.07 734.725 3.72606 3
52 40 1180.1 751.696 3.69343 3
52 48 1185.75 746.039 3.73392 3
54 32 1174.44 757.352 3.67741 3
54 88 1208.38 712.098 3.61172 3
54 24 1168.78 763.009 3.57198 3
56 74 1197.07 723.411 3.71139 3
56 82 1202.72 717.754 3.69562 3
58 58 1185.75 734.725 3.70382 3
58 64 1191.41 729.068 3.71262 3
60 42 1174.44 746.039 3.70828 3
60 50 1180.1 740.382 3.70301 3
62 34 1168.78 751.696 3.68409 3
62 38 1168.53 747.009 3.32869 43
62 88 1202.72 706.441 3.53017 3
62 26 1163.13 757.352 3.6806 3
64 18 1157.47 763.009 3.59108 3
64 74 1191.41 717.754 3.72501 3
64 82 1197.07 712.098 3.72511 3
64 84 852 140.755 3.27529 7
66 58 1180.1 729.068 3.72257 3
66 66 1185.75 723.411 3.7272 3
66 92 652 508 3.29855 6
68 42 1168.78 740.382 3.71087 3
68 50 1174.44 734.725 3.72115 3
70 34 1163.13 746.039 3.7289 3
70 26 1157.47 751.696 3.71437 3
18 52 1214.04 763.009 3.4985 3
18 60 1219.7 757.352 3.5484 3
72 12 1146.16 763.009 3.43731 3
72 18 1151.81 757.352 3.71296 3
72 76 1185.75 712.098 3.68134 3
72 80 900 300 3.26904 32
74 60 1174.44 723.411 3.7147 3
74 66 1180.1 717.754 3.69458 3
76 44 1163.13 734.725 3.7146 3
76 52 1168.78 729.068 3.70581 3
76 82 856 488 3.28748 82
76 86 871.156 486.489 3.27235 122
78 36 1157.47 740.382 3.70503 3
78 28 1151.81 746.039 3.71239 3
20 78 764 628 3.27046 0
80 12 1140.5 757.352 3.58771 3
80 20 1146.16 751.695 3.70251 3
82 60 1168.78 717.754 3.7179 3
82 68 1174.44 712.098 3.66821 3
84 44 1157.47 729.068 3.73847 3
84 52 1163.13 723.411 3.72815 3
86 36 1151.81 734.725 3.72876 3
86 74 748 364 3.31895 4
86 28 1146.16 740.382 3.71441 3
88 74 1513.85 632.902 3.29257 3
88 76 1536.53 635.009 3.27566 43
88 20 1140.5 746.039 3.71302 3
90 60 1163.13 712.098 3.70028 3
90 74 524 364 3.30713 4
92 46 1151.81 723.411 3.73058 3
92 54 1157.47 717.754 3.72998 3
94 38 1146.16 729.068 3.70012 3
94 30 1140.5 734.725 3.72136 3
96 66 516 372 3.28051 4
96 68 1520.53 635.009 3.27829 43
96 72 1525.17 632.902 3.26915 3
98 54 1151.81 712.098 3.69312 3
98 64 900 164 3.25494 0
100 46 1146.16 717.754 3.73122 3
102 38 1140.5 723.411 3.71995 3
102 30 1134.84 729.068 3.69789 3
26 54 1208.38 757.352 3.63206 3
26 62 1214.04 751.696 3.63645 3
26 68 1219.7 746.039 3.62017 3
26 74 1225.35 740.382 3.28618 3
26 78 772 628 3.28854 0
104 0 1225.35 638.558 3.29148 35
108 40 1134.84 717.754 3.67954 3
108 50 1146.16 706.441 3.26931 3
108 26 1123.53 729.068 3.5744 3
110 32 1129.19 723.411 3.67566 3
28 46 1202.72 763.009 3.41601 3
116 40 1129.19 712.098 3.56339 3
118 32 1123.53 717.754 3.57542 3
30 86 884 508 3.28276 4
79.196 0 1692 500 3.3409 12
50.9117 22.6274 908 276 3.31384 24
62.2254 0 916 268 3.32319 24
90.5097 11.3137 1684 492 3.34639 12
