0 0 20 516 3.21744 32
0 0 277.186 741.048 3.25089 42
0 56 844 356 3.30411 34
0 50.9117 36 740 3.33664 30
32 60 467.334 638.558 3.66262 5
36 12 495.618 678.156 3.77896 5
36 20 489.961 672.5 3.77546 5
38 36 478.648 661.186 3.79776 5
38 44 472.991 655.529 3.75991 5
38 30 484.305 666.843 3.78314 5
40 52 467.334 649.872 3.74816 5
40 60 461.677 644.215 3.68313 5
44 12 489.961 683.813 3.75612 5
44 20 484.305 678.156 3.78155 5
46 36 472.991 666.843 3.79393 5
46 44 467.334 661.186 3.75711 5
46 28 478.648 672.5 3.78648 5
12 14 512.589 661.186 3.77963 5
12 22 506.932 655.529 3.77862 5
52 20 478.648 683.813 3.71218 5
54 36 467.334 672.5 3.77925 5
54 44 461.677 666.843 3.76728 5
54 52 456.02 661.186 3.76123 5
54 14 484.305 689.47 3.56809 5
54 28 472.991 678.156 3.76719 5
14 30 501.275 649.872 3.77038 5
62 34 461.677 678.156 3.74336 5
62 42 456.02 672.5 3.7314 5
62 50 450.364 666.843 3.70709 5
62 14 478.648 695.127 3.6678 5
62 20 472.991 689.47 3.70691 5
62 28 467.334 683.813 3.7363 5
16 6 523.903 672.5 3.34408 5
68 14 472.991 700.784 3.67983 5
68 18 467.334 695.127 3.73675 5
70 34 456.02 683.813 3.75996 5
70 42 450.364 678.156 3.76131 5
70 48 444.707 672.5 3.61658 5
70 26 461.677 689.47 3.74323 5
72 56 1445.97 248.236 3.16115 37
76 18 461.677 700.784 3.73461 5
78 34 450.364 689.47 3.76196 5
78 42 444.707 683.813 3.76356 5
78 14 467.334 706.441 3.68635 5
78 26 456.02 695.127 3.76155 5
20 14 506.932 666.843 3.77734 5
20 20 501.275 661.186 3.7701 5
80 14 932 284 3.32587 6
82 8 1202.72 118.128 3.24219 3
84 18 456.02 706.441 3.75315 5
86 34 444.707 695.127 3.76823 5
86 40 439.05 689.47 3.72286 5
86 26 450.364 700.784 3.76043 5
22 38 489.961 649.872 3.80105 5
22 46 484.305 644.215 3.65703 5
22 30 495.618 655.529 3.79673 5
90 42 268 596 3.33833 2
90 18 243.245 593.97 3.2742 42
92 18 450.364 712.098 3.72651 5
94 34 439.05 700.784 3.76818 5
94 26 444.707 706.441 3.75473 5
24 58 331.57 593.304 3.28792 5
96 40 1460 460 3.24236 6
96 40 277.186 582.656 3.27906 42
100 18 444.707 717.754 3.5944 5
100 24 439.05 712.098 3.67957 5
102 32 433.393 706.441 3.67054 5
104 56 1440.31 253.892 3.15176 37
104 22 260 572 3.30454 2
104 30 496.528 651.009 3.20898 41
108 24 433.393 717.754 3.4685 5
28 14 501.275 672.5 3.74421 5
30 38 484.305 655.529 3.80038 5
30 44 478.648 649.872 3.75799 5
30 52 472.991 644.215 3.72915 5
30 22 495.618 666.843 3.76059 5
30 30 489.961 661.186 3.79863 5
82.0244 2.82843 127.923 581.99 3.24213 11
107.48 0 65.6973 350.059 3.19169 25
