0 0 1510.38 288.5 3.35577 46
0 114 356.382 571.342 3.35014 42
2 108 345.068 571.342 3.34448 42
8 102 258.03 689.47 3.4256 7
32 100 275.001 695.127 3.39913 7
34 18 322.441 616.597 3.27829 40
34 74 572 740 3.5667 0
36 54 372 668 3.60525 0
36 20 1485.57 299.147 3.30695 17
36 90 572 748 3.50347 0
38 34 308.942 638.558 3.55271 7
10 40 280.658 632.901 3.52511 7
10 14 291.971 610.274 3.42604 7
10 58 269.344 644.215 3.51184 7
40 70 364 676 3.59168 0
40 74 364 684 3.58226 0
42 46 291.971 655.529 3.5786 7
42 96 580 756 3.49719 0
46 42 379.009 650.538 3.55184 40
46 46 380 652 3.58948 0
46 78 484.304 734.725 3.48363 7
48 46 379.009 661.852 3.556 40
50 52 380 660 3.5681 0
54 66 380 668 3.60074 0
54 72 380 676 3.58337 0
14 54 348 668 3.58576 0
14 74 548 740 3.54705 0
14 102 260 692 3.43152 0
14 30 286.315 627.245 3.53711 7
56 44 1496.88 299.147 3.29682 17
56 28 1491.22 293.49 3.29531 17
58 66 390.323 661.852 3.54572 40
58 70 280.658 678.156 3.54025 7
60 64 388 668 3.57147 0
16 50 280.658 644.215 3.55708 7
16 82 532 740 3.53214 0
18 2 818.059 367.029 3.23676 7
18 34 291.971 632.901 3.52766 7
18 12 300 612 3.28978 0
18 18 297.628 615.931 3.43124 7
18 104 263.687 695.127 3.39856 7
20 76 556 740 3.5734 0
22 42 356 652 3.54596 0
22 70 556 732 3.54779 0
22 28 297.628 627.245 3.52799 7
6 6 1688 520 3.29383 80
24 8 818.059 378.343 3.28931 7
24 98 288.5 707.107 3.40279 40
26 2 823.716 372.686 3.24989 7
26 38 297.628 638.558 3.55941 7
26 46 356 660 3.58582 0
26 58 364 668 3.6004 0
26 18 303.285 621.588 3.4195 7
26 98 560.029 729.734 3.3591 44
28 70 356 676 3.56846 0
30 78 356 684 3.5741 0
30 90 564 748 3.50147 0
30 98 564 756 3.5265 0
30 106 560.029 718.42 3.31822 44
30 30 303.285 632.901 3.53795 7
25.4558 96.1665 495.618 384 3.35669 9
62.2254 73.5391 1252 212 3.30957 24
62.2254 90.5097 1252 220 3.32607 24
31.1127 90.5097 540 748 3.49264 8
