2 46 461.677 542.392 3.54 3
8 58 461.677 531.078 3.53997 3
32 40 48.7267 446.225 3.34542 39
32 70 1530.82 446.225 3.75687 5
32 30 1564.76 468.853 3.6868 5
34 54 1542.14 457.539 3.75266 5
34 62 1536.48 451.882 3.75986 5
36 46 1547.79 463.196 3.71167 5
36 96 1508.2 434.912 3.69311 5
38 38 1553.45 468.853 3.68931 5
38 78 1519.51 446.225 3.74569 5
38 88 1513.85 440.569 3.7228 5
10 8 1593.05 463.196 3.53223 5
10 18 1587.39 457.539 3.56076 5
10 26 1581.73 451.882 3.53936 5
40 32 1559.11 474.51 3.67956 5
40 72 1525.17 451.882 3.75204 5
42 56 1536.48 463.196 3.7599 5
42 64 1530.82 457.539 3.76458 5
44 48 1542.14 468.853 3.70614 5
44 96 1502.54 440.569 3.69763 5
46 40 1547.79 474.51 3.66863 5
46 80 1513.85 451.882 3.73204 5
46 90 1508.2 446.225 3.70365 5
12 42 1564.76 446.225 3.70995 5
12 50 1559.11 440.569 3.72193 5
12 62 1553.45 434.912 3.71465 5
12 110 1513.85 406.628 3.61966 5
48 72 1519.51 457.539 3.73402 5
50 48 1536.48 474.51 3.66507 5
50 66 1525.17 463.196 3.71218 5
52 56 1530.82 468.853 3.71517 5
54 82 1508.2 457.539 3.71258 5
54 90 1502.54 451.882 3.71098 5
14 34 1570.42 451.882 3.70479 5
14 84 1530.82 423.598 3.73018 5
14 92 1525.17 417.941 3.65461 5
14 102 1519.51 412.284 3.57033 5
56 74 1513.85 463.196 3.71728 5
58 58 1525.17 474.51 3.67747 5
58 66 1519.51 468.853 3.6939 5
60 50 1480.53 483.009 3.48899 45
62 50 1479.91 485.823 3.45363 5
62 82 1502.54 463.196 3.61504 5
16 66 1542.14 434.912 3.75186 5
16 18 1581.73 463.196 3.61293 5
16 76 1536.48 429.255 3.75368 5
16 26 1576.08 457.539 3.6794 5
64 40 54.3837 463.196 3.33565 39
64 76 1508.2 468.853 3.64979 5
64 92 12 516 3.35728 20
64 24 60.0404 457.539 3.19373 39
66 68 1513.85 474.51 3.63883 5
68 60 12 540 3.41702 20
70 60 1519.51 480.167 3.48634 5
18 10 1587.39 468.853 3.52368 5
18 60 1547.79 440.569 3.7461 5
18 108 1508.2 412.284 3.64979 5
20 44 1559.11 451.882 3.71842 5
20 52 1553.45 446.225 3.72357 5
20 92 1519.51 423.598 3.69302 5
20 100 1513.85 417.941 3.62066 5
22 36 1564.76 457.539 3.71136 5
22 86 1525.17 429.255 3.73456 5
6 44 1570.42 440.569 3.54495 5
24 68 1536.48 440.569 3.74293 5
24 18 1576.08 468.853 3.60606 5
24 76 1530.82 434.912 3.72833 5
24 104 1502.54 417.941 3.56677 5
24 28 1570.42 463.196 3.70467 5
26 62 1542.14 446.225 3.73056 5
26 100 1508.2 423.598 3.64537 5
28 44 1553.45 457.539 3.70083 5
28 54 1547.79 451.882 3.7419 5
28 94 1513.85 429.255 3.69149 5
30 38 1559.11 463.196 3.67355 5
30 86 1519.51 434.912 3.7356 5
59.397 90.5097 12 524 3.37444 12
70.7107 82.0244 1440.31 434.912 3.38815 13
