0 74 761.49 627.245 3.29107 1
2 74 439.05 576.333 3.27095 3
2 78 916 268 3.3197 6
2 86 908 268 3.30926 6
8 112 1151.81 157.726 3.23138 37
32 34 660 516 3.2836 2
32 66 982.108 632.902 3.63171 5
32 90 959.48 621.588 3.60661 5
34 32 1204.91 650.538 3.26352 46
34 38 1010.39 649.872 3.37188 5
34 58 987.765 638.558 3.62687 5
34 82 965.137 627.245 3.60106 5
36 32 1212 660 3.24623 6
36 50 993.421 644.215 3.64946 5
36 74 970.794 632.902 3.61639 5
36 108 942.51 615.931 3.56394 5
38 0 20 732 3.2919 4
38 42 999.078 649.872 3.63763 5
38 100 948.167 621.588 3.58446 5
40 60 982.108 644.215 3.64287 5
40 92 953.823 627.245 3.59433 5
42 36 1004.74 655.529 3.54979 5
42 86 959.48 632.902 3.62476 5
42 110 936.853 621.588 3.51682 5
44 52 987.765 649.872 3.61547 5
44 78 965.137 638.558 3.63819 5
46 44 993.421 655.529 3.61568 5
46 24 716 572 3.28439 2
46 102 942.51 627.245 3.56923 5
12 76 982.108 610.274 3.47913 5
48 38 999.078 661.186 3.60289 5
48 62 976.451 649.872 3.65239 5
48 70 970.794 644.215 3.65945 5
50 54 982.108 655.529 3.63313 5
50 88 953.823 638.558 3.62728 5
50 118 872.528 275.009 3.24878 41
50 30 1004.74 666.843 3.63457 5
52 80 959.48 644.215 3.64538 5
54 46 987.765 661.186 3.64859 5
54 72 965.137 649.872 3.66575 5
54 22 1010.39 672.5 3.55658 5
54 98 942.51 638.558 3.61277 5
54 106 936.853 632.902 3.58037 5
14 68 987.765 615.931 3.55485 5
14 82 976.451 604.617 3.31745 5
14 94 908 276 3.31368 6
14 98 248.528 243.009 3.24378 41
56 40 993.421 666.843 3.6481 5
56 64 970.794 655.529 3.66594 5
58 32 999.078 672.5 3.65647 5
58 90 948.167 644.215 3.6665 5
58 114 852 444 3.33184 2
60 56 976.451 661.186 3.62414 5
60 82 953.823 649.872 3.64257 5
60 24 1004.74 678.156 3.59715 5
62 50 982.108 666.843 3.66109 5
62 16 1010.39 683.813 3.45269 5
62 76 959.48 655.529 3.62655 5
62 100 936.853 644.215 3.5731 5
62 104 931.196 638.558 3.41567 5
16 60 993.422 621.588 3.56791 5
64 42 987.765 672.5 3.66271 5
64 66 965.137 661.186 3.65527 5
66 34 993.421 678.156 3.65073 5
66 60 970.794 666.843 3.64531 5
66 92 942.51 649.872 3.63496 5
66 108 844 428 3.26992 2
68 84 948.167 655.529 3.65921 5
68 26 999.078 683.813 3.56483 5
70 52 976.451 672.5 3.66795 5
70 18 1004.74 689.47 3.43512 5
70 76 953.823 661.186 3.63825 5
70 100 931.196 649.872 3.4973 5
18 54 999.078 627.245 3.49152 5
18 86 970.794 610.274 3.56786 5
72 70 959.48 666.843 3.64733 5
72 94 936.853 655.529 3.6014 5
74 36 987.765 683.813 3.65911 5
74 62 965.137 672.5 3.65612 5
74 86 942.51 661.186 3.59301 5
74 28 993.422 689.47 3.57482 5
76 54 970.794 678.156 3.67316 5
78 46 976.451 683.813 3.66977 5
78 78 948.167 666.843 3.63448 5
78 22 999.078 695.127 3.37606 5
20 78 976.451 615.931 3.63623 5
80 36 982.108 689.47 3.6518 5
80 96 931.196 661.186 3.58282 5
82 64 959.48 678.156 3.6783 5
82 90 936.853 666.843 3.61498 5
82 30 987.765 695.127 3.43989 5
84 56 965.137 683.813 3.66077 5
86 48 970.794 689.47 3.67958 5
86 82 942.51 672.5 3.61382 5
22 70 982.108 621.588 3.61164 5
22 96 959.48 610.274 3.6167 5
88 8 1683.56 497.137 3.22581 37
88 32 1677.9 491.48 3.30183 37
88 42 976.451 695.127 3.5235 5
88 74 948.167 678.156 3.63811 5
90 66 953.823 683.813 3.64859 5
90 92 931.196 672.5 3.49002 5
92 48 965.137 695.127 3.56752 5
92 58 959.48 689.47 3.63041 5
94 38 516 372 3.328 2
94 84 936.853 678.156 3.55322 5
94 30 508 372 3.30687 2
24 64 987.765 627.245 3.6136 5
24 88 965.137 615.931 3.60428 5
96 42 970.794 700.784 3.45547 5
98 46 1044 68 3.32109 6
98 54 1036 68 3.30449 6
98 60 953.823 695.127 3.44883 5
98 68 948.167 689.47 3.57417 5
100 86 931.196 683.813 3.36592 5
102 78 936.853 689.47 3.45659 5
26 38 652 508 3.28386 2
26 56 993.421 632.902 3.58881 5
26 80 970.794 621.588 3.59761 5
104 54 865.499 469.519 3.29732 40
108 70 825.373 282.177 3.29298 87
28 48 999.078 638.558 3.59405 5
28 74 976.451 627.245 3.64095 5
30 98 953.823 615.931 3.60423 5
30 106 948.167 610.274 3.50627 5
113.137 70.7107 1513.85 632.902 3.3165 9
101.823 59.397 1502.54 632.902 3.29599 9
84.8528 113.137 892 276 3.30005 28
62.2254 113.137 1536.48 429.255 3.2599 27
31.1127 14.1421 28 724 3.26392 12
107.48 90.5097 884 284 3.29865 28
2.82843 0 44 732 3.28325 12
90.5097 90.5097 316 556 3.24599 30
