0 34 20 732 3.30754 2
0 26 12 732 3.27632 2
0 59.397 1428 428 3.27414 10
8 38 28 724 3.29585 2
8 84 659.667 548.049 3.64704 5
8 92 654.01 542.392 3.7086 5
32 36 676.638 598.96 3.84937 5
32 44 670.981 593.304 3.84508 5
32 52 665.324 587.647 3.84348 5
32 60 659.667 581.99 3.84385 5
32 68 654.01 576.333 3.84743 5
32 76 648.353 570.676 3.84693 5
32 20 687.951 610.274 3.83885 5
32 84 642.697 565.019 3.82376 5
32 92 637.04 559.362 3.73043 5
32 28 682.294 604.617 3.84959 5
34 14 693.608 615.931 3.59145 5
38 18 932 492 3.31228 4
10 76 665.324 553.706 3.55788 5
10 110 1440.53 411.009 3.27237 45
40 36 670.981 604.617 3.84525 5
40 44 665.324 598.96 3.84773 5
40 52 659.667 593.304 3.84443 5
40 14 687.951 621.588 3.74698 5
40 60 654.01 587.647 3.84517 5
40 68 648.353 581.99 3.84114 5
40 76 642.697 576.333 3.8332 5
40 20 682.294 615.931 3.84834 5
40 84 637.04 570.676 3.78958 5
40 28 676.638 610.274 3.84685 5
42 82 624.528 571.009 3.37012 45
48 36 665.324 610.274 3.84418 5
48 44 659.667 604.617 3.84549 5
48 12 682.294 627.245 3.80703 5
48 52 654.01 598.96 3.84131 5
48 60 648.353 593.304 3.84454 5
48 68 642.697 587.647 3.83669 5
48 76 637.04 581.99 3.82417 5
48 20 676.638 621.588 3.84161 5
48 28 670.981 615.931 3.83737 5
14 98 1250.16 28.2843 3.42918 46
14 106 1445.97 417.941 3.28442 5
14 106 576.528 720.666 3.31988 121
56 36 659.667 615.931 3.84515 5
56 44 654.01 610.274 3.84534 5
56 12 676.638 632.902 3.81591 5
56 52 648.353 604.617 3.84302 5
56 60 642.697 598.96 3.81767 5
56 20 670.981 627.245 3.84027 5
56 28 665.324 621.588 3.84052 5
58 58 640.528 603.009 3.28868 45
16 62 670.981 570.676 3.76121 5
16 68 665.324 565.019 3.78547 5
16 70 664.528 563.009 3.50208 45
16 76 659.667 559.362 3.80354 5
16 84 654.01 553.706 3.80548 5
16 92 648.353 548.049 3.77816 5
16 98 642.697 542.392 3.67065 5
16 102 1188 36 3.41912 6
64 36 654.01 621.588 3.80407 5
64 44 648.353 615.931 3.77963 5
64 12 670.981 638.558 3.80349 5
64 20 665.324 632.902 3.80216 5
64 6 676.638 644.215 3.39052 5
64 28 659.667 627.245 3.80337 5
70 24 656.528 635.009 3.41953 45
18 54 676.638 576.333 3.58239 5
18 102 1176 40 3.43378 86
18 110 1432.53 419.009 3.26153 45
72 88 900 252 3.19217 32
72 28 654.01 632.902 3.71193 5
22 44 682.294 581.99 3.5348 5
6 46 36 724 3.25885 2
24 44 676.638 587.647 3.82949 5
24 52 670.981 581.99 3.84119 5
24 60 665.324 576.333 3.83828 5
24 68 659.667 570.676 3.84663 5
24 76 654.01 565.019 3.8453 5
24 84 648.353 559.362 3.82516 5
24 92 642.697 553.706 3.77757 5
24 100 637.04 548.049 3.6547 5
26 34 682.294 593.304 3.76041 5
26 16 452 508 3.29437 0
26 20 693.608 604.617 3.44183 5
26 28 687.951 598.96 3.65722 5
30 12 1540 156 3.22902 6
30 30 680.528 595.009 3.47603 45
33.9411 82.0244 1620 164 3.28961 14
33.9411 16.9706 1095.24 67.2162 3.30927 15
11.3137 56.5685 1428 420 3.30993 10
22.6274 93.3381 1576.08 118.128 3.27884 15
22.6274 25.4558 1083.93 67.2162 3.29615 15
