0 36 1666.59 95.5004 3.2703 17
0 14 1525.17 417.941 3.32467 1
0 70.7107 20 732 3.28445 10
8 10 1528.53 403.009 3.35897 41
8 28 1544.53 419.009 3.33562 41
32 68 1587.39 434.912 3.78294 1
32 76 1593.05 440.569 3.74894 1
34 12 1553.45 389.657 3.67879 1
34 84 1598.7 446.225 3.71168 1
36 36 1570.42 406.627 3.80648 1
36 20 1559.11 395.314 3.79426 1
36 82 1600.53 443.009 3.395 41
36 92 1604.36 451.882 3.29551 1
36 28 1564.76 400.971 3.80784 1
38 44 1576.08 412.284 3.80941 1
38 52 1581.73 417.941 3.80194 1
10 14 1536.48 406.627 3.72473 1
40 60 1587.39 423.598 3.79762 1
40 68 1593.05 429.255 3.80154 1
40 76 1598.7 434.912 3.79724 1
40 90 1610.02 446.225 3.55211 1
42 20 1564.76 389.657 3.76884 1
42 84 1604.36 440.569 3.7715 1
44 34 1576.08 400.971 3.79511 1
44 42 1581.73 406.627 3.77434 1
44 14 1559.11 384 3.5923 1
44 26 1570.42 395.314 3.80664 1
48 74 1604.36 429.255 3.79173 1
50 14 1564.76 378.343 3.42548 1
50 14 1568.53 379.009 3.4083 41
50 84 1610.02 434.912 3.76938 1
50 88 1615.68 440.568 3.52346 1
52 34 1581.73 395.314 3.80963 1
52 18 1570.42 384 3.80488 1
52 88 816.528 363.009 3.19766 41
52 26 1576.08 389.657 3.81754 1
54 42 1587.39 400.971 3.79683 1
54 50 1593.05 406.627 3.79072 1
54 58 1598.7 412.284 3.77331 1
14 32 1547.79 417.941 3.7249 1
14 48 1559.11 429.255 3.38019 1
14 24 1542.14 412.284 3.71983 1
56 66 1604.36 417.941 3.79866 1
56 74 1610.02 423.598 3.8002 1
58 18 1576.08 378.343 3.80501 1
60 34 1587.39 389.657 3.7806 1
60 26 1581.73 384 3.81564 1
62 42 1593.05 395.314 3.79351 1
4 24 1660.93 89.8436 3.30053 17
64 50 1598.7 400.971 3.79477 1
64 58 1604.36 406.627 3.79896 1
64 66 1610.02 412.284 3.76883 1
64 72 1615.68 417.941 3.75462 1
66 26 1587.39 378.343 3.6641 1
68 32 1593.05 384 3.72104 1
70 20 1587.39 367.029 3.32965 1
18 14 1542.14 400.971 3.72317 1
72 46 1610.02 389.657 3.66126 1
72 74 1632.65 412.284 3.28434 1
20 22 1547.79 406.627 3.76254 1
20 92 36 740 3.24918 22
20 30 1553.45 412.284 3.77581 1
22 0 857.657 451.882 3.28892 7
22 38 1559.11 417.941 3.80158 1
22 46 1564.76 423.598 3.80118 1
22 50 336.528 651.009 3.26831 41
26 12 1547.79 395.314 3.7062 1
26 76 1587.39 446.225 3.51611 1
26 20 1553.45 400.971 3.74528 1
26 86 888.126 277.186 3.26925 46
28 36 1564.76 412.284 3.79965 1
28 44 1570.42 417.941 3.80473 1
28 68 1581.73 440.569 3.47386 1
28 28 1559.11 406.627 3.77748 1
30 52 1576.08 423.598 3.79349 1
30 60 1581.73 429.255 3.8015 1
73.5391 0 876 284 3.17449 26
14.1421 84.8528 28 724 3.27012 10
56.5685 96.1665 1668 132 3.15738 12
25.4558 0 1660.93 10.6476 3.29488 9
42.4264 0 164 388 3.27287 14
8.48528 59.397 44 732 3.27461 14
62.2254 16.9706 1332 300 3.19471 10
31.1127 0 164 380 3.2995 14
11.3137 76.3675 20 724 3.24818 10
