0 0 1208.38 214.294 3.38213 9
0 0 26.0994 514.108 3.27606 31
0 16 175.362 627.911 3.33862 40
2 14 964 364 3.28661 0
34 12 996 364 3.77027 0
34 20 996 372 3.76937 0
34 28 996 380 3.64987 0
10 14 972 364 3.56638 0
10 24 186.676 639.225 3.30258 40
10 30 899.44 254.558 3.24242 42
42 12 1004 364 3.81 0
42 20 1004 372 3.8106 0
44 34 1004 388 3.71824 0
44 28 1004 380 3.76903 0
12 28 972 380 3.4868 0
50 10 1012 364 3.80613 0
50 18 1012 372 3.81415 0
50 26 1012 380 3.77467 0
52 34 1012 388 3.7577 0
14 20 972 372 3.4942 0
58 10 1020 364 3.81097 0
58 18 1020 372 3.81594 0
60 34 1020 388 3.79765 0
60 42 1020 396 3.67383 0
60 26 1020 380 3.79714 0
62 0 452 500 3.4698 2
66 10 1028 364 3.80991 0
66 18 1028 372 3.81528 0
66 26 1028 380 3.77508 0
68 34 1028 388 3.7877 0
68 42 1028 396 3.70729 0
70 0 452 492 3.45113 2
18 14 980 364 3.58866 0
18 20 980 372 3.57201 0
74 10 1036 364 3.77468 0
74 14 401.637 661.852 3.5232 40
74 16 1036 372 3.78442 0
74 24 1036 380 3.74884 0
76 32 1036 388 3.73474 0
76 40 1036 396 3.70201 0
76 48 1036 404 3.43493 0
82 8 1044 364 3.71478 0
82 16 1044 372 3.77583 0
82 24 1044 380 3.78554 0
84 32 1044 388 3.78144 0
84 40 1044 396 3.71675 0
84 48 1044 404 3.3951 0
22 30 980 380 3.6022 0
90 8 1052 364 3.74419 0
90 16 1052 372 3.76474 0
90 24 1052 380 3.78391 0
92 32 1052 388 3.78506 0
96 32 1057.83 390.323 3.40168 40
98 0 568 696 3.38589 80
98 38 1060 396 3.61683 0
98 42 1060 404 3.1949 0
98 14 1060 372 3.74779 0
98 30 1060 388 3.74596 0
100 0 531.744 667.509 3.28574 120
100 22 1060 380 3.73967 0
26 12 988 364 3.72624 0
26 20 988 372 3.72947 0
26 28 988 380 3.64052 0
104 30 1068 388 3.50084 0
106 14 1068 372 3.70276 0
106 22 1068 380 3.68132 0
114 10 1076 372 3.41327 0
116 32 1513.85 304.804 3.17051 17
30 34 268 676 3.54819 0
