0 12 20 732 3.67266 18
0 94 485.961 723.411 3.74958 161
8 82 1440.31 16.3046 4.56025 5
32 128 1383.74 4.99084 4.40663 5
32 94 1417.69 27.6183 4.72904 5
128 62 1378.09 123.785 4.35068 5
128 70 1372.43 118.128 4.39412 5
130 42 1372.43 152.069 3.82186 5
130 80 1366.77 112.471 4.46314 5
130 88 1361.12 106.814 4.49876 5
130 98 1355.46 101.157 4.28045 5
34 70 1434.66 44.5888 4.70588 5
34 78 1429 38.932 4.70752 5
36 118 1395.06 16.3046 4.68237 5
36 126 1389.4 10.6477 4.65217 5
38 102 1406.37 27.6183 4.7131 5
38 110 1400.72 21.9614 4.70405 5
10 76 1445.97 21.9614 4.55328 5
40 86 1417.69 38.932 4.7202 5
40 96 1412.03 33.2751 4.72344 5
42 70 1429 50.2457 4.71006 5
44 128 1383.74 16.3046 4.67496 5
44 56 1440.31 61.5594 4.70255 5
46 48 1445.97 67.2162 4.63457 5
46 112 1395.06 27.6183 4.71386 5
48 78 1417.69 50.2457 4.72776 5
48 96 1406.37 38.9319 4.7206 5
50 90 1412.03 44.5888 4.70895 5
52 128 1378.09 21.9614 4.69355 5
52 48 1440.31 72.8731 4.63409 5
52 56 1434.66 67.2162 4.70466 5
52 66 1429 61.5594 4.68994 5
54 38 1451.63 84.1868 4.15748 5
54 40 1445.97 78.53 4.55288 5
54 104 1395.06 38.932 4.67962 5
54 112 1389.4 33.2751 4.70344 5
54 122 1383.74 27.6183 4.69758 5
14 98 1423.34 10.6477 4.65111 5
14 110 584.528 723.009 3.78854 41
14 114 624.528 736.666 3.76144 121
56 128 456.02 525.421 3.84065 7
56 88 1406.37 50.2457 4.72082 5
56 96 1400.72 44.5888 4.71013 5
58 72 1417.69 61.5594 4.7271 5
58 82 1412.03 55.9025 4.71872 5
60 130 1372.43 27.6183 4.7009 5
60 50 1434.66 78.53 4.59949 5
60 56 1429 72.8731 4.66859 5
60 66 1423.34 67.2162 4.65494 5
62 130 608.755 712.098 3.80686 1
62 34 1445.97 89.8436 4.51846 5
62 136 291.972 384 3.5923 5
62 42 1440.31 84.1868 4.56944 5
62 104 1389.4 44.5888 4.71139 5
62 114 1383.74 38.932 4.70516 5
62 122 1378.09 33.2751 4.70833 5
16 74 1440.31 27.6183 4.63642 5
16 84 1434.66 21.9614 4.66383 5
16 92 1429 16.3046 4.67551 5
64 90 1400.72 55.9025 4.69774 5
64 98 1395.06 50.2457 4.7087 5
66 74 1412.03 67.2162 4.69232 5
66 82 1406.37 61.5594 4.68441 5
66 30 1451.63 95.5005 4.29686 5
68 130 1366.77 33.2751 4.71162 5
68 50 1429 84.1868 4.63099 5
68 58 1423.34 78.5299 4.6798 5
68 66 1417.69 72.8731 4.65637 5
70 34 1440.31 95.5005 4.57674 5
70 42 1434.66 89.8437 4.61603 5
70 106 1383.74 50.2457 4.69763 5
70 114 1378.09 44.5888 4.71222 5
70 124 1372.43 38.932 4.70886 5
18 112 608.528 720.666 3.77741 121
72 90 1395.06 61.5594 4.70039 5
72 98 1389.4 55.9025 4.69368 5
72 26 1445.97 101.157 4.50451 5
74 10 24 744 3.54267 80
74 66 1412.03 78.5299 4.65087 5
74 74 1406.37 72.8731 4.70148 5
74 82 1400.71 67.2162 4.69161 5
74 22 1451.63 106.814 4.05004 5
76 130 1361.12 38.9319 4.68089 5
76 50 1423.34 89.8437 4.64801 5
76 58 1417.69 84.1868 4.67155 5
78 36 1434.66 101.157 4.58269 5
78 42 1429 95.5005 4.61465 5
78 106 1378.09 55.9025 4.68704 5
78 116 1372.43 50.2457 4.6944 5
78 124 1366.77 44.5888 4.67998 5
20 70 1445.97 33.2751 4.60008 5
80 20 1445.97 112.471 4.4509 5
80 90 1389.4 67.2162 4.67408 5
80 100 1383.74 61.5594 4.69869 5
80 26 1440.31 106.814 4.53125 5
82 0 40 728 3.59906 80
82 76 1400.72 78.5299 4.6793 5
82 84 1395.06 72.8731 4.66645 5
84 132 1355.46 44.5888 4.69004 5
84 52 1417.69 95.5005 4.64806 5
84 60 1412.03 89.8436 4.65134 5
84 68 1406.37 84.1868 4.66049 5
84 124 1361.12 50.2457 4.65445 5
86 36 1429 106.814 4.59033 5
86 44 1423.34 101.157 4.6325 5
86 108 1372.43 61.5594 4.69925 5
86 116 1366.77 55.9025 4.70039 5
22 130 1378.09 -0.666016 3.76909 5
22 110 1412.03 10.6477 4.69651 5
88 20 1440.31 118.128 4.52908 5
88 92 1383.74 72.8731 4.70472 5
88 100 1378.09 67.2162 4.69962 5
88 28 1434.66 112.471 4.54592 5
90 12 1445.97 123.785 4.39153 5
90 68 1400.72 89.8436 4.64182 5
90 76 1395.06 84.1868 4.69755 5
90 84 1389.4 78.53 4.69051 5
92 132 1349.8 50.2457 4.66844 5
92 52 1412.03 101.157 4.64927 5
92 60 1406.37 95.5005 4.63138 5
92 122 1355.46 55.9025 4.65141 5
94 8 1448.53 131.009 3.6577 45
94 36 1423.34 112.471 4.58034 5
94 44 1417.69 106.814 4.63731 5
94 110 1366.77 67.2162 4.65947 5
94 118 1361.12 61.5594 4.67083 5
6 106 450.363 508.451 3.73138 7
24 84 1429 27.6183 4.69908 5
24 94 1423.34 21.9614 4.70179 5
96 12 1440.31 129.442 4.39927 5
96 20 1434.66 123.785 4.52514 5
96 92 1378.09 78.5299 4.67505 5
96 100 1372.43 72.8731 4.67406 5
96 28 1429 118.128 4.54704 5
98 78 1389.4 89.8436 4.65983 5
98 86 1383.74 84.1868 4.65361 5
100 134 1344.15 55.9025 4.67326 5
100 136 1327.18 50.2457 4.2575 5
100 54 1406.37 106.814 4.62632 5
100 62 1400.72 101.157 4.62222 5
100 68 1395.06 95.5005 4.5766 5
100 124 1349.8 61.5594 4.66253 5
102 134 204 604 3.6718 6
102 38 1417.69 118.128 4.55587 5
102 46 1412.03 112.471 4.61829 5
102 110 1361.12 72.8731 4.66414 5
102 118 1355.46 67.2162 4.6756 5
26 134 1389.4 -0.666016 3.85655 5
26 68 1440.31 38.9319 4.69801 5
26 78 1434.66 33.2751 4.69689 5
104 14 1434.66 135.098 4.38157 5
104 22 1429 129.442 4.46794 5
104 94 1372.43 84.1868 4.67767 5
104 102 1366.77 78.5299 4.67665 5
104 30 1423.34 123.785 4.51356 5
106 130 1338.49 61.5594 4.52622 5
106 70 1389.4 101.157 4.63579 5
106 18 1424.53 139.009 3.71083 45
106 78 1383.74 95.5005 4.67308 5
106 86 1378.09 89.8437 4.65627 5
108 54 1400.71 112.471 4.64236 5
108 62 1395.06 106.814 4.64209 5
108 124 1344.15 67.2162 4.63841 5
110 38 1412.03 123.785 4.59796 5
110 46 1406.37 118.128 4.6308 5
110 110 1355.46 78.53 4.64778 5
110 118 1349.8 72.8731 4.65103 5
112 94 1366.77 89.8437 4.65584 5
112 102 1361.12 84.1868 4.65754 5
112 30 1417.69 129.442 4.52309 5
114 14 39.598 741.048 3.52695 42
114 70 1383.74 106.814 4.65179 5
114 78 1378.09 101.157 4.65239 5
114 86 1372.43 95.5005 4.64387 5
114 30 1416.53 131.009 3.93207 45
116 54 1395.06 118.128 4.6429 5
116 62 1389.4 112.471 4.61766 5
118 32 1408.53 139.009 3.76761 45
118 38 1406.37 129.442 4.56972 5
118 46 1400.71 123.785 4.62125 5
118 104 1355.46 89.8436 4.57152 5
118 112 1349.8 84.1868 4.58954 5
118 126 1172 220 3.58607 0
30 66 1628 300 3.73662 2
30 100 1412.03 21.9614 4.69607 5
30 110 1406.37 16.3046 4.70417 5
30 118 1400.71 10.6477 4.69576 5
30 124 1395.06 4.99084 4.49018 5
120 76 1376.53 107.009 4.10728 45
120 96 1361.12 95.5005 4.61425 5
122 40 1400.71 135.098 4.22659 5
122 80 1372.43 106.814 4.64125 5
122 106 1349.8 95.5005 3.70596 5
124 32 342.883 593.304 3.63477 1
124 48 1395.06 129.442 4.48924 5
124 56 1389.4 123.785 4.64952 5
124 64 1383.74 118.128 4.6428 5
39.598 16.9706 44 732 3.63955 24
115.966 101.823 1260 204 3.64688 10
50.9117 0 44 724 3.63362 24
101.823 0 1208.38 225.608 3.54424 27
8.48528 115.966 1219.7 -0.666077 3.5902 13
