0 0 1208.38 214.294 3.31581 33
0 32 902.912 519.765 3.33455 5
8 72 1151.81 157.726 3.2643 37
32 56 897.255 604.617 3.64359 1
32 72 1146.16 163.383 3.27861 37
36 14 874.627 570.676 3.69636 1
36 22 880.284 576.333 3.71787 1
38 38 891.598 587.647 3.73045 1
38 46 897.255 593.304 3.67049 1
38 68 908.568 615.931 3.29698 1
40 54 902.912 598.961 3.66569 1
40 62 908.568 604.617 3.6278 1
42 70 914.225 610.274 3.46372 1
44 14 880.284 565.019 3.74229 1
44 22 885.941 570.676 3.75692 1
46 38 897.255 581.99 3.74896 1
46 46 902.912 587.647 3.72532 1
46 78 755.834 361.373 3.34276 5
46 30 891.598 576.333 3.73985 1
12 0 892 276 3.33477 16
12 34 868.971 598.96 3.70972 1
12 18 857.657 587.647 3.70683 1
12 26 863.314 593.304 3.71592 1
48 54 908.568 593.304 3.72869 1
48 62 914.225 598.96 3.72986 1
50 12 885.941 559.362 3.74103 1
50 70 919.882 604.617 3.73759 1
52 22 891.598 565.019 3.75254 1
52 30 897.255 570.676 3.70392 1
54 38 902.912 576.333 3.70053 1
54 46 908.568 581.99 3.70145 1
54 74 931.196 604.617 3.53308 1
14 42 874.627 604.617 3.68986 1
56 54 914.225 587.647 3.72496 1
56 60 919.882 593.304 3.69876 1
58 70 925.539 598.96 3.72484 1
60 12 891.598 553.706 3.73245 1
60 20 897.255 559.362 3.76031 1
62 36 908.568 570.676 3.73896 1
62 44 914.225 576.333 3.73915 1
62 28 902.912 565.019 3.70759 1
64 52 919.882 581.99 3.73811 1
64 60 925.539 587.647 3.71135 1
66 68 931.196 593.304 3.69995 1
66 76 936.853 598.96 3.60464 1
68 10 897.255 548.049 3.74924 1
68 20 902.912 553.706 3.75385 1
68 28 908.568 559.362 3.71181 1
70 36 914.225 565.019 3.72122 1
70 44 919.882 570.676 3.72319 1
72 52 925.539 576.333 3.73394 1
72 58 931.196 581.99 3.69039 1
72 66 936.853 587.647 3.60557 1
74 2 796 364 3.30034 0
74 28 912.528 555.009 3.33929 41
76 10 902.912 542.392 3.7377 1
76 42 925.539 565.019 3.49351 1
76 18 908.568 548.049 3.74821 1
76 26 914.225 553.706 3.71901 1
78 34 919.882 559.362 3.71721 1
20 32 874.627 593.304 3.72649 1
20 24 868.971 587.647 3.71642 1
82 40 848.528 480.666 3.38834 121
82 48 523.902 367.029 3.36911 3
82 16 914.225 542.392 3.44533 1
86 38 864.528 464.666 3.38375 121
22 40 880.284 598.96 3.74477 1
22 48 885.941 604.617 3.68635 1
22 16 863.314 581.99 3.6977 1
88 22 1048.53 67.0093 3.27692 47
88 26 832.528 432.666 3.3654 121
6 42 885.941 514.108 3.30732 5
24 48 1151.81 169.04 3.28882 37
28 16 868.971 576.333 3.72198 1
28 24 874.627 581.99 3.73512 1
30 32 880.284 587.647 3.73325 1
30 40 885.941 593.304 3.74967 1
30 48 891.598 598.96 3.66945 1
73.5391 79.196 456.02 400.971 3.35887 27
28.2843 73.5391 467.334 412.284 3.28242 27
28.2843 62.2254 461.677 417.941 3.31861 27
79.196 48.0833 885.941 287.833 3.36092 11
79.196 59.397 891.598 282.177 3.35992 11
84.8528 62.2254 444.707 400.971 3.33489 27
84.8528 22.6274 439.05 406.627 3.29022 27
