0 0 1428 428 3.33923 34
0 22 655.667 519.765 3.37972 81
0 112 1564 83.9999 3.22403 34
8 46 1624.53 131.009 3.3497 47
8 66 1615.68 146.412 3.70652 7
32 34 1660.93 146.412 3.6989 7
32 82 1621.33 174.696 3.70244 7
34 42 1655.27 152.069 3.69214 7
34 14 1683.56 135.099 3.23491 7
34 16 1680.53 139.009 3.32294 47
34 18 1677.9 140.755 3.61309 7
34 92 1615.68 180.353 3.70749 7
34 100 1610.02 186.01 3.65345 7
36 48 1649.62 157.726 3.66792 7
36 26 1672.24 146.412 3.62766 7
36 106 1604.36 191.667 3.64426 7
38 56 1643.96 163.383 3.67683 7
38 64 1638.3 169.04 3.68753 7
38 74 1632.65 174.697 3.70584 7
10 38 1643.96 129.442 3.6494 7
10 46 1638.3 135.099 3.69167 7
10 72 1610.02 152.069 3.71664 7
10 86 1604.36 157.726 3.67908 7
40 32 1666.59 152.069 3.64959 7
40 82 1626.99 180.353 3.71656 7
40 24 1644 3.99994 3.19952 36
40 28 1677.9 152.069 3.3769 7
42 40 1660.93 157.726 3.65108 7
42 90 1621.33 186.01 3.70705 7
44 48 1655.27 163.383 3.64226 7
44 56 1649.62 169.04 3.66418 7
44 96 1615.68 191.667 3.65945 7
44 106 1610.02 197.324 3.62888 7
46 64 1643.96 174.697 3.68337 7
46 72 1638.3 180.353 3.63067 7
12 28 1648.53 123.009 3.36138 47
14 14 1666.59 118.128 3.45248 7
14 60 1626.99 146.412 3.70251 7
14 18 1664.53 123.009 3.34375 47
14 22 1660.93 123.785 3.6503 7
14 30 1655.27 129.442 3.65439 7
16 36 1649.62 135.099 3.69138 7
16 46 1632.65 140.755 3.68148 7
16 66 1621.33 152.069 3.72006 7
16 76 1615.68 157.726 3.71092 7
16 88 1610.02 163.383 3.68556 7
20 12 1672.24 123.785 3.59926 7
20 100 1598.7 174.697 3.57381 7
22 58 1632.65 152.069 3.69656 7
22 20 1666.59 129.442 3.66544 7
22 28 1660.93 135.099 3.67659 7
6 60 1616.53 139.009 3.40269 47
6 62 1621.33 140.755 3.67256 7
6 72 1598.7 152.069 3.6226 7
24 46 1638.3 146.412 3.70259 7
24 76 1621.33 163.383 3.71044 7
26 82 1615.68 169.04 3.69133 7
26 92 1610.02 174.696 3.68098 7
26 6 1680.53 123.009 3.36784 47
28 10 1677.9 129.442 3.60669 7
28 60 1638.3 157.726 3.68677 7
28 18 1672.24 135.099 3.67173 7
30 38 1649.62 146.412 3.69549 7
30 48 1643.96 152.069 3.69002 7
30 66 1632.65 163.383 3.68609 7
30 98 1604.36 180.353 3.6589 7
30 26 1666.59 140.755 3.69647 7
