0 38 241.06 242.579 3.33925 1
0 42 256.528 251.009 3.328 41
0 46 448.528 571.009 3.34129 43
0 50 456.528 563.009 3.32546 43
0 66 20 732 3.23428 2
0 88 44 732 3.2441 2
2 46 485.961 723.411 3.3252 161
8 38 280.658 225.608 3.39269 1
8 50 272.528 251.009 3.2682 41
8 70 20 724 3.19581 2
8 72 467.334 412.284 3.18428 35
8 30 275.001 219.951 3.53556 1
32 34 291.971 202.981 3.65484 1
34 66 320.256 219.951 3.65805 1
34 74 325.913 225.608 3.57111 1
34 26 286.315 197.324 3.63934 1
36 60 314.599 214.294 3.67301 1
36 18 280.658 191.667 3.61883 1
38 44 303.285 202.981 3.69968 1
38 52 308.942 208.638 3.66604 1
38 14 275.001 186.01 3.49268 1
10 74 28 724 3.22659 2
10 22 269.344 214.294 3.56519 1
40 36 297.628 197.324 3.7031 1
40 74 331.569 219.951 3.53251 1
40 80 1095.24 44.5887 3.24139 1
42 70 325.913 214.294 3.66661 1
42 20 286.315 186.01 3.68206 1
42 28 291.971 191.667 3.68703 1
44 14 280.658 180.353 3.66277 1
44 62 320.256 208.638 3.66863 1
46 46 308.942 197.324 3.67461 1
46 54 314.599 202.981 3.65189 1
46 88 1106.56 44.5887 3.256 1
46 88 1584.53 555.009 3.23509 45
48 38 303.285 191.667 3.71729 1
48 78 337.226 214.294 3.6433 1
50 70 331.569 208.638 3.67195 1
50 22 291.971 180.353 3.67009 1
50 30 297.628 186.01 3.68198 1
52 14 286.315 174.696 3.687 1
52 62 325.913 202.981 3.65288 1
54 46 314.599 191.667 3.64707 1
54 54 320.256 197.324 3.66059 1
14 48 291.971 225.608 3.62632 1
56 38 308.942 186.01 3.70839 1
56 80 342.883 208.638 3.65528 1
58 72 337.226 202.981 3.68353 1
58 24 297.628 174.696 3.69342 1
60 56 325.913 191.667 3.68518 1
60 16 291.971 169.04 3.70409 1
60 64 331.569 197.324 3.67517 1
62 48 320.256 186.01 3.69127 1
16 32 280.658 214.294 3.64295 1
16 40 286.315 219.951 3.64145 1
16 62 700 628 3.29743 0
64 32 308.942 174.696 3.69612 1
64 40 314.599 180.353 3.69891 1
64 80 755.833 361.373 3.2693 3
66 48 325.913 180.353 3.48359 1
66 24 303.285 169.04 3.7071 1
68 16 297.628 163.383 3.69668 1
70 10 291.971 157.726 3.52393 1
70 60 848.528 480.666 3.3331 121
18 68 700 636 3.28163 0
18 72 899.44 254.558 3.24792 42
18 24 275.001 208.638 3.64466 1
72 34 314.599 169.04 3.55077 1
74 16 303.285 157.726 3.61444 1
74 26 308.942 163.383 3.63797 1
76 0 1672 520 3.41161 82
76 8 1688 520 3.404 82
76 42 891.598 282.177 3.41977 3
20 18 269.344 202.981 3.55862 1
22 50 297.628 219.951 3.64463 1
22 66 908 156 3.26989 2
24 32 286.315 208.638 3.63567 1
24 68 708 636 3.28078 0
26 66 314.599 225.608 3.49016 1
26 76 888.126 265.872 3.24717 42
26 24 280.658 202.981 3.6128 1
28 50 303.285 214.294 3.62099 1
28 58 308.942 219.951 3.63473 1
28 18 275.001 197.324 3.59822 1
30 42 297.628 208.638 3.65464 1
42.4264 0 427.736 610.274 3.32769 13
42.4264 87.6812 195.805 389.657 3.22229 13
16.9706 11.3137 433.393 581.99 3.30754 13
31.1127 8.48528 427.736 598.96 3.31926 13
5.65685 0 1689.21 502.794 3.29009 27
