0 0 28 740 3.26801 32
2 56 1253.64 202.981 3.26468 3
8 58 139.237 310.461 3.57799 5
32 54 127.923 333.088 3.7463 5
32 62 122.266 327.431 3.7417 5
34 26 156.207 350.059 3.35951 5
38 32 144.893 350.059 3.63362 5
38 72 110.952 327.431 3.73937 5
10 46 150.55 321.775 3.50403 5
10 74 127.923 299.147 3.33976 5
40 56 122.266 338.745 3.74 5
40 64 116.609 333.088 3.73518 5
40 24 36 748 3.22899 32
42 48 127.923 344.402 3.74844 5
42 22 156.207 361.373 3.33289 5
44 40 133.58 350.059 3.70514 5
44 80 99.6385 327.431 3.64773 5
46 32 139.237 355.716 3.70928 5
46 72 105.295 333.088 3.73032 5
46 26 144.893 361.372 3.70691 5
12 50 144.893 316.118 3.61165 5
48 56 116.609 344.402 3.73165 5
50 50 122.266 350.059 3.75286 5
52 34 133.58 361.372 3.74917 5
52 42 127.923 355.716 3.73722 5
54 74 99.6385 338.745 3.74675 5
54 26 139.237 367.029 3.75817 5
14 34 888.126 277.186 3.24692 40
14 38 156.207 327.431 3.28357 5
14 68 127.923 310.461 3.69425 5
14 86 1556 99.9999 3.27196 2
56 18 144.893 372.686 3.64455 5
58 50 116.609 355.716 3.74202 5
58 62 110.952 350.059 3.75128 5
60 36 127.923 367.029 3.73 5
60 44 122.266 361.372 3.73744 5
62 76 93.9817 344.402 3.72072 5
62 86 1200 48 3.40097 160
62 28 133.58 372.686 3.74925 5
16 36 899.44 277.186 3.26556 40
16 60 133.58 316.118 3.65559 5
64 60 105.295 355.716 3.75274 5
64 70 99.6385 350.059 3.72727 5
64 20 139.237 378.343 3.71302 5
66 54 110.952 361.373 3.75641 5
66 14 144.893 384 3.37928 5
68 36 122.266 372.686 3.75744 5
68 46 116.609 367.029 3.72907 5
68 76 88.3248 350.059 3.68488 5
70 28 127.923 378.343 3.75398 5
18 34 161.864 344.402 3.34482 5
18 34 450.363 508.451 3.26053 1
18 46 461.677 519.765 3.34918 1
18 50 139.237 321.775 3.74132 5
72 12 139.237 389.657 3.51912 5
72 70 93.9817 355.716 3.67651 5
72 20 133.58 384 3.73542 5
72 86 1264 48 3.50523 160
74 46 110.952 372.686 3.75967 5
74 56 105.295 367.029 3.77014 5
76 78 82.668 355.716 3.65892 5
78 36 116.609 378.343 3.75201 5
78 30 122.266 384 3.76193 5
20 44 144.893 327.431 3.73172 5
20 76 116.609 310.461 3.7055 5
80 14 133.58 395.314 3.52151 5
80 56 99.6384 372.686 3.75261 5
80 64 93.9817 367.029 3.73823 5
80 72 88.3248 361.373 3.66238 5
80 22 127.923 389.657 3.7397 5
82 46 105.295 378.343 3.7695 5
82 82 1328 16 3.49838 160
86 32 116.609 389.657 3.70118 5
86 26 122.266 395.314 3.39082 5
22 68 122.266 316.118 3.73057 5
22 74 1680.09 73.5391 3.35546 40
22 86 1668.77 96.1665 3.3832 40
22 28 910.754 265.872 3.25624 40
88 48 99.6384 384 3.50708 5
88 56 93.9817 378.343 3.61059 5
88 66 88.3247 372.686 3.63382 5
90 14 1328 16 3.40288 166
6 46 156.207 316.118 3.30095 5
6 66 133.58 304.804 3.44866 5
24 60 127.923 321.775 3.70445 5
96 34 1232 48 3.39466 166
96 50 1165.31 33.9411 3.35419 126
96 66 82.668 378.343 3.31286 5
96 26 1264 48 3.39126 166
26 44 139.237 333.088 3.74548 5
26 52 133.58 327.431 3.73501 5
26 86 1680.09 96.1665 3.33215 40
28 38 144.893 338.745 3.66083 5
30 70 116.609 321.775 3.73787 5
30 78 110.952 316.118 3.63634 5
30 26 161.864 355.716 3.38076 5
