0 36 9.12878 519.764 3.30484 23
0 54 20 732 3.25756 2
0 102 44 732 3.22692 2
32 42 1620 540 3.37535 4
34 32 1612 548 3.39156 4
34 50 1620 532 3.39577 4
34 58 620 764 3.22476 0
36 0 220 596 3.38924 0
36 0 1396 11.9999 3.3943 4
38 32 560.029 741.048 3.36606 40
38 58 1620 524 3.39835 4
10 56 28 724 3.23774 2
40 40 1612 540 3.38884 4
40 14 1604 564 3.39687 4
42 36 1604 540 3.40464 4
42 48 1612 532 3.39054 4
42 66 1620 516 3.38452 4
44 72 1620 508 3.36882 4
44 28 1604 548 3.36171 4
46 76 1336 696 3.24697 84
46 80 1620 500 3.27721 4
12 40 1636 548 3.22862 4
48 62 1612 516 3.46659 4
48 22 1587.39 559.362 3.36314 3
50 70 1320 712 3.24615 84
50 70 1612 508 3.45896 4
50 82 1276 20 3.26894 0
54 46 1604 532 3.36358 4
54 14 1596 556 3.42045 4
54 26 1596 548 3.38771 4
14 32 503.46 741.048 3.31462 40
14 18 1628 572 3.2749 4
14 26 503.46 718.42 3.29905 40
56 14 1576.08 559.362 3.34306 3
56 80 704.922 570.676 3.24424 7
56 82 1284 20 3.27579 0
56 86 1612 492 3.37801 4
58 42 1596 532 3.38244 4
58 68 1604 508 3.47652 4
58 78 1612 500 3.39866 4
60 50 1596 524 3.43166 4
60 14 1588 556 3.40513 4
60 24 1588 548 3.38014 4
62 32 1588 540 3.39606 4
62 58 1596 516 3.5162 4
16 8 1480.53 675.009 3.28614 43
16 22 1628 564 3.35769 4
16 30 1628 556 3.41861 4
64 38 1588 532 3.36343 4
66 64 1596 508 3.49756 4
66 82 1604 492 3.38835 4
66 22 1580 548 3.35278 4
66 88 1604 484 3.31882 4
68 46 1588 524 3.43157 4
70 54 1588 516 3.512 4
70 72 1596 500 3.40718 4
70 96 1604 476 3.12297 4
70 30 1580 540 3.30714 4
18 0 196 596 3.35226 0
18 8 196 604 3.37385 0
18 34 197.99 650.538 3.33477 40
72 92 272.528 427.009 3.12534 41
74 38 1580 532 3.29104 4
74 44 1580 524 3.39951 4
74 62 1588 508 3.49684 4
74 86 1596 484 3.287 4
78 50 1580 516 3.40633 4
78 70 1588 500 3.43881 4
78 78 1588 492 3.40011 4
80 60 1580 508 3.41549 4
80 74 1587.39 491.48 3.24087 3
80 30 344.528 595.009 3.28218 41
86 32 360.528 595.009 3.29939 41
86 34 359.854 598.96 3.31173 1
86 46 371.167 610.274 3.34098 1
86 30 354.197 593.304 3.19939 1
22 32 1542.14 570.676 3.34413 3
22 14 1620 572 3.32589 4
24 8 204 604 3.35832 0
24 38 1628 548 3.36984 4
24 46 1628 540 3.38991 4
24 20 1620 564 3.39335 4
26 0 204 596 3.38476 0
26 30 548.715 741.048 3.38564 40
28 52 1628 532 3.37887 4
30 54 1626.99 531.078 3.25852 3
30 20 537.401 718.42 3.30821 40
30 28 1620 556 3.39014 4
73.5391 8.48528 36 740 3.21857 10
14.1421 11.3137 31.7562 519.764 3.28114 15
28.2843 84.8528 1516 348 3.17274 30
28.2843 62.2254 1524 348 3.2074 30
19.799 0 54.3836 519.764 3.29487 15
50.9117 84.8528 1516 356 3.20934 30
8.48528 14.1421 1684 516 3.26572 8
62.2254 73.5391 1460 428 3.2285 24
5.65685 36.7696 9.12878 531.078 3.24953 15
