0 2 277.186 741.048 3.35923 42
0 8 288.5 741.048 3.28123 42
0 66 20 732 3.31449 2
8 56 450.363 565.019 3.31271 35
8 18 603.098 536.735 3.58186 7
32 70 574.814 587.647 3.74276 7
32 78 569.157 593.304 3.75626 7
32 20 614.412 559.362 3.68009 7
34 36 603.098 570.676 3.73042 7
34 86 563.5 598.96 3.74468 7
34 28 608.755 565.019 3.73454 7
36 44 597.442 576.333 3.74092 7
36 52 591.785 581.99 3.74569 7
36 92 557.844 604.617 3.68439 7
38 60 586.128 587.647 3.76455 7
38 98 552.187 610.274 3.53223 7
10 6 277.186 718.42 3.32062 42
10 24 597.442 542.392 3.60502 7
40 8 876 292 3.32612 34
40 68 580.471 593.304 3.73868 7
40 76 574.814 598.96 3.75954 7
42 36 608.755 576.333 3.73811 7
42 44 603.098 581.99 3.7313 7
42 84 569.157 604.617 3.75186 7
42 92 563.5 610.274 3.70121 7
42 28 614.412 570.676 3.67481 7
44 52 597.442 587.647 3.71625 7
44 100 557.844 615.931 3.62344 7
46 58 591.785 593.304 3.75277 7
46 106 552.187 621.588 3.37907 7
12 60 916 268 3.35335 22
12 80 908 268 3.33369 22
48 76 580.471 604.617 3.75086 7
50 34 614.412 581.99 3.73961 7
50 82 574.814 610.274 3.75124 7
50 90 569.157 615.931 3.65414 7
50 98 563.5 621.588 3.47649 7
52 42 608.755 587.647 3.74973 7
52 50 603.098 593.304 3.72132 7
54 58 597.442 598.96 3.75738 7
54 66 591.785 604.617 3.7466 7
54 102 1521.69 639.224 3.2618 42
54 110 31.7562 700.784 3.26151 7
14 34 586.128 553.706 3.50052 7
56 36 620.069 587.647 3.44332 7
56 74 586.128 610.274 3.76469 7
56 90 574.814 621.588 3.49172 7
58 42 614.412 593.304 3.57797 7
58 82 580.471 615.931 3.75654 7
58 102 856.528 451.009 3.23351 41
60 48 608.755 598.96 3.60855 7
60 58 603.098 604.617 3.67164 7
62 66 597.442 610.274 3.67139 7
16 14 608.755 542.392 3.61506 7
64 0 876 284 3.33794 34
64 32 884 284 3.32278 34
64 46 778.461 632.902 3.39864 5
64 72 591.785 615.931 3.669 7
64 88 836.686 451.882 3.22314 81
70 50 1296 48 3.40065 166
70 78 1499.07 627.911 3.29549 42
70 84 1510.38 627.911 3.29084 42
70 86 859.314 429.255 3.25044 81
70 114 43.0699 734.725 3.22573 7
18 38 591.785 559.362 3.66825 7
18 30 597.442 553.706 3.67873 7
20 46 586.128 565.019 3.65459 7
22 54 580.471 570.676 3.64508 7
22 60 574.814 576.333 3.57779 7
24 12 616.528 547.009 3.3533 47
24 64 444.706 559.362 3.26961 35
24 76 908 276 3.34821 22
24 22 608.755 553.706 3.68651 7
26 38 597.442 565.019 3.74808 7
26 70 569.157 581.99 3.48227 7
26 30 603.098 559.362 3.74366 7
28 46 591.785 570.676 3.7414 7
28 54 586.128 576.333 3.73987 7
30 14 620.069 553.706 3.48316 7
30 62 580.471 581.99 3.76133 7
30 78 563.5 587.647 3.36417 7
50.9117 107.48 1219.7 621.588 3.21104 29
2.82843 113.137 44 732 3.25095 10
