0 0 44 732 3.31611 4
2 10 44 724 3.24776 4
8 66 1666.59 491.48 3.30617 1
32 34 1219.7 644.215 3.48512 3
32 50 1236.67 638.558 3.52168 3
34 42 1225.35 638.558 3.48797 3
34 16 1202.72 649.872 3.45483 3
34 68 1247.98 627.245 3.51137 3
36 52 1124 36 3.29058 20
36 76 1253.64 621.588 3.52341 3
36 86 1259.29 615.931 3.28522 3
38 24 1208.38 644.215 3.50166 3
40 32 1214.04 638.558 3.50474 3
40 14 1197.07 644.215 3.50338 3
44 0 1588 164 3.36205 20
44 62 1242.32 621.588 3.50337 3
46 40 1219.7 632.902 3.46711 3
46 70 1247.98 615.931 3.51816 3
46 22 1197.07 632.902 3.56399 3
48 38 1214.04 627.245 3.50884 3
48 78 1248.53 571.009 3.23662 43
48 28 1208.38 632.902 3.55771 3
50 44 1219.7 621.588 3.49837 3
50 48 1225.35 627.245 3.53755 3
50 62 1236.67 615.931 3.52195 3
52 70 1242.32 610.274 3.44183 3
54 0 450.364 565.019 3.44279 5
54 10 1185.75 632.902 3.53973 3
14 32 1225.35 661.186 3.47938 3
14 14 899.44 277.186 3.34146 40
14 62 1672.24 485.823 3.30072 1
14 24 1219.7 666.843 3.51267 3
14 26 1278.45 33.9411 3.28777 120
56 34 1208.38 621.588 3.53199 3
58 42 1214.04 615.931 3.47946 3
58 58 1231.01 610.274 3.42876 3
58 66 1236.67 604.617 3.25721 3
58 74 44 740 3.27822 4
60 16 1191.41 627.245 3.51479 3
62 8 1180.1 627.245 3.52552 3
62 24 1197.07 621.588 3.57881 3
16 40 1231.01 655.529 3.54192 3
64 0 1547.79 157.726 3.20553 23
64 32 1202.72 615.931 3.58029 3
64 58 1225.35 604.617 3.38111 3
66 40 1208.38 610.274 3.52905 3
66 50 1219.7 610.274 3.4268 3
66 14 1185.75 621.588 3.51861 3
68 72 36 740 3.2878 4
70 62 637.04 763.009 3.20771 7
70 22 1191.41 615.931 3.54896 3
18 48 1236.67 649.872 3.53185 3
18 56 1242.32 644.215 3.51914 3
18 64 1253.64 644.215 3.28023 3
18 22 1214.04 661.186 3.5353 3
18 30 1219.7 655.529 3.53007 3
72 60 648.353 763.009 3.13464 7
72 30 1197.07 610.274 3.57915 3
74 38 1202.72 604.617 3.51562 3
74 42 1202.72 593.304 3.32972 3
74 12 1180.1 615.931 3.4768 3
76 20 1185.75 610.274 3.4946 3
20 36 1604 164 3.28276 16
80 40 1533.01 639.224 3.3212 42
80 42 1033.02 72.873 3.2143 7
80 22 1180.1 604.617 3.35435 3
80 6 741.048 367.695 3.15181 42
82 32 1521.69 639.224 3.30525 42
24 38 1225.35 649.872 3.54521 3
26 70 1253.64 632.902 3.5036 3
28 0 1596 164 3.34748 20
28 48 1596 140 3.28316 20
28 18 1208.38 655.529 3.42556 3
28 76 1259.29 627.245 3.52614 3
28 24 1612 156 3.32383 16
30 42 1231.01 644.215 3.45994 3
30 60 1242.32 632.902 3.51182 3
30 84 1264.95 621.588 3.2649 3
30 26 1214.04 649.872 3.43627 3
76.3675 50.9117 704.922 763.009 3.15192 15
14.1421 70.7107 1677.9 491.48 3.30292 9
33.9411 84.8528 1072.62 406.627 3.29665 15
