0 58 1252 35.9999 3.42317 2
0 68 340 572 3.37242 18
0 68 439.05 587.647 3.40385 19
0 53.7401 416.422 474.51 3.41204 11
32 12 1677.9 491.48 3.34087 19
32 84 1536.48 644.215 3.61219 5
34 36 1576.08 672.5 3.6313 5
34 44 1570.42 666.843 3.59125 5
34 76 1542.14 649.872 3.62112 5
34 26 1581.73 678.156 3.61491 5
36 60 1553.45 661.186 3.57629 5
36 68 1547.79 655.529 3.59604 5
36 20 1587.39 683.813 3.56714 5
38 52 1559.11 666.843 3.61189 5
10 38 1587.39 649.872 3.40889 5
10 30 1593.05 655.529 3.43704 5
40 44 1564.76 672.5 3.61213 5
40 86 1530.82 649.872 3.55465 5
42 38 1570.42 678.156 3.63666 5
42 78 1536.48 655.529 3.57549 5
42 28 1576.08 683.813 3.60996 5
44 62 1547.79 666.843 3.51176 5
44 70 1542.14 661.186 3.54818 5
44 20 1581.73 689.47 3.58644 5
46 54 1553.45 672.5 3.56678 5
46 14 1587.39 695.127 3.42376 5
12 64 1564.76 638.559 3.60994 5
48 0 1626.99 553.706 3.32441 23
48 46 1559.11 678.156 3.59573 5
48 12 1672.24 485.823 3.32338 19
50 38 1564.76 683.813 3.60265 5
50 30 1570.42 689.47 3.60435 5
52 76 914.225 270.863 3.39173 19
52 22 1576.08 695.127 3.60176 5
54 48 1553.45 683.813 3.47996 5
54 14 1581.73 700.784 3.48583 5
14 48 1576.08 649.872 3.60285 5
14 56 1570.42 644.215 3.5908 5
56 8 1587.39 706.441 3.33907 5
58 32 1564.76 695.127 3.45292 5
58 24 1570.42 700.784 3.41605 5
60 16 1576.08 706.441 3.40903 5
4 68 557.844 683.813 3.38047 21
4 80 552.187 678.156 3.36911 21
16 32 1598.7 548.049 3.30162 23
16 40 1581.73 655.529 3.63559 5
18 32 1587.39 661.186 3.62741 5
18 82 1547.79 632.902 3.52611 5
18 26 1593.05 666.843 3.50949 5
20 64 1559.11 644.215 3.59751 5
20 78 1553.45 638.559 3.55009 5
22 50 1570.42 655.529 3.6343 5
22 58 1564.76 649.872 3.59901 5
6 64 1268 27.9999 3.4248 2
24 42 1576.08 661.186 3.62698 5
24 82 1542.14 638.559 3.59298 5
26 34 1581.73 666.843 3.60023 5
26 74 1547.79 644.215 3.60939 5
26 26 1587.39 672.5 3.57333 5
28 0 1672.24 497.137 3.28186 19
28 60 1559.11 655.529 3.57704 5
28 66 1553.45 649.872 3.60184 5
28 92 467.334 514.108 3.29856 19
30 52 1564.76 661.186 3.6159 5
30 20 1593.05 678.156 3.51341 5
30 90 1530.82 638.558 3.46431 5
56.5685 59.397 891.598 282.177 3.41807 11
19.799 82.0244 1508.2 310.461 3.29054 11
59.397 76.3675 902.912 270.863 3.39213 11
59.397 42.4264 885.941 287.833 3.40325 11
22.6274 67.8822 263.687 400.971 3.30389 27
