0 32 436 596 3.16195 36
0 78 1404 11.9999 3.29664 2
0 6 20 732 3.26515 2
8 88 902.912 270.863 3.37732 5
32 26 835.029 406.627 3.18947 3
34 38 1479.91 508.451 3.39701 5
34 14 1491.22 531.078 3.35246 5
34 18 1485.57 525.421 3.34863 5
36 46 1474.25 502.794 3.43185 5
36 72 1462.94 480.167 3.4907 5
36 90 891.598 282.177 3.38477 5
38 80 1457.28 474.51 3.52377 5
38 28 1479.91 519.765 3.37609 5
10 58 1496.88 480.167 3.482 5
10 64 1491.22 474.51 3.48601 5
10 18 28 724 3.2488 2
10 82 908.569 276.52 3.36433 5
40 54 1468.6 497.137 3.4513 5
40 60 1462.94 491.48 3.39467 5
40 66 333.754 718.42 3.33192 40
42 36 1474.25 514.108 3.36753 5
42 42 1468.6 508.451 3.4032 5
42 12 1485.57 536.735 3.3265 5
42 90 885.941 287.833 3.40551 5
44 18 1479.91 531.078 3.44522 5
44 94 469.519 526.087 3.31987 42
46 70 1457.28 485.823 3.44894 5
46 26 1474.25 525.421 3.45602 5
12 46 1496.88 491.48 3.30913 5
12 72 1485.57 468.853 3.49213 5
48 32 1468.6 519.765 3.44911 5
48 58 1457.28 497.137 3.45166 5
48 82 1445.97 474.51 3.47304 5
50 10 1479.91 542.392 3.29796 5
50 78 1451.63 480.167 3.48443 5
52 42 1462.94 514.108 3.42156 5
52 16 1474.25 536.735 3.44789 5
54 0 1372 11.9999 3.28091 4
54 68 1451.63 491.48 3.41531 5
54 24 1468.6 531.078 3.47297 5
14 54 1491.22 485.823 3.45721 5
56 50 1457.28 508.451 3.41998 5
56 82 1440.31 480.167 3.421 5
56 30 1462.94 525.421 3.44621 5
58 14 1468.6 542.392 3.3996 5
58 58 1451.63 502.794 3.4167 5
58 62 435.578 503.46 3.29857 42
58 64 1445.97 497.137 3.42312 5
58 76 1445.97 485.823 3.48262 5
58 90 1500 300 3.2671 2
62 46 1451.63 514.108 3.45835 5
62 20 1462.94 536.735 3.46182 5
16 36 1496.88 502.794 3.34013 5
64 54 1445.97 508.451 3.42586 5
64 78 1434.66 485.823 3.22596 5
64 86 1247.98 197.324 3.29086 1
64 88 65.6974 451.882 3.1804 5
64 94 1510.38 288.499 3.20298 42
64 28 1457.28 531.078 3.39599 5
66 36 1451.63 525.421 3.42832 5
66 10 1462.94 548.049 3.44974 5
68 18 1457.28 542.392 3.46948 5
68 72 1628 36 3.13978 22
18 68 1479.91 474.51 3.51235 5
72 34 1445.97 531.078 3.22159 5
72 88 156.207 746.039 3.07878 35
72 26 1451.63 536.735 3.37295 5
74 8 1457.28 553.706 3.32786 5
74 46 1424 48 3.26436 166
74 50 1392 48 3.26675 166
74 66 43.0698 734.725 3.16231 3
78 16 1451.63 548.049 3.38312 5
20 44 1491.22 497.137 3.41817 5
20 50 1485.57 491.48 3.40951 5
80 56 1556 100 3.236 16
80 86 20.4424 723.411 3.12559 3
22 58 1479.91 485.823 3.49735 5
22 78 1474.25 468.853 3.49998 5
22 26 1496.88 514.108 3.24212 5
24 34 1491.22 508.451 3.42744 5
24 12 212 420 3.18829 16
26 42 1485.57 502.794 3.40403 5
26 66 1474.25 480.167 3.4903 5
26 22 1491.22 519.765 3.39123 5
28 74 1468.6 474.51 3.52341 5
30 56 1474.25 491.48 3.46108 5
30 82 1462.94 468.853 3.50475 5
73.5391 0 20 516 3.19771 26
73.5391 53.7401 1660 92 3.23858 14
25.4558 25.4558 12 540 3.19204 8
25.4558 87.6812 914.226 270.863 3.35475 13
