0 0 1615.68 384 3.3383 37
0 18 744.52 361.373 3.34411 7
0 36.7696 1655.27 16.3046 3.38954 15
0 31.1127 1660.93 10.6477 3.38909 15
2 26 531.744 735.391 3.35039 122
32 76 665.324 21.9614 3.7479 5
32 82 659.667 16.3045 3.4422 5
34 0 1684 500 3.37647 4
34 62 676.638 33.2751 3.77443 5
34 70 670.981 27.6182 3.76722 5
36 38 693.608 50.2456 3.80419 5
36 46 687.951 44.5887 3.79504 5
36 54 682.295 38.9319 3.74231 5
36 30 699.265 55.9025 3.77062 5
38 14 710.579 67.2162 3.67328 5
38 22 704.922 61.5593 3.79236 5
10 52 699.265 21.9613 3.68288 5
40 78 659.667 27.6182 3.75222 5
42 54 676.638 44.5887 3.77747 5
42 62 670.981 38.9319 3.79971 5
42 70 665.324 33.2751 3.78872 5
42 82 825.373 248.235 3.25759 161
44 38 687.951 55.9025 3.80848 5
44 46 682.295 50.2456 3.79876 5
44 6 1668 492 3.36032 4
44 30 693.608 61.5593 3.78753 5
46 22 699.265 67.2162 3.79209 5
12 36 710.579 33.275 3.79339 5
12 44 704.922 27.6182 3.78047 5
12 66 1530.82 638.558 3.32571 5
12 28 716.236 38.9319 3.81239 5
48 78 654.01 33.2751 3.69587 5
50 54 670.981 50.2456 3.78188 5
50 62 665.324 44.5888 3.7929 5
50 70 659.667 38.9319 3.77839 5
52 38 682.295 61.5593 3.74967 5
54 24 693.608 72.873 3.70793 5
14 62 687.951 10.6476 3.45864 5
14 70 652 508 3.29684 0
14 76 1525.17 632.902 3.27686 5
14 20 721.892 44.5887 3.81355 5
58 56 665.324 55.9024 3.74903 5
58 64 659.667 50.2456 3.78372 5
58 72 654.01 44.5887 3.77238 5
60 32 682.295 72.873 3.71042 5
60 40 676.638 67.2161 3.75758 5
60 48 670.981 61.5593 3.77781 5
64 72 648.353 50.2456 3.76027 5
66 56 659.667 61.5593 3.76452 5
66 64 654.01 55.9025 3.78997 5
68 40 670.981 72.873 3.76293 5
68 48 665.324 67.2161 3.77239 5
68 30 682.294 84.1867 3.4931 5
70 32 676.638 78.5298 3.69598 5
70 78 1216.22 661.852 3.25542 42
18 52 693.608 27.6182 3.71623 5
18 60 687.951 21.9614 3.73822 5
74 56 654.01 67.2161 3.73 5
74 64 648.353 61.5593 3.7223 5
74 24 1055.65 61.5593 3.28512 5
76 34 670.981 84.1867 3.67862 5
76 40 665.324 78.5298 3.73818 5
76 50 659.667 72.873 3.73887 5
20 36 704.922 38.9319 3.8051 5
20 44 699.265 33.275 3.80296 5
20 66 682.295 16.3045 3.61972 5
20 80 529.559 440.569 3.26369 1
82 48 654.01 78.5298 3.46244 5
82 60 848.528 480.666 3.29636 121
82 70 864.528 464.666 3.30894 121
84 32 1083.93 598.96 3.28949 1
84 40 659.667 84.1867 3.56531 5
22 12 721.893 55.9025 3.78703 5
22 74 676.638 10.6476 3.48495 5
22 20 716.236 50.2456 3.82033 5
22 6 1692 492 3.35388 4
22 28 710.579 44.5887 3.8176 5
26 0 1692 500 3.40771 4
26 52 687.951 33.275 3.70423 5
26 60 682.295 27.6182 3.73817 5
26 68 676.638 21.9614 3.72417 5
28 36 699.265 44.5887 3.79029 5
28 44 693.608 38.9319 3.77862 5
28 78 670.981 16.3045 3.62181 5
30 12 716.236 61.5593 3.70229 5
30 20 710.579 55.9025 3.77569 5
30 84 665.324 10.6476 3.43972 5
30 28 704.922 50.2456 3.80056 5
76.3675 0 20 732 3.29684 12
76.3675 31.1127 1508 636 3.2831 8
79.196 67.8822 914.225 270.863 3.2731 11
79.196 11.3137 28 724 3.2688 12
62.2254 73.5391 892 284 3.31756 28
90.5097 59.397 902.912 270.863 3.30835 11
