0 46 1504.53 299.009 3.27436 45
0 56 1496.53 291.009 3.28592 45
0 60 1491.22 293.49 3.26966 21
2 0 44 732 3.25449 4
34 42 428 540 3.39444 6
36 50 420 540 3.45044 6
38 0 20 732 3.26228 4
38 34 520 728 3.44744 80
38 34 593.97 741.048 3.42969 40
38 56 412 540 3.4303 6
42 10 20 724 3.2279 4
42 40 616.597 707.107 3.5982 44
42 48 420 548 3.48861 6
44 56 412 548 3.47875 6
46 38 605.283 707.107 3.65164 44
52 46 420 556 3.49252 6
14 6 28 724 3.23329 4
58 66 1360 16 3.51831 160
58 24 605.283 729.734 3.72691 44
60 50 412 564 3.51151 6
62 36 452 516 3.5226 6
62 58 404 564 3.51094 6
62 18 476 500 3.56518 6
62 18 560.029 729.734 3.73118 44
16 46 428 524 3.34697 6
64 38 560.029 707.107 3.64266 44
66 14 548.715 741.048 3.70946 44
66 70 1424 48 3.52189 160
68 48 412 572 3.48665 6
68 18 548.715 729.734 3.72826 44
70 26 548.715 718.42 3.66917 44
18 54 420 524 3.32775 6
72 64 1456 16 3.49997 160
78 60 396 580 3.50309 6
80 10 444 596 3.47834 6
80 54 404 580 3.49076 6
80 24 537.401 718.42 3.70646 44
86 34 526.087 707.107 3.6787 44
86 46 582.656 707.107 3.65265 44
86 16 476 524 3.5754 6
86 22 526.087 718.42 3.69737 44
86 6 444 604 3.47853 6
90 62 1278.45 11.3137 3.49794 120
92 6 476 540 3.32218 6
94 66 1301.08 33.9411 3.51952 120
24 46 428 532 3.39439 6
96 0 476 556 3.28407 6
98 62 1323.7 11.3137 3.48552 120
98 66 1323.7 33.9411 3.50419 120
98 26 526.087 741.048 3.67806 44
100 46 404 604 3.51533 6
102 52 396 604 3.53834 6
104 26 268 660 3.52376 4
106 34 412 612 3.53836 6
108 42 404 612 3.50702 6
110 50 396 612 3.5242 6
110 22 337.226 576.333 3.39117 5
28 60 1316 372 3.36114 16
28 60 156 388 3.28279 18
28 68 1316 380 3.3431 16
112 68 1508.2 310.461 3.34154 17
93.3381 8.48528 468 556 3.28729 14
