0 0 452 572 3.27458 36
0 14 12 732 3.27963 2
0 64 902.912 270.863 3.2586 7
0 22 20 732 3.31085 2
8 56 891.598 282.177 3.29178 7
32 12 1092 500 3.56816 0
32 54 1084 540 3.57022 0
32 20 1092 508 3.63346 0
32 80 52 364 3.1455 20
32 88 77.011 485.823 3.11835 37
34 60 1084 548 3.56147 0
34 68 1084 556 3.52655 0
34 74 1084 564 3.36441 0
34 28 1092 516 3.64502 0
36 36 1092 524 3.59905 0
38 44 1092 532 3.60839 0
10 74 1060 556 3.54254 0
40 52 1092 540 3.54082 0
40 60 1092 548 3.48871 0
40 18 1100 508 3.63454 0
42 12 1103.09 503.46 3.27083 40
42 66 1092 556 3.50818 0
42 26 1100 516 3.64011 0
44 34 1100 524 3.61988 0
46 42 1100 532 3.60872 0
46 14 1108 508 3.61556 0
46 74 1116 572 3.20132 0
12 66 1060 548 3.37884 0
12 80 1060 564 3.55948 0
48 10 1108 500 3.49245 0
48 50 1100 540 3.5231 0
48 58 1100 548 3.46637 0
48 58 110.952 565.019 3.15348 3
48 62 1114.4 560.029 3.11495 40
50 72 1440.31 412.284 3.11673 3
50 24 1108 516 3.61286 0
52 32 1108 524 3.61542 0
54 40 1108 532 3.62851 0
54 12 1114.4 503.46 3.24638 40
14 58 1060 540 3.33266 0
14 88 1060 572 3.38995 0
56 48 1108 540 3.54996 0
56 14 1116 508 3.60533 0
58 22 1116 516 3.6097 0
60 42 1116 540 3.33185 0
60 30 1116 524 3.59675 0
62 38 1116 532 3.61671 0
4 62 897.255 276.52 3.26986 7
16 56 1068 540 3.54679 0
64 20 1124 516 3.55696 0
66 14 1124 508 3.5185 0
68 36 1124 532 3.54553 0
68 42 1124 540 3.206 0
70 32 1137.03 537.401 3.2257 40
70 10 444 580 3.31944 6
70 30 1124 524 3.55719 0
18 48 1068 532 3.48416 0
18 64 1068 548 3.53146 0
72 16 436 580 3.34127 6
72 18 1132 516 3.46291 0
20 38 1076 524 3.49506 0
20 72 1068 556 3.56705 0
20 80 1068 564 3.58123 0
22 46 1076 532 3.49773 0
22 78 500 684 3.21032 4
6 26 28 724 3.30029 2
24 54 1076 540 3.57408 0
26 62 1076 548 3.57239 0
26 22 1084 508 3.6043 0
26 30 1084 516 3.60891 0
28 36 1084 524 3.56238 0
28 44 1084 532 3.54752 0
28 70 1076 556 3.5149 0
28 78 1076 564 3.42283 0
73.5391 39.598 1660.93 316.118 3.09667 31
73.5391 50.9117 1643.96 321.775 3.06639 31
45.2548 76.3675 948.167 338.745 3.14103 13
