0 0 60.0404 446.225 3.2779 33
0 96.1665 876 284 3.30232 30
0 79.196 884 284 3.30178 30
0 45.2548 1692 500 3.33352 10
8 0 428 612 3.27137 36
32 74 1044 604 3.74135 4
32 82 1044 596 3.73784 4
34 10 1036 668 3.27517 4
34 18 1036 660 3.63522 4
34 90 1044 588 3.72858 4
34 98 1044 580 3.6699 4
34 26 1036 652 3.69845 4
36 34 1036 644 3.7424 4
36 42 1036 636 3.72882 4
38 50 1036 628 3.72874 4
38 58 1036 620 3.74613 4
38 66 1036 612 3.73 4
10 84 1068 596 3.51244 4
40 10 1028 668 3.34023 4
40 74 1036 604 3.73821 4
40 82 1036 596 3.73995 4
42 18 1028 660 3.55531 4
42 90 1036 588 3.73323 4
42 96 1036 580 3.59542 4
42 26 1028 652 3.60699 4
44 34 1028 644 3.70032 4
44 40 1028 636 3.70392 4
46 48 1028 628 3.69988 4
46 56 1028 620 3.72884 4
46 64 1028 612 3.70937 4
48 74 1028 604 3.71386 4
48 20 1020 660 3.39883 4
48 80 1028 596 3.6902 4
48 96 1028 580 3.41844 4
50 32 1020 644 3.66111 4
50 88 1028 588 3.67407 4
50 26 1020 652 3.46069 4
52 40 1020 636 3.71736 4
54 48 1020 628 3.706 4
54 56 1020 620 3.73248 4
14 36 1060 644 3.38042 4
14 44 1060 636 3.58277 4
14 52 1060 628 3.71865 4
14 60 1060 620 3.72313 4
14 68 1060 612 3.72392 4
14 92 1068 588 3.36865 4
56 64 1020 612 3.71062 4
56 72 1020 604 3.72713 4
58 56 1012 620 3.43221 4
62 46 852 444 3.29325 0
62 80 852 446.225 3.28973 1
16 76 1060 604 3.74361 4
18 84 1060 596 3.75639 4
18 92 1060 588 3.74879 4
20 36 1052 644 3.64422 4
20 44 1052 636 3.65766 4
22 52 1052 628 3.6982 4
22 60 1052 620 3.70999 4
22 68 1052 612 3.72226 4
24 74 1052 604 3.7281 4
24 84 1052 596 3.73593 4
24 92 1052 588 3.73366 4
28 34 1044 644 3.73858 4
28 42 1044 636 3.73755 4
28 20 1044 660 3.49052 4
28 98 1052 580 3.59845 4
28 26 1044 652 3.69281 4
30 50 1044 628 3.72521 4
30 58 1044 620 3.73211 4
30 66 1044 612 3.7185 4
56.5685 36.7696 1124 36 3.26318 14
50.9117 96.1665 412 396 3.18419 30
50.9117 16.9706 1677.9 491.48 3.31569 29
50.9117 45.2548 1672.24 485.823 3.27357 29
11.3137 36.7696 1684 492 3.33352 10
11.3137 33.9411 891.598 282.177 3.29602 15
