0 0 1615.68 384 3.32986 29
0 34 710.579 576.333 3.36874 1
0 56 1227.54 661.852 3.31301 44
0 20 1660.93 10.6477 3.39584 7
0 30 1655.27 16.3046 3.39566 7
8 56 1216.22 661.852 3.33646 44
32 14 572 12 3.81028 0
32 22 572 20 3.80555 0
34 56 580 52 3.81406 0
36 48 580 44 3.81568 0
38 32 580 28 3.82714 0
38 40 580 36 3.78194 0
38 24 580 20 3.79788 0
10 10 548 12 3.48641 0
40 8 580 4 3.6131 0
40 16 580 12 3.80727 0
42 56 588 52 3.81866 0
44 40 588 36 3.81485 0
44 48 588 44 3.81945 0
46 32 588 28 3.82638 0
12 36 556 36 3.79219 0
12 44 556 44 3.78776 0
48 16 588 12 3.80826 0
48 24 588 20 3.80925 0
50 10 588 4 3.60302 0
50 56 593.97 50.9117 3.47817 40
50 58 596 52 3.81299 0
52 42 596 36 3.82695 0
52 50 596 44 3.81403 0
54 34 596 28 3.8341 0
14 50 556 52 3.65376 0
14 28 556 28 3.81847 0
56 10 596 4 3.62152 0
56 18 596 12 3.82381 0
56 26 596 20 3.81467 0
58 58 604 52 3.77678 0
60 50 604 44 3.77808 0
62 34 604 28 3.80854 0
62 42 604 36 3.79082 0
4 50 650.538 503.46 3.30482 40
16 12 556 12 3.82523 0
16 4 556 4 3.43035 0
16 20 556 20 3.82852 0
64 20 604 12 3.76245 0
66 12 604 4 3.61939 0
66 60 612 52 3.79264 0
68 44 612 36 3.81767 0
68 52 612 44 3.79267 0
70 36 612 28 3.81073 0
70 28 612 20 3.82019 0
18 52 564 52 3.77324 0
72 12 612 4 3.55985 0
72 20 612 12 3.82563 0
74 52 620 44 3.76769 0
74 60 620 52 3.77289 0
76 44 620 36 3.79918 0
78 38 620 28 3.81387 0
20 36 564 36 3.79461 0
20 44 564 44 3.79039 0
80 14 620 4 3.56154 0
80 22 620 12 3.81158 0
82 58 628 52 3.64322 0
82 58 627.911 50.9117 3.43427 40
84 46 628 36 3.82865 0
84 54 628 44 3.7783 0
86 38 628 28 3.82315 0
86 30 628 20 3.81884 0
22 60 564 60 3.48981 0
22 30 564 28 3.78847 0
88 22 628 12 3.80638 0
92 56 848.528 480.666 3.30214 121
94 32 636 20 3.7979 0
94 40 636 28 3.77412 0
24 14 564 12 3.81791 0
24 22 564 20 3.82284 0
96 16 636 4 3.57348 0
96 24 636 12 3.80654 0
98 48 848.528 448.666 3.28111 121
100 32 644 20 3.50226 0
26 54 572 52 3.82493 0
26 60 572 60 3.50082 0
104 64 874.628 299.147 3.27075 37
104 18 644 4 3.41524 0
106 38 824.528 403.009 3.29293 41
28 38 572 36 3.81319 0
28 46 572 44 3.81647 0
112 34 824.528 387.009 3.28066 41
30 30 572 28 3.82418 0
28.2843 0 908.569 299.147 3.36098 29
79.196 62.2254 880.284 293.49 3.29897 29
50.9117 0 1532 428 3.38072 24
84.8528 0 1540 428 3.3472 24
62.2254 0 897.255 310.461 3.37098 29
90.5097 16.9706 885.941 310.461 3.34297 29
