0 64 908.569 265.206 3.32836 37
0 45.2548 1491.22 293.49 3.38224 29
32 36 1100.9 16.3045 3.46914 5
34 44 1095.24 10.6476 3.43701 5
40 34 1095.24 21.9614 3.48073 5
42 42 1089.59 16.3045 3.48265 5
44 24 1095.24 33.2751 3.45869 5
12 52 902.912 270.863 3.44818 21
50 2 588 748 3.60941 4
50 40 1083.93 21.9614 3.49953 5
50 14 580 724 3.58792 4
52 48 1078.27 16.3045 3.50271 5
54 30 1083.93 33.2751 3.51783 5
56 0 556 748 3.60067 4
58 36 1078.27 27.6182 3.51029 5
58 10 580 740 3.5846 4
60 44 1072.62 21.9613 3.46643 5
62 52 1066.96 16.3045 3.51898 5
64 34 1072.62 33.2751 3.51805 5
64 60 1061.3 10.6477 3.53969 5
64 26 1078.27 38.9319 3.49391 5
66 42 1066.96 27.6182 3.53242 5
70 50 1061.3 21.9613 3.56275 5
72 58 1055.65 16.3045 3.57917 5
74 32 1066.96 38.9319 3.50913 5
74 10 548 732 3.50163 4
74 40 1061.3 33.2751 3.53699 5
74 16 548 724 3.51618 4
74 66 1049.99 10.6477 3.42947 5
78 48 1055.65 27.6182 3.5457 5
78 70 1530.82 638.558 3.37759 3
20 40 908.569 276.52 3.4368 21
20 24 1117.87 21.9614 3.44373 5
80 56 1049.99 21.9614 3.57772 5
80 30 1061.3 44.5888 3.52162 5
82 38 1055.65 38.9319 3.555 5
82 64 1519.51 638.558 3.36493 3
84 72 1525.17 632.902 3.37678 3
86 44 1049.99 33.2751 3.56468 5
86 20 1061.3 55.9025 3.48418 5
88 66 1513.85 632.902 3.3462 3
88 28 1055.65 50.2456 3.54136 5
90 36 1049.99 44.5888 3.54985 5
90 64 1035.2 73.5391 3.30273 40
94 42 1044.33 38.9319 3.55364 5
94 50 1038.68 33.2751 3.56714 5
94 66 1512.53 627.009 3.2786 43
96 24 1049.99 55.9025 3.4987 5
98 32 1044.33 50.2456 3.54114 5
98 16 1055.65 61.5593 3.49077 5
100 40 1038.68 44.5887 3.49592 5
26 20 1112.22 27.6182 3.44819 5
104 24 1044.33 61.5593 3.53543 5
106 38 1033.02 50.2456 3.37812 5
106 18 1049.99 67.2162 3.44379 5
108 50 824.528 403.009 3.31951 41
112 64 874.628 299.147 3.23457 37
116 36 880.284 304.804 3.29964 21
30 8 604 732 3.59278 4
30 16 604 724 3.52737 4
30 30 1106.56 21.9614 3.46916 5
50.9117 67.8822 897.255 276.52 3.47964 29
84.8528 5.65685 897.255 310.461 3.47416 29
45.2548 45.2548 902.912 282.177 3.43696 29
5.65685 0 1508.2 310.461 3.44658 29
90.5097 56.5685 880.284 293.49 3.38174 29
