0 34 1356 380 3.24407 2
0 20 554.372 735.391 3.38669 122
2 54 446.891 560.029 3.29978 42
2 58 458.205 560.029 3.31198 42
8 42 1610.02 50.2457 3.28373 7
8 14 554.372 712.764 3.37313 122
8 56 904.528 275.009 3.32943 45
32 12 1652 60 3.27792 6
34 42 1620 68 3.5035 6
34 18 1644 60 3.4028 6
36 0 1356 396 3.22127 16
36 36 1628 68 3.47759 6
38 52 1612 76 3.4467 6
10 46 568 696 3.29774 80
40 26 1636 68 3.45512 6
42 46 1620 76 3.47868 6
42 20 1644 68 3.34451 6
44 38 1628 76 3.45562 6
46 56 1612 84 3.44632 6
12 38 1620 44 3.42018 6
12 30 1628 44 3.39611 6
50 48 1620 84 3.45196 6
50 22 1644 76 3.35564 6
52 40 1628 84 3.45054 6
54 34 1636 84 3.38331 6
54 58 1612 92 3.44606 6
54 72 1224.53 659.009 3.22611 43
14 46 1612 44 3.47552 6
14 58 576.999 735.391 3.33319 120
56 64 28 516 3.18987 36
56 66 1533.01 639.224 3.21552 44
56 26 1644 84 3.35742 6
58 48 1620 92 3.47419 6
58 20 1652 84 3.26578 6
60 42 1628 92 3.47661 6
62 34 1636 92 3.45931 6
62 60 1612 100 3.52296 6
62 72 648.528 515.009 3.29787 47
64 52 1620 100 3.50501 6
64 28 1644 92 3.38191 6
66 66 656.528 507.009 3.35853 47
66 66 704.922 559.362 3.27206 7
66 20 1652 92 3.28942 6
68 46 1628 100 3.50685 6
70 38 1636 100 3.50802 6
70 62 1612 108 3.49649 6
18 8 915.882 304.804 3.33687 87
18 38 1620 52 3.43698 6
18 10 1652 44 3.35057 6
18 46 1612 52 3.49178 6
72 32 1644 100 3.4344 6
72 56 1620 108 3.52497 6
72 24 1500 300 3.19798 32
74 48 1628 108 3.54246 6
78 40 1636 108 3.52038 6
78 64 1612 116 3.49476 6
80 32 1644 108 3.44838 6
80 58 1620 116 3.52014 6
80 26 1652 108 3.40334 6
82 34 1646.14 729.734 3.21256 42
82 50 1628 116 3.50178 6
84 42 1636 116 3.40366 6
86 28 196 396 3.19991 2
22 52 599.627 712.764 3.39813 120
22 30 1628 52 3.44968 6
6 12 531.744 712.764 3.38905 122
6 26 1340 372 3.25874 2
24 48 1612 60 3.50615 6
24 60 599.627 735.391 3.36859 120
24 22 1636 52 3.44389 6
26 40 1620 60 3.52322 6
26 58 616 728 3.24953 80
30 32 1628 60 3.47615 6
30 26 1636 60 3.45302 6
36.7696 0 902.912 270.863 3.22544 9
