0 0 1510.38 288.5 3.32836 46
0 32 1412 11.9999 3.36779 2
0 42 716.235 581.99 3.35755 1
0 22 1396 11.9999 3.36608 2
2 14 1388 11.9999 3.34804 2
2 6 1216.53 619.009 3.31446 41
8 12 1388 3.99994 3.32308 2
8 54 801.088 451.882 3.4614 7
8 74 689.608 531.078 3.33289 81
32 8 1157.47 118.128 3.2699 39
32 40 1151.81 123.785 3.23057 39
32 64 1146.16 129.442 3.19558 39
34 54 823.716 463.196 3.4806 7
34 16 840.686 423.598 3.39576 7
34 76 823.716 395.314 3.23021 1
36 46 829.373 457.539 3.41741 7
38 32 1242.32 21.9614 3.29095 5
38 38 835.029 451.882 3.36891 7
38 16 848.528 443.009 3.32969 47
10 46 806.745 446.225 3.4229 7
10 72 789.775 463.196 3.35728 7
40 34 835.029 440.568 3.28773 7
40 58 828 468 3.28887 0
40 16 846.343 429.255 3.39558 7
40 64 526.087 367.696 3.20766 44
42 14 852 434.912 3.35017 7
44 50 835.029 463.196 3.28998 7
50 30 852 452 3.3442 0
14 38 812.402 440.568 3.44402 7
14 64 801.088 463.196 3.43971 7
14 20 818.059 423.598 3.28852 7
4 10 1224.53 627.009 3.32655 41
16 58 806.745 457.539 3.43553 7
18 48 812.402 451.882 3.44412 7
18 74 801.088 474.51 3.36723 7
18 22 823.716 429.255 3.39473 7
18 88 1513.85 632.902 3.26341 3
18 30 818.059 434.912 3.39656 7
22 42 818.059 446.225 3.43506 7
22 66 806.745 468.853 3.40711 7
22 82 1502.54 632.902 3.24202 3
6 30 710.579 565.019 3.35982 1
24 2 848.528 427.009 3.31676 47
24 34 823.716 440.568 3.42147 7
24 58 812.402 463.196 3.46576 7
24 88 1525.17 632.902 3.22328 3
26 52 818.059 457.539 3.47169 7
26 26 829.373 434.912 3.33552 7
28 70 812.402 474.51 3.33591 7
30 44 823.716 451.882 3.4528 7
42.4264 22.6274 1168.78 38.9319 3.29948 13
33.9411 11.3137 1180.1 38.9319 3.3084 13
31.1127 22.6274 1202.73 27.6182 3.29457 13
45.2548 14.1421 1174.44 44.5888 3.3037 13
