0 0 1151.81 157.726 3.27819 31
0 16 148 604 3.2878 18
0 64 892 276 3.28074 38
0 39.598 467.334 536.735 3.42906 27
32 12 1621.33 231.265 3.63623 7
32 76 1570.42 270.863 3.71011 7
32 20 1615.68 236.922 3.6735 7
32 80 1564.76 276.52 3.62734 7
32 84 263.687 389.657 3.22962 19
32 28 1610.02 242.579 3.73377 7
34 36 1604.36 248.236 3.73648 7
34 44 1598.7 253.892 3.73097 7
36 52 1593.05 259.549 3.73815 7
36 60 1587.39 265.206 3.69134 7
38 66 1581.73 270.863 3.71431 7
38 82 1568.53 283.009 3.41975 47
10 30 1593.05 225.608 3.56114 7
40 14 1632.53 235.009 3.2852 47
40 18 1621.33 242.579 3.64603 7
40 18 1624.53 243.009 3.38798 47
40 82 1570.42 282.177 3.69585 7
40 26 1615.68 248.236 3.72489 7
42 34 1610.02 253.892 3.71743 7
42 42 1604.36 259.549 3.72019 7
42 26 1616.53 251.009 3.42781 47
44 50 1598.7 265.206 3.73545 7
44 58 1593.05 270.863 3.71871 7
46 66 1587.39 276.52 3.73344 7
46 74 1581.73 282.177 3.70567 7
48 82 1576.08 287.834 3.72985 7
50 34 1615.68 259.549 3.69055 7
50 40 1610.02 265.206 3.72546 7
50 90 1570.42 293.49 3.68804 7
52 48 1604.36 270.863 3.72851 7
52 58 1598.7 276.52 3.71428 7
54 64 1593.05 282.177 3.73317 7
54 72 1587.39 287.834 3.69031 7
56 80 1581.73 293.49 3.72387 7
56 88 1576.08 299.147 3.67955 7
58 34 1057.83 62.2254 3.3068 46
58 54 1610.02 276.52 3.46146 7
58 94 650.538 503.46 3.24923 46
60 42 1046.52 62.2254 3.29891 46
60 58 1604.36 282.177 3.60856 7
62 64 1598.7 287.834 3.66203 7
62 72 1593.05 293.49 3.64345 7
16 22 1604.36 225.608 3.65369 7
64 44 916 268 3.28686 18
64 80 1587.39 299.147 3.66428 7
66 80 1592.53 307.009 3.25558 47
68 74 56 616 3.25024 82
68 76 1598.7 299.147 3.31932 7
70 90 650.538 514.774 3.22207 46
18 38 1593.05 236.922 3.72863 7
18 44 1587.39 242.579 3.71588 7
18 30 1598.7 231.265 3.72129 7
20 54 1581.73 248.236 3.71866 7
20 60 1576.08 253.892 3.67026 7
22 14 1615.68 225.608 3.62545 7
22 66 1570.42 259.549 3.59909 7
22 78 460 380 3.30628 2
22 80 476 380 3.24782 2
24 20 1610.02 231.265 3.67376 7
24 28 1604.36 236.922 3.72421 7
26 36 1598.7 242.579 3.74191 7
26 44 1593.05 248.236 3.71852 7
26 74 1568.53 267.009 3.47724 47
28 52 1587.39 253.892 3.74361 7
28 60 1581.73 259.549 3.67384 7
30 68 1576.08 265.206 3.71689 7
28.2843 0 14.7856 514.108 3.291 25
19.799 59.397 427.736 587.647 3.37559 11
19.799 67.8822 444.706 559.362 3.36894 11
50.9117 39.598 450.363 519.765 3.30186 27
50.9117 16.9706 450.363 508.451 3.26468 27
16.9706 0 9.12872 519.765 3.27407 25
67.8822 39.598 1564.76 84.1868 3.28315 27
67.8822 45.2548 439.05 531.078 3.26878 27
53.7401 14.1421 908 268 3.28744 10
5.65685 62.2254 472.991 531.078 3.414 27
