0 68 44 732 3.23115 2
0 22 910.754 265.872 3.40757 46
2 22 480.528 720.666 3.34011 121
8 10 1324 308 3.27762 2
32 48 1356 276 3.45077 2
32 62 175.362 627.911 3.13417 40
32 16 1324 468 3.3023 6
34 38 1348 276 3.50015 2
34 62 1324 252 3.14874 0
34 24 836 364 3.25351 6
38 56 1364 268 3.41459 2
10 38 1470.25 406.628 3.40988 85
10 16 844 332 3.37697 6
42 42 1348 268 3.48132 2
44 34 1340 268 3.49769 2
44 30 1332 268 3.25371 2
46 60 1364 260 3.47487 2
12 40 1492.88 451.882 3.2571 81
48 38 1004.74 327.432 3.20034 7
48 46 1348 260 3.43319 2
54 54 1356 252 3.52695 2
54 62 1364 252 3.51577 2
14 46 1440.53 411.009 3.21695 45
14 14 1492.88 451.882 3.42145 85
14 18 1332 300 3.35015 2
56 46 1348 252 3.47315 2
62 40 322.441 616.597 3.17186 40
16 10 1324 300 3.3292 2
64 50 1348 244 3.38513 2
64 56 1356 244 3.45881 2
66 54 1383.74 548.049 3.24604 5
18 34 1348 292 3.41595 2
18 14 1481.57 463.196 3.42425 85
18 6 1480.53 451.009 3.28595 45
74 66 1364 228 3.33567 2
20 26 1340 292 3.44077 2
22 38 820 348 3.40417 6
22 18 933.381 299.813 3.3659 46
22 22 844 348 3.4251 6
22 26 836 348 3.4396 6
6 32 899.44 277.186 3.40957 46
6 34 884 284 3.35342 6
6 28 1481.57 417.941 3.43529 85
24 32 828 348 3.42696 6
24 42 12 516 3.19466 4
24 6 1472.53 459.009 3.25551 45
26 34 1348 284 3.4108 2
30 56 1364 276 3.37574 2
30 22 1332 284 3.40108 2
39.598 16.9706 892 252 3.15456 30
59.397 0 20 732 3.25325 12
59.397 14.1421 20 724 3.217 12
25.4558 8.48528 54.3837 463.196 3.20063 15
70.7107 42.4264 1491.22 293.49 3.27595 9
53.7401 14.1421 28 724 3.21898 12
