2 0 899.44 265.872 3.23307 44
32 32 325.913 576.333 3.70107 3
32 40 331.569 570.676 3.70882 3
32 48 337.226 565.019 3.71003 3
32 56 342.883 559.362 3.70954 3
32 64 348.54 553.706 3.68762 3
32 80 844 348 3.38392 18
32 96 1672.24 157.726 3.12854 33
34 8 308.942 593.304 3.30758 3
34 16 314.599 587.647 3.65412 3
34 24 320.256 581.99 3.64911 3
38 72 348.54 542.392 3.63207 3
38 84 359.854 531.078 3.36976 3
10 38 348.54 587.647 3.56776 3
10 10 1668 492 3.23347 2
10 16 1676 492 3.24751 2
10 18 509.117 735.391 3.21477 122
40 40 325.913 565.019 3.71018 3
40 48 331.569 559.362 3.70394 3
40 56 337.226 553.706 3.69248 3
40 64 342.883 548.049 3.6823 3
40 24 314.599 576.333 3.62808 3
42 32 320.256 570.676 3.70067 3
42 16 308.942 581.99 3.57022 3
46 38 12 524 3.32916 2
46 72 342.883 536.735 3.63024 3
46 80 348.54 531.078 3.60334 3
48 38 314.599 553.706 3.51511 3
48 50 325.913 553.706 3.67805 3
48 56 331.569 548.049 3.69589 3
48 64 337.226 542.392 3.66645 3
48 88 844 332 3.28919 18
50 18 36 740 3.24126 2
54 74 337.226 531.078 3.57634 3
54 80 342.883 525.421 3.603 3
54 88 348.54 519.765 3.53466 3
14 44 354.197 581.99 3.34853 3
14 22 337.226 598.96 3.26544 3
14 28 342.883 593.304 3.55623 3
56 48 314.599 542.392 3.3724 3
58 54 899.44 277.186 3.35654 42
58 88 344.528 515.009 3.34717 43
62 66 320.256 536.735 3.42925 3
62 66 542.53 678.156 3.3781 81
62 90 342.883 514.108 3.43982 3
62 96 348.54 508.451 3.3087 3
16 38 342.883 581.99 3.66382 3
16 46 348.54 576.333 3.67733 3
16 50 354.197 570.676 3.54365 3
66 74 331.569 525.421 3.46107 3
18 2 876.812 265.872 3.21663 44
18 42 344.528 579.009 3.33921 43
18 22 331.569 593.304 3.65132 3
18 30 337.226 587.647 3.67684 3
24 40 337.226 576.333 3.70028 3
24 48 342.883 570.676 3.71048 3
24 56 348.54 565.019 3.71121 3
26 8 314.599 598.96 3.42589 3
26 32 331.569 581.99 3.64546 3
26 16 320.256 593.304 3.65913 3
30 64 352.528 555.009 3.42872 43
30 68 354.197 548.049 3.52851 3
30 74 379.009 650.538 3.34994 42
36.7696 93.3381 1559.11 101.157 3.2258 15
19.799 39.598 1516 348 3.39853 8
45.2548 96.1665 54.3836 451.882 3.17904 27
22.6274 70.7107 228 492 3.31028 12
