0 0 436 404 3.28398 32
0 82.0244 44 732 3.26643 10
0 59.397 20 732 3.2573 10
32 58 1652 764 3.32113 0
34 8 1124 36 3.31493 4
34 46 140 28.0001 3.41866 4
36 38 140 36.0001 3.4306 4
38 66 761.49 333.088 3.25842 1
40 0 444 404 3.27426 32
40 0 897.255 514.108 3.29767 7
42 8 1116 36 3.31303 4
42 50 132 28.0001 3.39709 4
42 60 1660 764 3.31181 0
42 72 1068 220 3.22149 6
44 0 1116 44 3.32077 4
44 42 132 36.0001 3.39435 4
44 16 140 60.0001 3.35896 4
46 34 132 44.0001 3.39474 4
46 58 124 20.0001 3.37251 4
46 70 460 540 3.25457 2
50 44 124 36.0001 3.39471 4
50 26 132 52.0001 3.39111 4
52 36 124 44.0001 3.39392 4
52 18 132 60.0001 3.38671 4
52 80 468 716 3.20606 16
54 10 132 68.0001 3.38315 4
54 54 116 28.0001 3.44393 4
54 74 852 446.225 3.29867 3
58 46 116 36.0001 3.42565 4
60 22 124 60.0001 3.36515 4
62 14 124 68.0001 3.39061 4
62 78 444 556 3.33532 2
64 32 116 52.0001 3.40457 4
64 58 108 28.0001 3.44191 4
66 50 108 36.0001 3.41391 4
66 66 99.9999 20.0001 3.33889 4
66 82 1123.53 38.9319 3.28396 1
66 24 116 60.0001 3.38934 4
70 42 108 44.0001 3.37961 4
70 16 116 68.0001 3.39774 4
70 30 110.952 55.9024 3.3624 5
72 34 108 52.0001 3.401 4
72 38 105.295 50.2455 3.36096 5
74 44 99.9999 44.0001 3.34662 4
74 52 99.9999 36.0001 3.35707 4
78 12 1368 8 3.33647 86
78 14 778.461 632.902 3.31148 5
78 18 1423.34 621.588 3.39457 5
78 74 818.059 400.971 3.22381 1
82 22 1323.7 33.9411 3.39725 126
84 30 1232 48 3.38231 166
26 18 156 52.0001 3.3962 4
14.1421 65.0538 28 724 3.24873 10
14.1421 42.4264 31.7561 700.784 3.24105 9
59.397 82.0244 452 564 3.33136 10
59.397 70.7107 1129.19 33.2751 3.26344 9
50.9117 67.8822 236 428 3.21544 26
11.3137 39.598 892 252 3.24112 10
5.65685 0 1689.21 502.794 3.32743 27
