0 86 20 732 3.30214 2
0 6 342.883 570.676 3.40043 3
0 96.1665 884 276 3.26629 30
0 39.598 444.707 570.676 3.34226 27
0 67.8822 892 276 3.31917 30
2 8 348.54 565.019 3.37006 3
2 102 44 732 3.30666 2
8 10 804 364 3.33836 6
8 84 908 268 3.26861 22
8 88 28 724 3.2912 2
32 46 772 396 3.48148 6
32 18 332 532 3.24715 2
32 78 740 404 3.51728 6
34 38 780 396 3.48374 6
34 94 1521.69 639.224 3.34646 44
36 64 756 404 3.5284 6
38 56 764 404 3.53312 6
38 88 732 412 3.47792 6
38 102 1510.38 627.911 3.33149 44
40 48 772 404 3.46767 6
42 34 788 404 3.29912 6
42 40 780 404 3.44084 6
42 74 748 412 3.51779 6
42 30 1519.51 638.558 3.22781 1
44 58 764 412 3.50205 6
44 66 756 412 3.49634 6
46 82 740 420 3.52728 6
46 90 732 420 3.46742 6
46 102 1499.07 627.911 3.32581 44
12 60 439.05 576.333 3.35355 19
48 76 748 420 3.52072 6
52 88 760.528 611.009 3.30427 45
52 92 732 428 3.33321 6
54 50 1360 16 3.53721 166
14 2 320.256 559.362 3.28787 3
14 10 331.569 548.049 3.32039 3
14 18 796 372 3.49195 6
14 26 788 372 3.4816 6
58 62 1264 48 3.54678 166
58 86 752.528 619.009 3.3427 45
58 98 801.088 361.373 3.23954 3
4 44 433.393 593.304 3.34685 19
16 42 772 380 3.50239 6
18 2 876 292 3.28708 2
18 34 780 380 3.50956 6
20 60 756 388 3.49108 6
20 26 788 380 3.41919 6
22 8 818.059 378.343 3.27959 7
22 52 764 388 3.48047 6
22 18 796 380 3.44106 6
6 16 796 364 3.48208 6
24 8 1500 316 3.23947 6
24 78 740 396 3.52148 6
26 36 780 388 3.50792 6
26 70 748 396 3.53121 6
28 12 1564.76 106.814 3.21835 19
28 62 756 396 3.53608 6
28 22 796 388 3.34471 6
28 102 1533.01 627.911 3.30054 44
30 12 324 532 3.23081 2
30 54 764 396 3.5186 6
30 86 732 404 3.428 6
30 94 1533.01 639.224 3.35463 44
30 30 788 388 3.44202 6
14.1421 65.0538 1536.48 598.96 3.3349 9
56.5685 33.9411 427.736 553.706 3.25995 27
39.598 28.2843 857.657 282.177 3.21934 27
39.598 5.65685 1559.11 101.157 3.19976 27
19.799 82.0244 908 276 3.30955 14
16.9706 73.5391 444.706 559.362 3.31329 27
22.6274 73.5391 892 284 3.31428 30
