0 0 308.942 548.049 3.39028 9
32 46 885.941 502.794 3.71092 3
32 54 891.598 497.137 3.71992 3
32 62 897.255 491.48 3.62283 3
32 70 902.912 485.823 3.4824 3
36 0 410.765 581.99 3.42267 17
36 12 857.657 519.765 3.67531 3
36 50 888.528 499.009 3.36264 43
36 20 863.314 514.108 3.70805 3
38 28 868.971 508.451 3.71417 3
10 10 868.971 542.392 3.55022 3
40 36 874.627 502.794 3.71493 3
40 54 885.941 491.48 3.69109 3
44 12 852 514.108 3.68021 3
44 20 857.657 508.451 3.70837 3
46 44 874.627 491.48 3.70423 3
46 28 863.314 502.794 3.70138 3
12 16 874.627 536.735 3.71351 3
12 24 880.284 531.078 3.72254 3
48 52 880.284 485.823 3.69643 3
50 12 846.343 508.451 3.67478 3
52 18 852 502.794 3.68493 3
52 28 857.657 497.137 3.65442 3
54 34 863.314 491.48 3.64604 3
54 48 1244 36 3.40899 0
14 32 885.941 525.421 3.72282 3
14 40 891.598 519.765 3.73777 3
56 42 868.971 485.823 3.65093 3
58 10 840.686 502.794 3.68333 3
58 48 868.971 474.51 3.63175 3
60 52 31.7562 553.705 3.33822 23
60 18 846.343 497.137 3.69854 3
60 26 852 491.48 3.67785 3
62 34 857.657 485.823 3.67481 3
16 48 897.255 514.108 3.70274 3
16 56 902.912 508.451 3.62174 3
64 36 596 732 3.38399 16
66 0 1532 428 3.46456 0
66 10 835.029 497.137 3.67777 3
66 46 1284 28 3.39601 0
68 40 857.657 474.51 3.63518 3
68 16 840.686 491.48 3.67967 3
70 32 852 480.167 3.65112 3
70 24 846.343 485.823 3.65689 3
74 32 846.343 474.51 3.5987 3
76 0 1540 428 3.44222 0
76 16 835.029 485.823 3.60693 3
76 24 840.686 480.167 3.61945 3
78 10 1540 436 3.45209 0
20 14 868.971 531.078 3.67682 3
20 22 874.627 525.421 3.69172 3
22 32 880.284 519.765 3.7116 3
22 40 885.941 514.108 3.73323 3
22 70 912.528 491.009 3.31472 43
24 46 891.598 508.451 3.67682 3
24 54 897.255 502.794 3.6868 3
26 0 1396 11.9999 3.43593 4
26 62 902.912 497.137 3.62232 3
26 70 908.569 491.48 3.50371 3
28 14 863.314 525.421 3.69667 3
28 22 868.971 519.765 3.71895 3
30 38 880.284 508.451 3.73284 3
30 30 874.627 514.108 3.72703 3
65.0538 0 412 620 3.41657 8
31.1127 0 320.256 536.735 3.42333 9
53.7401 59.397 258.03 429.255 3.3182 9
