0 28 36 740 3.23366 16
0 2.82843 44 732 3.2431 12
32 38 452 564 3.37103 0
34 14 1648.53 139.009 3.26249 47
36 38 1476 76 3.80577 6
36 46 1468 76 3.80165 6
36 54 1460 76 3.79645 6
36 30 1484 76 3.80605 6
38 26 1499.07 84.8528 3.37375 46
10 54 1324 364 3.31643 2
42 14 1508 84 3.40474 6
44 38 1476 84 3.82814 6
44 46 1468 84 3.8103 6
44 54 1460 84 3.8015 6
44 22 1492 84 3.81048 6
44 30 1484 84 3.82937 6
12 46 1468 52 3.76726 6
12 54 1460 52 3.76314 6
52 38 1476 92 3.82795 6
52 46 1468 92 3.80923 6
52 54 1460 92 3.6537 6
52 22 1492 92 3.80986 6
52 30 1484 92 3.82761 6
14 42 892 492 3.20757 2
60 38 1476 100 3.82725 6
60 46 1468 100 3.81201 6
60 54 1460 100 3.78274 6
60 14 1500 100 3.71989 6
60 22 1492 100 3.81033 6
60 30 1484 100 3.82662 6
66 8 718.42 571.342 3.17248 44
66 14 1508 108 3.39761 6
68 38 1476 108 3.82782 6
68 46 1468 108 3.80895 6
68 54 1460 108 3.80454 6
68 22 1492 108 3.80937 6
68 30 1484 108 3.82751 6
72 8 707.107 571.342 3.17943 44
72 14 836.686 248.235 3.23818 87
76 38 1476 116 3.78224 6
76 46 1468 116 3.81377 6
76 54 1460 116 3.81119 6
78 22 836.686 270.863 3.22549 87
78 30 1480.53 675.009 3.34111 45
20 38 1476 60 3.74292 6
20 46 1468 60 3.80416 6
20 54 1460 60 3.80282 6
80 32 1046.52 62.2254 3.31181 46
80 38 1472.53 667.009 3.36119 45
80 30 1064 56 3.27797 86
82 48 1468 124 3.4869 6
82 14 39.598 729.734 3.16178 42
86 42 1032 72 3.31454 86
22 38 1476.44 62.2254 3.35691 46
6 48 1460 44 3.42 6
24 26 1553.45 434.912 3.27534 7
28 38 1476 68 3.7601 6
28 46 1468 68 3.80479 6
28 54 1460 68 3.80385 6
28 22 1632.65 152.069 3.26162 3
30 28 156.207 350.059 3.24012 5
50.9117 8.48528 1564 268 3.16627 8
25.4558 22.6274 1564.76 434.912 3.2399 15
