0 46 20 732 3.27292 2
0 64 1564 548 3.21915 38
0 82 931.196 299.147 3.27339 3
0 96.1665 1259.29 208.638 3.25547 11
0 82.0244 1468.6 338.745 3.25075 11
32 54 236 508 3.68514 4
32 62 236 500 3.7139 4
32 70 236 492 3.71316 4
32 78 236 484 3.64827 4
32 88 1556 556 3.15566 38
32 96 823.716 406.627 3.18671 1
34 46 322.441 684.479 3.35679 42
34 50 333.754 684.479 3.45517 42
38 38 228 524 3.73835 4
38 10 548 676 3.25259 6
38 46 228 516 3.72845 4
38 14 388.138 672.5 3.20266 3
38 76 1519.51 310.461 3.27265 3
38 30 228 532 3.67719 4
10 50 28 724 3.25729 2
10 70 460 540 3.23075 4
10 70 212.775 598.96 3.23507 7
10 82 260 484 3.30911 4
10 88 260 476 3.41648 4
40 54 228 508 3.7469 4
40 62 228 500 3.74976 4
40 70 228 492 3.72062 4
40 76 228 484 3.54181 4
42 10 344.528 563.009 3.32132 43
42 16 354.197 559.362 3.33519 3
42 68 372 660 3.43225 2
42 86 823.716 395.314 3.18487 1
42 6 336.528 571.009 3.29041 43
44 30 220 532 3.69448 4
46 8 337.226 565.019 3.39364 3
46 38 220 524 3.72622 4
46 46 220 516 3.72255 4
46 14 220 548 3.54938 4
46 22 220 540 3.60968 4
46 6 220 564 3.31596 4
48 54 220 508 3.73861 4
48 62 220 500 3.73979 4
48 64 333.754 661.852 3.43193 42
48 68 220 492 3.70925 4
48 72 427.736 666.843 3.27891 1
50 2 212 556 3.51253 4
52 12 212 548 3.67305 4
52 20 212 540 3.65861 4
52 30 212 532 3.6522 4
54 38 212 524 3.68108 4
54 44 212 516 3.67646 4
56 60 212 500 3.71384 4
58 74 1496.88 287.833 3.21172 3
60 70 1491.22 293.49 3.24096 3
60 6 204 556 3.5099 4
62 36 204 524 3.70098 4
62 12 204 548 3.65446 4
62 52 204 508 3.71846 4
62 56 344.528 659.009 3.24046 43
62 20 204 540 3.6608 4
62 28 204 532 3.67375 4
16 72 252 492 3.48575 4
16 80 252 484 3.51892 4
64 44 204 516 3.69865 4
64 50 196 508 3.4462 4
64 66 884 284 3.18318 4
70 0 1168.78 174.696 3.29898 7
70 0 308.942 548.049 3.42817 3
70 36 196 524 3.51856 4
70 56 28.2843 514.774 3.23508 42
70 28 196 532 3.60655 4
18 88 252 476 3.50798 4
24 62 244 500 3.64315 4
24 70 244 492 3.64885 4
24 78 244 484 3.64355 4
26 46 328 696 3.25685 82
26 86 244 476 3.51789 4
30 62 456.02 717.754 3.25732 1
19.799 56.5685 444 556 3.23583 12
33.9411 16.9706 1676 492 3.13152 26
2.82843 70.7107 468 540 3.24239 12
