0 0 1180.1 174.696 3.35806 13
0 54 20 732 3.29276 2
0 62 28 732 3.25405 2
0 16 332 572 3.3679 2
0 16 1604.36 372.686 3.28048 21
0 72 44 732 3.27856 2
0 39.598 12 756 3.24996 30
8 28 1055.65 480.167 3.39186 5
32 60 1016.05 485.823 3.4519 5
32 72 1652 764 3.18241 0
32 26 1044.33 502.794 3.48966 5
34 52 1021.71 491.48 3.46148 5
34 20 1049.99 508.451 3.51078 5
36 46 1027.36 497.137 3.43784 5
38 38 1033.02 502.794 3.47735 5
38 12 1055.65 514.108 3.51093 5
10 62 28 724 3.27417 2
10 20 1061.3 485.823 3.48993 5
40 62 1010.39 491.48 3.47643 5
40 30 1038.68 508.451 3.5198 5
42 54 1016.05 497.137 3.4688 5
44 46 1021.71 502.794 3.49044 5
44 20 1044.33 514.108 3.49831 5
46 14 1049.99 519.765 3.49041 5
12 0 316 556 3.37508 2
12 14 1066.96 491.48 3.47501 5
48 32 1033.02 514.108 3.47064 5
50 56 1010.39 502.794 3.46619 5
50 24 1038.68 519.765 3.47371 5
52 48 1016.05 508.451 3.49953 5
52 16 1044.33 525.421 3.46667 5
54 8 1049.99 531.078 3.49185 5
54 42 1021.71 514.108 3.54102 5
56 34 1027.36 519.765 3.53992 5
58 50 1010.39 514.108 3.35738 5
58 26 1033.02 525.421 3.50645 5
60 52 1700 764 3.18352 0
60 18 1038.68 531.078 3.52412 5
62 0 1049.99 542.392 3.39052 5
62 10 1044.33 536.735 3.52981 5
62 44 1016.05 519.765 3.51949 5
16 52 44 740 3.202 22
16 68 36 740 3.20702 22
16 30 1049.99 485.823 3.53947 5
64 36 1021.71 525.421 3.52777 5
64 46 331.569 4.99084 3.17537 3
66 28 1027.36 531.078 3.52935 5
68 50 1212 652 3.15695 2
70 34 1008.53 523.009 3.15192 45
70 46 852 378.343 3.12745 1
70 12 1038.68 542.392 3.5227 5
70 22 1033.02 536.735 3.52602 5
74 0 560.029 741.048 3.26749 44
74 30 1021.71 536.735 3.48527 5
76 22 1027.36 542.392 3.49634 5
78 14 1033.02 548.049 3.512 5
20 14 1061.3 497.137 3.49143 5
80 8 1038.68 553.706 3.32482 5
84 26 65.6973 406.627 3.15798 3
86 16 1027.36 553.706 3.42514 5
86 26 884 260 3.15028 0
22 40 1038.68 485.823 3.42257 5
88 10 1033.02 559.363 3.42099 5
88 26 892 252 3.14545 0
90 24 820.244 741.048 3.1308 46
6 24 340 564 3.36115 2
24 32 1044.33 491.48 3.52966 5
96 2 1315.86 378.343 3.17317 5
96 18 1360.53 107.009 3.09173 45
26 50 1027.36 485.823 3.40785 5
26 24 1049.99 497.137 3.52193 5
28 0 325.913 531.078 3.37482 1
28 10 1061.3 508.451 3.52577 5
28 42 1033.02 491.48 3.44 5
28 16 1055.65 502.794 3.51138 5
36.7696 0 1388 11.9999 3.3669 12
93.3381 0 1327.18 378.343 3.17157 13
93.3381 59.397 43.0699 734.725 3.16305 15
48.0833 70.7107 20.4425 700.784 3.27979 15
59.397 59.397 31.7562 700.784 3.28851 15
59.397 70.7107 26.0994 706.441 3.25753 15
25.4558 70.7107 9.12878 689.47 3.18308 15
42.4264 65.0538 26.0994 695.127 3.1869 15
