0 0 1684 508 3.35774 24
0 93.3381 44 732 3.25972 10
2 26 1680.09 537.401 3.3399 40
32 36 246.717 169.039 3.61295 7
32 44 241.06 174.696 3.60148 7
34 52 235.403 180.353 3.61457 7
34 60 229.746 186.01 3.6361 7
36 12 269.344 157.726 3.61603 7
36 68 224.089 191.667 3.62124 7
38 18 263.687 163.383 3.61019 7
38 74 218.432 197.324 3.56421 7
38 28 258.03 169.039 3.61704 7
40 34 252.374 174.696 3.62696 7
40 42 246.717 180.353 3.59095 7
42 52 241.06 186.01 3.60647 7
42 58 235.403 191.667 3.64044 7
44 66 229.746 197.324 3.62755 7
44 74 224.089 202.981 3.62975 7
46 82 218.432 208.637 3.54478 7
46 26 263.687 174.696 3.56057 7
48 34 258.03 180.353 3.58566 7
48 42 252.374 186.01 3.60401 7
48 50 246.717 191.667 3.61818 7
50 58 241.06 197.324 3.6381 7
50 66 235.403 202.981 3.61248 7
52 74 229.746 208.637 3.64096 7
52 82 224.089 214.294 3.55929 7
14 14 252.374 140.755 3.50658 7
14 22 246.717 146.412 3.56684 7
56 50 252.374 197.324 3.59987 7
56 92 1219.7 621.588 3.19949 21
58 56 246.717 202.981 3.6405 7
58 80 229.746 219.951 3.4541 7
58 90 1236 644 3.20356 6
60 64 241.06 208.637 3.61252 7
60 72 235.403 214.294 3.61709 7
62 82 44 4 3.22331 2
66 56 848.528 486.489 3.26584 120
66 64 824.528 275.009 3.22855 47
66 82 700 636 3.17622 6
68 48 900 276 3.36413 18
20 14 258.03 146.412 3.54816 7
22 20 252.374 152.069 3.60513 7
22 28 246.717 157.726 3.58642 7
24 36 241.06 163.383 3.59019 7
26 44 235.403 169.039 3.5501 7
28 12 263.687 152.069 3.6227 7
30 20 258.03 157.726 3.60678 7
30 28 252.374 163.383 3.62685 7
14.1421 56.5685 908 268 3.38025 14
14.1421 45.2548 916 268 3.39413 14
59.397 87.6812 428 604 3.22508 8
25.4558 56.5685 908 276 3.40403 14
62.2254 0 884 276 3.35739 26
