0 0 908 220 2.68598 34
8 32 297.628 559.362 2.65855 37
34 0 1388 11.9999 2.78489 4
34 32 77.011 225.608 2.81553 1
34 24 71.3541 219.951 2.82582 1
36 40 1296 16 2.7439 160
36 16 65.6973 214.294 2.83938 1
38 8 60.0404 208.638 2.76837 1
10 28 60.0404 242.579 2.71355 1
40 34 82.6678 219.951 2.80996 1
42 24 77.011 214.294 2.82601 1
44 18 71.3541 208.638 2.85848 1
46 10 65.6973 202.981 2.85012 1
48 32 88.3247 214.294 2.75257 1
50 40 1436.84 11.3137 2.70764 120
50 26 82.6678 208.638 2.8194 1
52 20 77.011 202.981 2.84805 1
54 0 11.3137 758.018 2.73808 120
54 12 71.3541 197.324 2.85151 1
56 34 93.9815 208.638 2.77451 1
58 0 33.9411 758.018 2.73189 120
58 28 88.3247 202.981 2.83354 1
60 22 82.6678 197.324 2.8097 1
62 32 320.528 656.666 2.71605 121
62 12 77.011 191.667 2.8001 1
4 0 876 284 2.76484 16
4 16 876 292 2.74255 16
64 34 99.6384 202.981 2.81642 1
66 30 93.9815 197.324 2.83446 1
68 22 88.3247 191.667 2.81544 1
70 14 82.6678 186.01 2.77576 1
70 6 77.011 180.353 2.76904 1
18 20 60.0404 231.265 2.8404 1
18 30 65.6973 236.922 2.8147 1
72 40 1424 16 2.72222 160
74 32 99.6384 191.667 2.82617 1
76 40 1200.53 107.009 2.72335 45
76 16 88.3247 180.353 2.80815 1
76 24 93.9815 186.01 2.81782 1
78 2 908 276 2.63669 2
78 8 82.6678 174.696 2.77235 1
20 12 54.3835 225.608 2.7448 1
24 0 884 284 2.75414 16
24 0 76 508 2.76089 2
24 40 1328 16 2.74131 160
26 38 1255.82 11.3137 2.67823 120
26 22 65.6973 225.608 2.84365 1
26 30 71.3541 231.265 2.82425 1
28 14 60.0404 219.951 2.79498 1
