0 2.82843 1508.2 310.461 3.44322 13
34 36 1225.35 400.971 3.70028 1
34 44 1231.01 406.627 3.63253 1
36 52 1588 83.9999 3.26945 18
36 60 444 524 3.18751 22
36 28 1219.7 395.314 3.70251 1
38 12 1208.38 384 3.69808 1
38 50 1236.67 412.284 3.42935 1
38 20 1214.04 389.657 3.69508 1
40 52 1242.32 406.627 3.69741 1
42 36 1231.01 395.314 3.66935 1
42 46 1236.67 400.971 3.67978 1
42 64 436 580 3.29248 2
44 12 1214.04 378.343 3.70542 1
44 20 1219.7 384 3.71682 1
44 28 1225.35 389.657 3.65764 1
12 24 1202.72 412.284 3.60849 1
48 54 1247.98 400.971 3.70229 1
50 38 1236.67 389.657 3.67634 1
50 46 1242.32 395.314 3.67645 1
50 12 1219.7 372.686 3.71145 1
50 20 1225.35 378.343 3.72287 1
52 30 1231.01 384 3.66801 1
54 62 1259.29 400.971 3.60728 1
14 8 1191.41 400.971 3.66667 1
14 16 1197.07 406.627 3.67895 1
56 8 1214.04 367.029 3.63436 1
56 46 1247.98 389.657 3.68783 1
56 54 1253.64 395.314 3.68916 1
60 32 1236.67 378.343 3.68978 1
62 16 1225.35 367.029 3.67952 1
62 64 1264.95 395.314 3.67951 1
62 24 1231.01 372.686 3.66658 1
4 44 884 268 3.29089 18
64 8 1219.7 361.373 3.6312 1
64 52 1256.53 387.009 3.34086 41
66 32 1242.32 372.686 3.68127 1
66 40 1247.98 378.343 3.69288 1
66 50 1253.64 384 3.68794 1
70 56 1264.95 384 3.68567 1
70 64 1270.61 389.657 3.61086 1
70 18 1231.01 361.373 3.6494 1
70 26 1236.67 367.029 3.67508 1
18 8 1197.07 395.314 3.66802 1
72 50 1259.29 378.343 3.67824 1
74 8 1231.01 350.059 3.42733 1
74 42 1253.64 372.686 3.70248 1
76 26 1242.32 361.373 3.64847 1
78 38 1259.29 367.029 3.70512 1
20 34 1214.04 412.284 3.58533 1
20 48 884 260 3.28144 18
20 26 1208.38 406.627 3.60981 1
80 50 1264.95 372.686 3.7069 1
80 60 1270.61 378.343 3.69093 1
82 34 1253.64 361.373 3.67379 1
82 18 1242.32 350.059 3.5517 1
82 26 1247.98 355.716 3.60647 1
84 0 36 740 3.28616 18
84 14 1236.67 344.402 3.32875 1
22 40 1219.7 417.941 3.33676 1
22 16 1202.72 400.971 3.65354 1
88 42 1264.95 361.373 3.72153 1
88 50 1270.61 367.029 3.71526 1
90 36 1259.29 355.716 3.67538 1
90 58 388.138 581.99 3.20668 7
90 26 1253.64 350.059 3.62063 1
94 56 1281.92 367.029 3.53709 1
6 66 28 724 3.21892 2
96 42 1270.61 355.716 3.60993 1
96 12 44 732 3.2753 18
96 52 1276.26 361.373 3.61242 1
26 34 1219.7 406.627 3.711 1
26 42 1225.35 412.284 3.56906 1
26 26 1214.04 400.971 3.69746 1
28 18 1208.38 395.314 3.68683 1
30 10 1202.72 389.657 3.70397 1
14.1421 36.7696 1485.57 299.147 3.33109 13
2.82843 33.9411 1491.22 293.49 3.36959 13
22.6274 48.0833 436 588 3.30745 10
22.6274 50.9117 620.069 712.098 3.29639 13
