0 0 1508.2 310.461 3.39409 21
8 32 1604.36 157.726 3.24927 33
32 32 1610.02 152.069 3.25551 33
32 24 1338.49 16.3045 3.4859 5
34 32 1332.83 10.6476 3.47431 5
34 30 452 548 3.48389 6
38 16 1338.49 27.6182 3.52657 5
10 14 560.029 729.734 3.41798 44
40 64 1615.68 157.726 3.2014 33
42 30 1327.18 16.3045 3.51262 5
44 38 1321.52 10.6476 3.52058 5
44 16 376.824 672.5 3.45274 21
48 14 1332.83 33.2751 3.52302 5
50 36 1315.86 16.3045 3.54682 5
50 22 1327.18 27.6182 3.51903 5
52 42 444 564 3.50367 6
52 30 1321.52 21.9614 3.52909 5
54 44 1310.21 10.6477 3.52161 5
54 56 904.528 275.009 3.46529 45
58 42 468 532 3.52462 6
58 18 480.833 729.734 3.50237 44
58 28 1315.86 27.6182 3.53518 5
60 36 1310.21 21.9614 3.51878 5
60 4 371.167 689.47 3.47074 21
62 50 1298.89 10.6477 3.52257 5
62 24 480.833 718.42 3.51827 44
16 34 428 556 3.42561 6
66 50 460 540 3.52632 6
68 34 1304.55 27.6182 3.51634 5
68 28 359.854 678.156 3.41399 21
70 42 1298.89 21.9614 3.53243 5
70 48 1293.23 16.3046 3.52931 5
70 26 1310.21 33.2751 3.51475 5
18 8 560.029 741.048 3.42508 44
72 56 1287.58 10.6477 3.49643 5
76 32 1298.89 33.2751 3.51545 5
78 40 1293.23 27.6183 3.51193 5
80 48 1287.58 21.9614 3.50663 5
22 16 452 572 3.47237 6
24 34 428 564 3.42814 6
24 26 1344.15 10.6477 3.46 5
28 40 444 524 3.4168 6
30 16 1344.15 21.9614 3.49162 5
39.598 50.9117 450.363 497.137 3.22652 15
19.799 8.48528 364 676 3.41629 12
67.8822 16.9706 1444 436 3.3363 12
67.8822 22.6274 354.197 683.813 3.41492 13
