0 64 1474.25 253.892 3.29608 35
0 68 546.53 672.5 3.39438 21
0 68 484.304 508.451 3.41386 19
0 36.7696 1516 364 3.30651 8
0 39.598 563.5 689.47 3.43527 13
8 40 14.7856 208.638 3.46868 1
34 64 48.7267 197.324 3.54782 1
36 32 20.4424 180.353 3.5331 1
36 58 43.0699 191.667 3.55228 1
38 48 37.413 186.01 3.55749 1
38 24 14.7856 174.696 3.57282 1
10 32 9.12872 202.981 3.44593 1
40 40 31.7561 180.353 3.55617 1
40 18 9.12872 169.04 3.49625 1
42 34 26.0993 174.696 3.55511 1
42 66 54.3836 191.667 3.44008 1
44 58 48.7267 186.01 3.50757 1
44 68 36 516 3.34304 20
44 24 36 540 3.38599 20
44 26 20.4424 169.04 3.58398 1
46 50 43.0699 180.353 3.5655 1
12 58 31.7562 214.294 3.43491 1
48 44 37.413 174.696 3.57532 1
48 18 14.7856 163.383 3.53241 1
50 36 31.7562 169.04 3.57072 1
50 14 9.12872 157.726 3.42349 1
50 62 54.3836 180.353 3.516 1
52 68 28 516 3.37448 20
52 28 26.0993 163.383 3.56562 1
54 54 48.7267 174.696 3.56461 1
14 50 26.0993 208.638 3.56546 1
56 46 43.0699 169.04 3.55981 1
56 20 28 540 3.40651 20
56 20 20.4424 157.726 3.52711 1
58 38 37.413 163.383 3.56942 1
58 14 14.7856 152.069 3.50457 1
58 64 60.0404 174.696 3.50347 1
60 30 31.7562 157.726 3.54701 1
62 48 48.7267 163.383 3.5315 1
62 58 54.3835 169.04 3.54085 1
16 44 20.4424 202.981 3.57016 1
66 0 40 744 3.30187 80
66 0 320.256 593.304 3.30876 1
66 42 43.0698 157.726 3.52532 1
66 16 20.4424 146.412 3.51886 1
66 66 65.6973 169.04 3.38096 1
68 8 14.7856 140.755 3.36213 1
68 34 37.413 152.069 3.5217 1
68 58 60.0404 163.383 3.55037 1
70 52 54.3835 157.726 3.53368 1
70 26 31.7561 146.412 3.51825 1
18 36 14.7856 197.324 3.55126 1
18 60 37.413 208.638 3.54257 1
18 28 9.12872 191.667 3.49359 1
72 18 26.0993 140.755 3.48657 1
74 10 20.4424 135.098 3.34919 1
74 44 48.7267 152.069 3.50393 1
76 34 43.0699 146.412 3.49424 1
76 60 65.6973 157.726 3.54716 1
76 6 331.569 593.304 3.29916 1
78 54 60.0404 152.069 3.52933 1
78 26 37.413 140.755 3.46288 1
20 52 31.7561 202.981 3.54375 1
80 38 48.7267 140.755 3.38052 1
80 44 54.3835 146.412 3.48694 1
82 6 1100 68 3.30631 6
86 14 1232 48 3.4332 166
24 36 20.4424 191.667 3.51594 1
24 16 68 452 3.29834 2
26 62 43.0699 202.981 3.55886 1
28 54 37.413 197.324 3.55613 1
28 30 14.7856 186.01 3.52565 1
30 46 31.7561 191.667 3.55151 1
30 22 9.12872 180.353 3.5544 1
14.1421 22.6274 1524 348 3.27593 8
28.2843 5.65685 1252 220 3.25983 28
50.9117 0 1244 220 3.29975 28
50.9117 28.2843 1163.13 180.353 3.30646 31
84.8528 59.397 12 524 3.39292 12
84.8528 11.3137 670.981 763.009 3.31406 13
2.82843 53.7401 557.844 683.813 3.4518 13
45.2548 0 144.893 304.804 3.26675 25
45.2548 19.799 563.5 734.725 3.36793 13
22.6274 22.6274 1252 212 3.28108 28
