0 0 1508.2 310.461 3.46247 13
0 10 1253.64 202.981 3.39064 5
0 54 20 732 3.28905 2
0 6 1672 520 3.42003 80
0 24 1242.32 191.667 3.37789 5
8 60 44 732 3.31821 22
32 32 1095.24 417.941 3.64833 7
32 40 1089.59 423.598 3.64908 7
34 72 1072.62 451.882 3.3495 7
34 82 1066.96 457.539 3.40939 7
36 56 1083.93 440.568 3.60378 7
36 64 1078.27 446.225 3.55911 7
36 22 1100.9 412.284 3.66048 7
38 8 1112.22 400.971 3.6474 7
38 48 1089.59 434.912 3.63242 7
40 34 1100.9 423.598 3.59171 7
40 42 1095.24 429.255 3.63092 7
42 0 1123.53 400.971 3.52641 7
42 66 1083.93 451.882 3.59217 7
42 74 1078.27 457.539 3.59166 7
42 82 1072.62 463.196 3.54657 7
42 26 1106.56 417.941 3.62516 7
44 58 1089.59 446.225 3.63503 7
44 18 1112.22 412.284 3.63994 7
46 10 1117.87 406.627 3.61412 7
46 50 1095.24 440.568 3.63917 7
12 10 1089.59 389.657 3.65533 7
12 18 1083.93 395.314 3.63427 7
12 26 1078.27 400.971 3.58248 7
48 36 1106.56 429.255 3.62638 7
48 42 1100.9 434.912 3.63574 7
48 82 1078.27 468.853 3.56557 7
50 0 1129.19 406.627 3.52509 7
50 68 1089.59 457.539 3.57395 7
50 76 1083.93 463.196 3.55285 7
52 8 1123.53 412.284 3.62086 7
52 12 178.834 395.314 3.22641 17
52 60 1095.24 451.882 3.64008 7
52 18 1117.87 417.941 3.60838 7
52 26 1112.22 423.598 3.59746 7
54 52 1100.9 446.225 3.61044 7
14 34 1072.62 406.627 3.62595 7
14 6 1095.24 384 3.64241 7
56 36 1112.22 434.912 3.59558 7
56 84 1083.93 474.51 3.59569 7
58 68 1095.24 463.196 3.5852 7
58 78 1089.59 468.853 3.59388 7
60 54 1106.56 451.882 3.58186 7
60 62 1100.9 457.539 3.59368 7
62 92 1083.93 485.823 3.38476 7
16 36 1072.53 411.009 3.40961 47
64 38 625.726 536.735 3.17692 5
64 78 1095.24 474.51 3.5798 7
66 54 1112.22 457.539 3.31326 7
66 62 1106.56 463.196 3.42845 7
66 70 1100.9 468.853 3.55314 7
70 86 1095.24 485.823 3.37213 7
18 36 1078.27 412.284 3.62231 7
18 28 1083.93 406.627 3.63649 7
20 20 1089.59 400.971 3.63909 7
22 12 1095.24 395.314 3.64204 7
22 6 1100.9 389.657 3.64821 7
24 38 1083.93 417.941 3.63966 7
24 80 36 740 3.32447 22
24 30 1089.59 412.284 3.66409 7
26 22 1095.24 406.627 3.66059 7
28 14 1100.9 400.971 3.65113 7
28 68 44 740 3.28247 22
30 46 1083.93 429.255 3.58188 7
30 54 1078.27 434.912 3.58456 7
30 6 1106.56 395.314 3.65692 7
14.1421 11.3137 1462.94 253.892 3.40119 13
2.82843 31.1127 1491.22 293.49 3.33985 13
