0 0 1259.29 208.638 3.42282 21
8 10 99.6384 304.804 3.45828 5
34 42 54.3838 304.804 3.59832 5
36 36 60.0405 310.461 3.72032 5
36 26 65.6975 316.118 3.72307 5
38 12 77.011 327.431 3.72545 5
38 20 71.3542 321.775 3.73915 5
42 44 48.7268 310.461 3.65118 5
44 36 54.3838 316.118 3.74245 5
44 28 60.0405 321.775 3.7488 5
46 20 65.6975 327.431 3.75955 5
12 32 77.0112 293.49 3.61748 5
12 44 1491.22 293.49 3.39493 21
12 24 82.668 299.147 3.6888 5
48 14 71.3542 333.088 3.7573 5
50 46 43.0701 316.118 3.63897 5
50 52 37.4131 310.461 3.3673 5
52 38 48.7268 321.775 3.73414 5
52 28 54.3838 327.431 3.74894 5
54 22 60.0405 333.088 3.76446 5
14 16 88.325 304.804 3.72735 5
58 46 37.4131 321.775 3.64748 5
58 54 31.7563 316.118 3.50831 5
60 38 43.0701 327.431 3.7519 5
60 30 48.7268 333.088 3.75733 5
62 14 60.0405 344.402 3.75806 5
62 22 54.3838 338.745 3.75154 5
16 10 93.9817 310.461 3.70809 5
68 32 43.0701 338.745 3.75953 5
68 40 37.4132 333.088 3.75095 5
68 52 12 516 3.42123 20
70 16 54.3837 350.059 3.76137 5
70 24 48.7269 344.402 3.767 5
72 32 12 532 3.41826 20
74 10 60.0405 355.716 3.29384 5
76 16 48.7268 355.716 3.51977 5
76 24 43.0701 350.059 3.52989 5
20 34 71.3542 299.147 3.68114 5
20 24 77.0112 304.804 3.70055 5
22 18 82.668 310.461 3.7125 5
24 10 88.3247 316.118 3.69515 5
24 44 1485.57 299.147 3.41775 21
28 34 65.6975 304.804 3.73025 5
28 42 60.0405 299.147 3.44501 5
28 26 71.3542 310.461 3.71584 5
30 18 77.0112 316.118 3.73347 5
36.7696 59.397 902.912 270.863 3.3653 13
48.0833 59.397 897.255 276.52 3.34334 13
25.4558 0 316 676 3.44279 12
8.48528 36.7696 884 284 3.3942 14
67.8822 0 548 748 3.31223 12
67.8822 25.4558 1462.94 457.539 3.39183 13
70.7107 19.799 476 708 3.32569 12
11.3137 31.1127 892 284 3.39776 14
45.2548 14.1421 586.128 734.725 3.48436 13
