0 0 452 580 3.36545 12
0 34 1089.59 72.873 3.42699 3
0 26 1083.93 78.5299 3.4151 3
2 14 902.912 270.863 3.35796 7
8 18 908.569 276.52 3.37456 7
32 14 428 548 3.18768 4
32 14 65.6973 350.059 3.28908 3
32 14 1442.5 582.656 3.40353 42
32 18 1452 588 3.67893 2
34 32 1468 588 3.69489 2
34 24 1460 588 3.70658 2
36 40 1476 588 3.7147 2
36 48 1484 588 3.72029 2
38 56 1492 588 3.71812 2
38 64 1500 588 3.70687 2
10 38 1476.44 616.597 3.47335 42
10 46 1487.75 616.597 3.43619 42
10 48 1487.75 582.656 3.31045 46
42 32 1468 580 3.70075 2
42 14 1444 572 3.26341 2
42 24 1460 580 3.68566 2
44 40 1476 580 3.70938 2
46 52 1492 580 3.70529 2
46 58 1499.07 582.656 3.46441 42
46 66 1500 580 3.70938 2
12 34 1468 612 3.69705 2
12 44 1476 612 3.70102 2
12 58 252 412 3.15926 2
12 26 1460 612 3.5819 2
48 38 316 660 3.37979 6
48 70 1508 580 3.68524 2
48 22 1453.81 571.342 3.21753 42
50 30 1468 572 3.69034 2
52 38 1476 572 3.69677 2
54 44 1484 572 3.6993 2
54 54 1492 572 3.71128 2
54 62 1500 572 3.67815 2
14 50 1484 612 3.69612 2
14 58 324 540 3.15563 6
14 20 1452 612 3.44054 2
56 68 1508 572 3.61717 2
56 26 1460 564 3.2026 2
58 38 1476 564 3.66705 2
60 46 1484 564 3.67556 2
62 52 1492 564 3.69598 2
62 60 1500 564 3.69327 2
62 26 232.528 515.009 3.10511 47
16 10 1444 604 3.59325 2
16 10 1442.5 605.283 3.33726 42
16 18 1452 604 3.66518 2
64 68 1508 564 3.67969 2
66 38 1476 556 3.64201 2
68 32 1465.13 548.715 3.24879 42
68 44 1484 556 3.70074 2
70 52 1492 556 3.70831 2
70 60 1500 556 3.71098 2
18 26 1460 604 3.66842 2
72 68 1508 556 3.69692 2
74 48 1487.75 548.715 3.3092 42
78 32 39.598 729.734 3.13089 42
78 52 1492 548 3.49322 2
78 58 1500 548 3.62752 2
78 26 16.9706 729.734 3.10029 42
20 32 1468 604 3.68268 2
20 42 1476 604 3.71591 2
20 50 1484 604 3.71274 2
80 66 1508 548 3.64927 2
86 52 1492 540 3.24422 2
86 60 1500 540 3.31329 2
22 58 1492 604 3.63837 2
6 56 50.9117 560.029 3.14011 42
6 22 1095.24 67.2162 3.38892 3
24 64 1500 604 3.43566 2
24 18 1452 596 3.68611 2
26 34 1468 596 3.70533 2
26 10 509.117 690.136 3.3024 122
26 24 1460 596 3.66781 2
28 40 1476 596 3.69919 2
28 50 1484 596 3.69799 2
30 12 1444 588 3.64711 2
30 56 1492 596 3.72325 2
30 4 456.02 400.971 3.19258 1
50.9117 16.9706 892 252 3.13689 30
11.3137 2.82843 914.225 270.863 3.3077 15
