0 36.7696 897.255 276.52 3.36228 15
0 33.9411 1692 500 3.38877 10
0 67.8822 892 276 3.35492 14
34 38 812 204 3.76106 0
34 46 812 212 3.76293 0
34 54 812 220 3.72977 0
34 62 812 228 3.71912 0
34 70 812 236 3.6578 0
34 22 812 188 3.62499 0
34 30 812 196 3.66393 0
10 46 788 212 3.69309 0
40 62 820 228 3.64086 0
40 30 820 196 3.60009 0
42 38 820 204 3.75946 0
42 46 820 212 3.75555 0
42 54 820 220 3.71716 0
44 60 1485.57 299.147 3.24479 19
44 20 1677.9 491.48 3.27754 21
46 10 36 740 3.26872 2
12 38 788 204 3.62623 0
12 54 788 220 3.65371 0
12 84 884 284 3.3105 22
48 54 828 220 3.36543 0
50 46 828 212 3.40969 0
54 56 844 244 3.28705 0
14 62 788 228 3.62788 0
56 6 44 724 3.23583 2
18 38 796 204 3.75499 0
18 46 796 212 3.7581 0
18 54 796 220 3.74881 0
18 62 796 228 3.74617 0
18 70 796 236 3.66836 0
18 30 796 196 3.68492 0
20 4 914.225 270.863 3.32536 23
20 78 796 244 3.4365 0
26 38 804 204 3.7628 0
26 46 804 212 3.76283 0
26 54 804 220 3.75518 0
26 14 804 180 3.57306 0
26 62 804 228 3.74591 0
26 70 804 236 3.67027 0
26 78 804 244 3.49078 0
26 22 804 188 3.65036 0
26 30 804 196 3.68736 0
36.7696 76.3675 260 404 3.25207 8
48.0833 65.0538 1068 404 3.24625 14
39.598 84.8528 1491.22 293.49 3.27887 27
16.9706 0 1219.7 621.588 3.32573 25
16.9706 62.2254 1236.67 638.558 3.28794 25
53.7401 59.397 268 404 3.26908 8
11.3137 28.2843 908.569 276.52 3.35483 15
11.3137 22.6274 1684 492 3.3878 10
