0 60 1655.27 16.3046 3.29715 7
0 80 207.119 593.304 3.2308 5
2 34 897.255 276.52 3.36079 7
2 46 891.598 282.177 3.29717 7
2 26 902.912 270.863 3.34022 7
8 64 993.421 587.647 3.43774 1
32 32 999.078 548.049 3.4918 1
32 48 512.589 740.382 3.28947 5
32 58 1010.39 570.676 3.50607 1
32 22 625.726 763.009 3.31313 5
32 26 993.421 542.392 3.52198 1
34 64 1016.05 576.333 3.50751 1
36 10 987.765 525.421 3.21789 1
36 40 1004.73 553.706 3.52124 1
38 0 62.2254 729.734 3.25069 40
38 48 1010.39 559.362 3.50404 1
38 16 993.421 531.078 3.47431 1
10 56 987.765 581.99 3.29924 1
10 72 999.078 593.304 3.4647 1
10 24 896.528 283.009 3.28995 47
10 26 908.569 276.52 3.35333 7
40 24 999.078 536.735 3.48165 1
42 32 1004.73 542.392 3.43251 1
42 48 1016.05 553.706 3.27805 1
42 62 1278.45 11.3137 3.32349 126
46 2 184.491 695.127 3.21801 1
46 14 999.078 525.421 3.39433 1
46 20 1004.73 531.078 3.35941 1
12 38 982.108 565.019 3.51918 1
12 46 987.765 570.676 3.56838 1
48 60 1496.88 321.775 3.26389 23
48 64 880.284 282.177 3.24306 19
14 54 993.421 576.333 3.57597 1
14 30 976.451 559.362 3.38245 1
4 50 885.941 287.833 3.31035 7
16 62 999.078 581.99 3.55585 1
16 28 982.108 553.706 3.47936 1
18 36 987.765 559.362 3.52953 1
18 68 1004.73 587.647 3.53011 1
18 78 1315.86 615.931 3.2921 3
20 44 993.421 565.019 3.55617 1
22 10 40 744 3.26827 80
22 52 999.078 570.676 3.55978 1
22 20 982.108 542.392 3.5032 1
22 6 24 744 3.23149 80
24 60 1004.73 576.333 3.55252 1
24 80 1310.21 610.274 3.25693 3
24 26 987.765 548.049 3.52043 1
26 34 993.421 553.706 3.50916 1
26 66 1010.39 581.99 3.52004 1
28 0 40 728 3.29666 80
28 42 999.078 559.362 3.53178 1
30 50 1004.73 565.019 3.5452 1
30 16 987.765 536.735 3.50195 1
42.4264 48.0833 12 524 3.24636 12
42.4264 31.1127 12 532 3.27375 12
11.3137 19.799 1428 420 3.27796 10
45.2548 62.2254 12 516 3.25337 28
