0 93.3381 188 388 3.30314 14
0 90.5097 436 404 3.16095 30
2 0 44 732 3.2734 4
32 80 1700.53 310.461 3.60836 1
34 40 1672.24 282.177 3.70692 1
34 64 1689.21 299.147 3.70472 1
34 72 1694.87 304.804 3.67506 1
36 32 1666.59 276.52 3.66495 1
36 48 1677.9 287.833 3.69306 1
36 56 1683.56 293.49 3.70965 1
38 2 39.598 729.734 3.19814 40
38 24 1660.93 270.863 3.59041 1
40 74 1700.53 299.147 3.38521 1
42 66 1694.87 293.49 3.64159 1
44 34 1672.24 270.863 3.66549 1
44 50 1683.56 282.177 3.64952 1
44 58 1689.21 287.833 3.62624 1
46 42 1677.9 276.52 3.66766 1
46 14 1655.27 253.892 3.47023 1
46 18 1660.93 259.549 3.68342 1
46 72 1479.91 417.941 3.19249 3
46 26 1666.59 265.206 3.66589 1
12 34 1502.54 316.118 3.24339 5
12 48 1660.93 304.804 3.71169 1
12 56 1666.59 310.461 3.7126 1
12 64 1672.24 316.118 3.71391 1
12 72 1677.9 321.775 3.55442 1
52 34 1677.9 265.206 3.6609 1
52 42 1683.56 270.863 3.67545 1
52 50 1689.21 276.52 3.66901 1
52 58 1694.87 282.177 3.59391 1
52 72 1474.25 412.284 3.19045 3
52 74 235.403 372.686 3.1498 5
54 10 1660.93 248.235 3.62546 1
54 18 1666.59 253.892 3.68448 1
54 26 1672.24 259.549 3.66611 1
14 40 660 740 3.27624 4
14 40 1655.27 299.147 3.71194 1
14 80 1683.56 327.431 3.62522 1
60 42 1689.21 265.206 3.65535 1
60 50 1694.87 270.863 3.66228 1
62 34 1683.56 259.549 3.64809 1
62 18 1672.24 248.235 3.64424 1
62 26 1677.9 253.892 3.63292 1
4 48 1655.27 310.461 3.44939 1
66 18 1677.9 242.579 3.4782 1
68 42 1694.87 259.549 3.63252 1
68 52 1700.53 265.206 3.36818 1
68 64 172 540 3.06658 20
70 36 1689.21 253.892 3.62551 1
70 28 1683.56 248.235 3.61784 1
18 36 1643.96 299.147 3.50847 1
18 38 1452 732 3.32464 0
18 56 1672.24 304.804 3.71354 1
18 64 1677.9 310.461 3.71712 1
18 72 1683.56 316.118 3.65688 1
18 80 1689.21 321.775 3.66407 1
18 88 1694.87 327.431 3.41265 1
74 30 1689.21 242.579 3.37953 1
76 36 1694.87 248.235 3.54958 1
76 44 1700.53 253.892 3.48037 1
20 40 1660.93 293.49 3.73301 1
20 48 1666.59 299.147 3.732 1
22 0 20 732 3.27691 4
6 56 1660.93 316.118 3.42305 1
24 36 1624.53 307.009 3.38537 41
26 10 28 724 3.25323 4
26 64 1683.56 304.804 3.71706 1
26 72 1689.21 310.461 3.68073 1
26 80 1694.87 316.118 3.67967 1
28 32 1660.93 282.177 3.67381 1
28 34 636 756 3.33672 4
28 40 1666.59 287.833 3.72469 1
28 48 1672.24 293.49 3.71639 1
28 56 1677.9 299.147 3.72112 1
30 20 1643.96 276.52 3.32121 1
30 30 582.656 707.107 3.33595 44
59.397 65.0538 1564.76 95.5005 3.16872 13
65.0538 0 1516 348 3.21901 10
65.0538 53.7401 31.7561 519.765 3.23747 11
50.9117 73.5391 450.364 508.451 3.14196 29
67.8822 14.1421 461.677 384 3.22698 13
67.8822 56.5685 1564.76 106.814 3.17419 13
67.8822 11.3137 9.12872 531.078 3.25399 11
53.7401 11.3137 14.7856 536.735 3.24339 11
11.3137 93.3381 188 396 3.28789 14
45.2548 67.8822 1236 196 3.13451 28
5.65685 28.2843 1252 220 3.22545 28
