0 0 1428 428 3.33308 34
0 40 1436 428 3.3265 34
0 52 476 524 3.33249 20
0 80 1259.29 208.638 3.26729 19
8 80 801.088 361.373 3.33245 5
32 54 1185.75 678.156 3.3436 3
34 62 1191.41 672.5 3.27929 3
36 34 1168.78 683.813 3.33126 3
38 44 1174.44 678.156 3.34876 3
40 52 1180.1 672.5 3.32025 3
42 0 1424.53 587.009 3.26833 41
42 34 897.255 163.383 3.31091 7
44 60 452 508 3.27226 20
46 0 308.942 548.049 3.31133 3
16 32 468 532 3.32111 20
16 58 1197.07 689.47 3.32983 3
18 66 1202.72 683.813 3.31103 3
20 12 1668 492 3.25116 18
22 48 1185.75 689.47 3.34623 3
24 56 1191.41 683.813 3.33269 3
26 64 1197.07 678.156 3.30737 3
28 38 1174.44 689.47 3.35731 3
30 46 1180.1 683.813 3.35652 3
36.7696 79.196 892 276 3.3231 12
36.7696 70.7107 1525.17 429.255 3.30026 11
28.2843 33.9411 1444 420 3.28171 26
19.799 33.9411 908.569 276.52 3.40021 15
8.48528 33.9411 902.912 270.863 3.37213 15
31.1127 14.1421 1540 436 3.30371 14
45.2548 67.8822 1068 404 3.22617 14
5.65685 48.0833 897.255 276.52 3.39822 15
