0 0 884 276 3.32262 36
0 32 884 268 3.28595 36
0 72 1676 492 3.37223 0
0 70.7107 1219.7 621.588 3.2549 15
8 74 891.598 282.177 3.30493 5
38 16 1544.53 451.009 3.27498 43
10 74 1684 492 3.38038 0
40 32 1610.02 152.069 3.25399 35
44 80 460 556 3.24799 16
46 8 1528.53 451.009 3.27955 43
12 48 452 556 3.27783 20
14 60 220 140 3.2833 4
14 74 1691.4 492.146 3.27059 40
14 80 1692 500 3.33397 0
14 80 446.891 571.342 3.29941 42
56 56 1315.86 16.3046 3.24746 39
64 36 897.255 276.52 3.28932 19
64 48 902.912 270.863 3.27931 19
18 74 902.912 282.177 3.26704 5
20 70 212 132 3.27521 4
22 62 212 140 3.2938 4
6 74 1680.09 492.146 3.30685 40
6 80 1684 500 3.35513 0
24 54 212 148 3.28258 4
26 78 1700 500 3.26027 0
30 64 204 140 3.26183 4
