0 20 8 760 3.32802 80
0 20 884 284 3.25122 16
2 20 11.3137 758.018 3.25431 120
8 52 885.941 276.52 3.22658 21
32 0 60 356 3.24501 16
32 38 796 644 3.57153 6
34 0 916 268 3.28563 0
36 10 828 652 3.34069 6
36 52 897.255 310.461 3.2202 17
36 54 1456 80 3.22679 160
36 16 820 652 3.57941 6
38 40 796 652 3.59615 6
38 30 804 652 3.58816 6
10 46 1224.53 659.009 3.27922 43
10 16 40 744 3.28995 80
44 14 820 660 3.58188 6
46 40 796 660 3.56334 6
46 22 812 660 3.57569 6
46 30 804 660 3.59254 6
48 46 788 660 3.56926 6
48 18 831.558 673.166 3.31003 46
50 18 201.462 598.96 3.26259 3
50 22 1191.41 27.6183 3.26216 7
52 12 1500 300 3.24384 16
52 22 812 668 3.56344 6
54 38 796 668 3.58319 6
54 30 804 668 3.57618 6
14 32 804 628 3.42381 6
14 10 56 728 3.25036 80
14 26 812 628 3.45745 6
56 46 788 668 3.53165 6
56 54 780 668 3.32839 6
62 38 796 676 3.50933 6
62 28 804 676 3.50749 6
64 44 788 676 3.50612 6
66 50 780 676 3.47361 6
68 20 1491.22 293.49 3.21064 17
70 36 796 684 3.4709 6
18 10 900 276 3.26156 0
72 0 1060 564 3.20669 32
72 44 788 684 3.48822 6
74 0 20 732 3.23633 4
74 44 786.303 684.479 3.31965 46
76 44 1502.54 304.804 3.26022 17
78 36 796 692 3.31039 6
78 54 772 684 3.30705 6
20 52 880.284 282.177 3.24949 21
20 52 1219.7 632.902 3.23 23
22 32 804 636 3.54445 6
22 18 820 636 3.3221 6
22 26 812 636 3.5218 6
6 14 33.9411 735.391 3.25047 120
24 0 1666.59 491.48 3.21386 19
26 50 1208.53 643.009 3.24233 43
28 16 820 644 3.58411 6
30 32 804 644 3.60079 6
30 6 908 276 3.27253 0
30 24 812 644 3.59001 6
25.4558 11.3137 1542.14 434.912 3.27062 15
31.1127 2.82843 1553.45 434.912 3.27406 15
5.65685 33.9411 1636 36 3.30132 24
22.6274 33.9411 1644 36 3.2779 24
