0 36 924 300 3.32577 18
0 70 20 732 3.27531 2
0 82 44 732 3.27769 2
0 26 757.49 621.588 3.32935 81
0 50.9117 444 396 3.2572 26
0 33.9411 204 596 3.39493 14
8 72 1508.2 310.461 3.23327 35
32 70 614.412 695.127 3.60984 7
32 6 670.981 661.186 3.3758 7
34 44 637.039 683.813 3.59621 7
34 12 665.324 666.843 3.64301 7
34 74 608.755 700.784 3.42124 7
36 52 631.383 689.47 3.60488 7
36 20 659.667 672.5 3.6469 7
38 36 648.353 683.813 3.58148 7
38 60 625.726 695.127 3.58325 7
38 28 654.01 678.156 3.59267 7
10 70 28 724 3.26164 2
10 18 648.353 649.872 3.63449 7
40 68 620.069 700.784 3.60108 7
42 10 670.981 672.5 3.62168 7
42 42 642.696 689.47 3.59405 7
42 74 614.412 706.441 3.50568 7
44 52 637.039 695.127 3.60022 7
44 18 665.324 678.156 3.61897 7
46 58 631.383 700.784 3.55688 7
46 26 659.667 683.813 3.63086 7
12 52 932 292 3.26416 18
12 26 642.696 655.529 3.64866 7
48 32 654.01 689.47 3.61959 7
48 74 620.069 712.098 3.39193 7
50 0 704.922 570.676 3.35214 3
50 10 676.638 678.156 3.58279 7
50 42 648.353 695.127 3.57057 7
50 50 642.696 700.784 3.53787 7
52 16 670.981 683.813 3.62624 7
54 56 637.039 706.441 3.58088 7
54 66 631.383 712.098 3.56909 7
54 24 665.324 689.47 3.63014 7
14 34 637.04 661.186 3.62565 7
14 46 620.069 666.843 3.42084 7
56 0 532 444 3.34446 4
58 40 654.01 700.784 3.58138 7
58 48 648.353 706.441 3.499 7
58 56 642.696 712.098 3.36176 7
60 14 676.638 689.47 3.54238 7
60 64 637.04 717.754 3.28086 7
60 22 670.981 695.127 3.48296 7
60 30 665.324 700.784 3.41134 7
62 38 664.528 515.009 3.39597 45
16 42 631.383 666.843 3.6175 7
18 48 625.726 672.5 3.593 7
18 16 654.01 655.529 3.64386 7
20 56 620.069 678.156 3.51797 7
20 68 940 292 3.26144 18
20 24 648.353 661.186 3.65505 7
22 32 642.696 666.843 3.6479 7
26 38 637.039 672.5 3.62824 7
26 46 631.383 678.156 3.60556 7
26 14 659.667 661.186 3.65431 7
28 54 625.726 683.813 3.61501 7
28 22 654.01 666.843 3.64002 7
30 62 620.069 689.47 3.59924 7
30 30 648.353 672.5 3.58528 7
56.5685 65.0538 1668 172 3.23097 10
59.397 73.5391 1676 172 3.21209 10
5.65685 5.65685 316 564 3.32795 26
