0 16 1380 11.9999 3.39386 2
0 30 1404 11.9999 3.36463 2
2 8 1684 516 3.37837 0
8 34 1692 548 3.25456 0
128 40 26.0994 706.441 3.03405 5
134 62 172 404 3.58563 4
134 72 172 396 3.60237 4
34 66 461.677 406.627 3.23823 5
138 56 71.3541 355.716 3.17923 1
142 70 164 396 3.4708 4
36 32 268 436 3.81901 4
36 10 268 460 3.75695 4
36 16 268 452 3.82839 4
36 24 268 444 3.81597 4
38 40 268 428 3.82368 4
38 48 268 420 3.82672 4
38 56 268 412 3.85411 4
38 58 1542.14 457.539 3.44899 3
38 64 268 404 3.86027 4
40 12 1460 468 3.30492 2
42 0 716.236 581.99 3.29638 3
44 10 260 460 3.73896 4
44 16 260 452 3.81114 4
44 24 260 444 3.81954 4
46 32 260 436 3.84674 4
46 40 260 428 3.84751 4
46 48 260 420 3.85195 4
46 56 260 412 3.86219 4
46 64 260 404 3.85887 4
12 32 292 436 3.73477 4
12 10 292 460 3.69279 4
12 58 292 412 3.16964 4
12 16 292 452 3.70528 4
48 0 704.922 570.676 3.26938 3
52 10 252 460 3.59823 4
52 42 252 428 3.84906 4
52 16 252 452 3.81489 4
52 24 252 444 3.8389 4
54 32 252 436 3.85366 4
54 48 252 420 3.86094 4
54 56 252 412 3.86097 4
54 64 252 404 3.84544 4
54 72 252 396 3.73732 4
14 0 1692 508 3.39325 0
14 40 292 428 3.72928 4
14 48 292 420 3.66244 4
14 24 292 444 3.71267 4
60 8 244 460 3.43041 4
60 32 244 436 3.83765 4
60 16 244 452 3.82876 4
60 24 244 444 3.8402 4
62 40 244 428 3.85218 4
62 48 244 420 3.8546 4
62 56 244 412 3.84253 4
62 64 244 404 3.83659 4
66 10 1068 404 3.21462 4
68 40 236 428 3.84409 4
68 18 236 452 3.67759 4
68 24 236 444 3.84119 4
70 32 236 436 3.83807 4
70 48 236 420 3.84337 4
70 56 236 412 3.84687 4
70 64 236 404 3.82777 4
76 32 228 436 3.83363 4
76 40 228 428 3.82651 4
76 6 36 724 3.18427 4
76 26 228 444 3.7857 4
78 48 228 420 3.83608 4
78 56 228 412 3.84823 4
78 64 228 404 3.8344 4
20 8 284 460 3.76027 4
20 34 284 436 3.76844 4
20 16 284 452 3.7864 4
20 26 284 444 3.78854 4
82 26 220 444 3.67289 4
84 32 220 436 3.79317 4
84 10 28 724 3.23187 4
86 0 20 732 3.26238 4
86 40 220 428 3.78935 4
86 48 220 420 3.83401 4
86 56 220 412 3.85006 4
86 64 220 404 3.8331 4
86 72 220 396 3.7755 4
22 2 284 468 3.33259 4
22 40 284 428 3.76063 4
22 48 284 420 3.7451 4
90 24 12 516 3.32348 2
90 26 314.599 553.706 3.28932 3
92 34 212 436 3.61453 4
92 48 212 420 3.83958 4
92 56 212 412 3.83519 4
94 0 12 732 3.22365 4
94 40 212 428 3.82075 4
94 64 212 404 3.83195 4
94 72 212 396 3.82038 4
6 0 1684 508 3.36612 0
6 34 1404 3.99994 3.29804 2
6 56 36 740 3.14315 6
24 48 868.971 372.686 3.21405 5
100 42 204 428 3.69951 4
102 48 204 420 3.74638 4
102 56 204 412 3.77351 4
102 64 204 404 3.77735 4
102 72 204 396 3.78606 4
26 58 9.12866 644.215 3.12279 7
104 46 1168.78 208.638 3.20381 7
106 46 196 428 3.31719 4
110 48 196 420 3.74073 4
110 56 196 412 3.75013 4
110 64 196 404 3.76266 4
110 72 196 396 3.7871 4
28 0 276 468 3.52295 4
28 8 276 460 3.77622 4
28 32 276 436 3.82222 4
28 42 276 428 3.82046 4
28 18 276 452 3.82188 4
116 42 48.7267 367.029 3.18164 1
116 48 188 420 3.73353 4
116 64 188 404 3.77106 4
118 56 188 412 3.75111 4
118 72 188 396 3.78722 4
30 48 276 420 3.80737 4
30 56 276 412 3.82176 4
30 24 276 444 3.82709 4
122 48 180 420 3.32671 4
124 56 180 412 3.53267 4
126 64 180 404 3.70805 4
126 72 180 396 3.72216 4
