2 2 44 732 3.27523 4
32 12 4 764 3.23819 0
32 16 1668 12 3.24933 0
36 36 28 252 3.8418 6
36 44 20 252 3.86399 6
36 52 12 252 3.86486 6
36 20 44 252 3.50086 6
36 28 36 252 3.83405 6
42 4 12 756 3.22886 0
42 20 44 260 3.57203 6
42 28 36 260 3.83294 6
44 36 28 260 3.85213 6
44 44 20 260 3.86748 6
44 52 12 260 3.86856 6
44 14 52 260 3.30197 6
12 36 28 228 3.77386 6
12 44 20 228 3.82754 6
12 52 12 228 3.82288 6
12 30 36 228 3.69235 6
48 0 36 740 3.27956 0
48 8 331.569 502.794 3.26654 1
50 14 52 268 3.54395 6
50 20 44 268 3.6297 6
50 28 36 268 3.80469 6
52 36 28 268 3.80822 6
52 44 20 268 3.85331 6
52 52 12 268 3.85632 6
58 12 52 276 3.64749 6
58 20 44 276 3.64947 6
58 28 36 276 3.81349 6
60 36 28 276 3.81027 6
60 44 20 276 3.82865 6
60 52 12 276 3.84047 6
4 46 20 220 3.54947 6
4 52 12 220 3.57169 6
66 12 52 284 3.64991 6
66 20 44 284 3.63672 6
66 6 60 284 3.41133 6
66 28 36 284 3.80803 6
68 36 28 284 3.80459 6
68 44 20 284 3.82931 6
68 52 12 284 3.82789 6
74 12 52 292 3.45967 6
74 20 44 292 3.57626 6
74 28 36 292 3.75754 6
76 36 28 292 3.75901 6
76 44 20 292 3.82056 6
76 50 12 292 3.80705 6
20 36 28 236 3.81871 6
20 44 20 236 3.84345 6
20 52 12 236 3.83949 6
20 28 36 236 3.80792 6
80 16 1677.9 491.48 3.24646 5
80 30 36 300 3.59636 6
82 36 28 300 3.66712 6
84 44 20 300 3.75349 6
84 50 12 300 3.77215 6
86 32 37.413 4.99075 3.22584 1
86 18 892 276 3.21189 2
22 8 28 724 3.25425 4
90 54 12 308 3.39674 6
90 26 908 268 3.22075 2
94 38 359.854 598.96 3.24522 1
94 40 48.7267 4.99078 3.23393 1
6 38 28 220 3.50229 6
6 30 1684 492 3.26804 2
24 20 740 372 3.21024 0
26 0 20 732 3.26719 4
26 20 44 244 3.33468 6
26 28 36 244 3.81976 6
28 36 28 244 3.82423 6
28 44 20 244 3.84379 6
28 52 12 244 3.84956 6
