0 62 1508 300 3.4369 4
2 0 44 732 3.23587 4
2 50 371.167 395.314 3.38017 3
8 46 365.511 683.813 3.35822 3
8 54 428 580 3.28179 4
36 32 195.805 344.402 3.24164 3
38 34 260 420 3.16804 4
38 54 456.02 559.362 3.18326 1
38 18 178.834 350.059 3.16874 3
42 30 190.148 338.745 3.26394 3
46 32 184.491 333.088 3.29016 3
12 42 1500 324 3.3717 4
48 38 190.148 327.432 3.3022 3
50 18 178.834 338.745 3.20102 3
54 0 897.255 310.461 3.13992 3
54 46 1532 116 3.20878 4
54 50 892 276 3.2982 4
54 14 1332 460 3.17607 2
54 22 1532 140 3.15989 4
54 26 450.363 497.137 3.20835 1
14 34 354.197 400.971 3.34821 3
14 38 20 532 3.32103 2
56 32 1287.58 10.6476 3.27316 3
56 42 892 284 3.29585 4
58 48 1524 116 3.19004 4
58 14 212 492 3.13681 4
58 14 173.177 333.088 3.24124 3
58 26 178.834 327.432 3.27144 3
60 22 1524 140 3.23117 4
62 26 1524 132 3.25131 4
16 38 556 700 3.27777 6
16 46 359.854 384 3.2985 3
66 32 1524 124 3.23562 4
66 38 461.677 497.137 3.17912 1
66 18 161.864 333.088 3.19556 3
70 38 1220 500 3.13087 0
18 34 1492 324 3.30953 4
18 36 354.197 683.813 3.36825 3
72 34 1516 124 3.12476 4
72 6 1684 492 3.21145 4
72 30 1220 492 3.16424 0
74 8 908.568 276.52 3.19964 1
80 0 476 532 3.25036 6
80 18 891.598 282.177 3.23089 3
80 24 897.255 276.52 3.22941 3
22 0 20 732 3.25087 4
22 58 1484 300 3.27231 4
22 30 1484 324 3.28941 4
6 42 1508 324 3.37068 4
6 46 365.511 389.657 3.36414 3
6 56 376.824 672.5 3.38421 3
24 42 1276.26 21.9613 3.16098 3
26 10 28 724 3.21506 4
