2 32 36 740 3.23368 0
2 40 1676 132 3.22816 0
2 50 1228 636 3.24734 0
8 30 12 756 3.30262 0
34 8 20 724 3.22263 4
36 36 229.746 310.461 3.53442 3
36 44 235.403 304.804 3.52534 3
36 54 1434.66 587.647 3.19462 3
36 20 218.432 321.775 3.46734 3
36 28 224.089 316.118 3.51798 3
44 36 224.089 304.804 3.52425 3
44 44 229.746 299.147 3.45931 3
44 20 212.775 316.118 3.54744 3
44 28 218.432 310.461 3.5522 3
12 44 252.373 321.775 3.40769 3
12 50 258.03 316.118 3.37923 3
50 44 224.089 293.49 3.39648 3
52 36 218.432 299.147 3.51083 3
52 20 207.119 310.461 3.55233 3
52 28 212.776 304.804 3.55069 3
54 8 9.12872 531.078 3.25898 1
14 22 44 732 3.25763 0
60 34 212.776 293.49 3.37021 3
60 14 195.805 310.461 3.42102 3
60 20 201.462 304.804 3.4873 3
60 28 207.119 299.147 3.47802 3
66 0 9.12872 519.765 3.2778 1
66 14 1236 212 3.29761 2
66 16 31.7561 531.078 3.29923 1
68 12 190.148 304.804 3.44094 3
68 20 195.805 299.147 3.43675 3
68 28 201.462 293.49 3.165 3
18 52 252.373 310.461 3.43489 3
18 28 20 756 3.28254 0
72 22 1496.88 299.147 3.31335 3
74 24 884 284 3.28465 4
78 6 31.7561 519.765 3.27689 1
20 36 241.06 321.775 3.37188 3
20 44 246.717 316.118 3.4364 3
80 14 1485.57 299.147 3.28768 3
82 16 876 292 3.29019 4
22 0 20 732 3.25838 4
26 52 246.717 304.804 3.42167 3
28 36 235.403 316.118 3.53053 3
28 44 241.06 310.461 3.51548 3
28 22 224.089 327.432 3.32765 3
28 28 229.746 321.775 3.46283 3
