0 40 1692 500 3.28298 2
0 70 44 724 3.22797 6
2 54 1044 67.9999 3.26382 2
2 54 1513.85 632.902 3.28456 5
32 38 852 186.01 3.61812 1
32 72 880.284 202.981 3.58342 1
32 30 846.343 180.353 3.56785 1
34 22 840.686 174.696 3.55922 1
36 14 835.029 169.04 3.44715 1
36 56 868.971 191.667 3.6308 1
36 64 874.627 197.324 3.59787 1
38 48 863.314 186.01 3.63162 1
38 88 897.255 208.638 3.3655 1
10 32 1684 492 3.27267 2
10 10 28 724 3.24906 2
10 30 891.598 282.177 3.21235 7
40 8 892 284 3.28538 2
40 32 852 174.696 3.5636 1
40 40 857.657 180.353 3.61284 1
40 72 885.941 197.324 3.5931 1
40 80 891.598 202.981 3.59744 1
40 82 687.951 372.686 3.13458 3
42 64 880.284 191.667 3.61322 1
42 24 846.343 169.04 3.59331 1
44 10 1677.9 491.48 3.23601 5
44 58 874.627 186.01 3.61464 1
46 50 868.971 180.353 3.59315 1
12 50 852 208.638 3.53639 1
48 34 857.657 169.04 3.54383 1
48 42 863.314 174.696 3.58924 1
48 14 900 276 3.31599 2
48 74 891.598 191.667 3.58942 1
50 66 885.941 186.01 3.61114 1
52 58 880.284 180.353 3.60288 1
52 16 1666.59 491.48 3.23946 5
54 52 874.627 174.696 3.57666 1
54 82 1556 92 3.08964 0
54 22 1496.88 627.245 3.24103 1
54 26 516 372 3.25267 2
54 30 1502.54 632.902 3.31805 1
14 42 846.343 202.981 3.54305 1
14 58 857.657 214.294 3.49715 1
14 22 1660 43.9999 3.21181 2
56 44 868.971 169.04 3.57185 1
56 82 37.413 740.382 3.10051 3
56 26 860 460 3.2334 0
58 34 1530.82 638.558 3.26512 1
58 74 1068 220 3.17868 4
62 50 1612 548 3.24532 2
62 62 744.52 361.373 3.22527 3
62 66 750.177 355.716 3.22383 3
62 98 43.0698 723.411 3.10526 3
16 36 840.686 197.324 3.47226 1
16 72 1134.84 163.383 3.14621 5
18 60 863.314 208.638 3.54356 1
20 52 857.657 202.981 3.5443 1
20 22 512.589 378.343 3.21304 7
22 44 852 197.324 3.57087 1
22 66 1340 20 3.26558 0
22 68 868.971 214.294 3.37092 1
6 0 20 732 3.26625 4
6 38 818.059 378.343 3.27199 5
24 36 846.343 191.667 3.56374 1
24 90 44 740 3.19071 6
24 98 36 740 3.23423 6
26 10 331.569 4.99072 3.2152 7
26 62 868.971 202.981 3.609 1
26 70 874.627 208.638 3.58183 1
26 78 880.284 214.294 3.47696 1
26 20 835.029 180.353 3.51691 1
26 88 1092 67.9999 3.1051 2
26 28 840.686 186.01 3.51653 1
28 54 863.314 197.324 3.61628 1
30 46 857.657 191.667 3.62089 1
30 14 829.373 174.696 3.39945 1
30 86 891.598 214.294 3.28475 1
