0 2 20 732 3.24934 2
0 40 1692 500 3.26292 2
0 56 1615.68 384 3.19163 3
8 34 852 446.225 3.23423 5
8 40 840.687 423.598 3.21265 5
8 42 1692 492 3.20205 2
32 18 965.137 491.48 3.21762 1
34 38 846.343 474.51 3.13072 5
34 50 884 284 3.21765 4
36 32 1484 740 3.23184 2
38 6 1220 620 3.24465 2
38 24 1476 740 3.30667 2
38 26 60 756 3.25594 4
10 32 1684 492 3.26915 2
10 10 28 724 3.24946 2
10 28 348 596 3.19536 6
40 10 1672.24 485.823 3.25474 3
40 26 976.451 491.48 3.21647 1
42 2 1666.59 491.48 3.26279 3
42 16 970.794 485.823 3.22974 1
44 14 1452 732 3.29788 2
44 18 1236.67 367.03 3.17853 7
46 36 52 748 3.24588 4
46 48 52 732 3.23821 4
46 24 1476 732 3.27891 2
48 14 1460 732 3.34476 2
48 4 1660.93 485.823 3.25389 3
48 18 1468 732 3.29916 2
50 36 1484 724 3.23051 2
54 26 1476 724 3.2483 2
56 20 1468 724 3.29893 2
58 12 1460 724 3.30393 2
58 56 36 724 3.22611 4
62 38 44 740 3.32612 4
62 24 1468 716 3.2788 2
16 26 1100.9 61.5593 3.15877 3
64 6 1148 172 3.25267 0
66 34 1281.92 27.6182 3.17533 7
66 16 1460 716 3.30068 2
68 10 1452 716 3.28426 2
68 40 36 740 3.35737 4
70 26 1468 708 3.27249 2
18 32 1492 756 3.20512 2
18 18 857.657 463.196 3.16645 5
72 2 52 556 3.27606 6
72 12 44 556 3.24724 6
72 18 1460 708 3.25098 2
78 26 436 588 3.19549 0
22 42 1500 748 3.20108 2
6 56 801.088 361.373 3.18491 5
24 50 348.54 598.96 3.18238 3
24 50 892 284 3.2004 4
24 54 1660.93 44.5889 3.16409 7
26 34 1492 748 3.19251 2
26 56 916 308 3.13773 0
26 56 892 276 3.18848 4
28 28 1484 748 3.18626 2
30 8 1677.9 491.48 3.22576 3
30 6 1220 628 3.22691 2
