0 6 20 732 3.20961 2
2 48 320.256 559.362 3.34843 1
8 34 1502.54 304.804 3.31865 5
8 10 20 724 3.17457 2
36 32 532 724 3.78843 4
36 40 532 716 3.78256 4
36 14 26.0993 536.735 3.48389 3
36 16 532 740 3.78765 4
36 64 532 692 3.76736 4
36 24 532 732 3.78434 4
38 48 532 708 3.7044 4
38 56 532 700 3.71696 4
38 72 532 684 3.76232 4
38 80 532 676 3.73877 4
38 6 292 684 3.37959 4
10 6 28 724 3.19203 2
10 30 43.0699 565.019 3.17674 3
44 32 524 724 3.79222 4
44 40 524 716 3.79043 4
46 12 1516 356 3.31905 2
46 48 524 708 3.72338 4
46 56 524 700 3.73871 4
46 64 524 692 3.72828 4
46 66 1124 188 3.2509 6
46 18 524 740 3.7452 4
46 72 524 684 3.46565 4
46 26 524 732 3.75692 4
12 42 556 716 3.70964 4
48 82 52 556 3.2326 0
50 48 516 708 3.65258 4
50 14 1519.51 378.343 3.27837 3
50 24 516 732 3.70987 4
52 32 516 724 3.79302 4
52 40 516 716 3.78683 4
52 64 1132 196 3.24625 6
52 64 891.598 282.177 3.19934 3
54 58 314.599 553.706 3.34789 5
14 34 372 660 3.52698 4
14 50 556 708 3.76492 4
14 54 428 588 3.3658 2
14 58 556 700 3.75839 4
14 66 556 692 3.70416 4
58 8 44 724 3.16332 2
16 34 476 460 3.30983 6
18 28 1197.07 327.432 3.1833 7
22 2 569.157 683.813 3.17682 7
22 34 548 724 3.77296 4
22 42 548 716 3.7555 4
22 50 548 708 3.75628 4
22 58 548 700 3.77253 4
22 64 548 692 3.76209 4
22 30 359.854 553.706 3.42247 5
6 16 36 724 3.15011 2
6 64 572 692 3.26286 4
6 66 460 556 3.22919 2
28 34 540 724 3.78725 4
28 40 540 716 3.78192 4
28 18 540 740 3.7817 4
28 24 540 732 3.78645 4
30 48 540 708 3.69639 4
30 14 308 676 3.67395 4
30 14 31.7562 542.392 3.46602 3
30 58 540 700 3.75015 4
30 66 540 692 3.76999 4
30 72 540 684 3.76545 4
30 72 388.138 672.5 3.44578 1
