0 38 1666.59 4.99091 2.70978 7
0 42 1660.93 10.6477 2.70896 7
0 66 204 716 2.59059 4
0 66 1180.1 321.775 2.61924 5
2 32 1700 220 2.71983 0
2 22 184.491 276.52 2.5981 7
2 24 1700 212 2.70706 0
8 34 1264.95 270.863 2.71084 1
8 62 885.941 299.147 2.57011 7
34 8 1276.26 236.922 2.66764 1
34 36 1293.23 253.892 2.75673 1
34 48 892 252 2.65765 0
34 16 1281.92 242.579 2.75353 1
34 66 20 724 2.60858 4
36 58 20 732 2.59772 4
36 26 1287.58 248.235 2.77715 1
38 42 20.4425 700.784 2.61594 7
38 46 884 268 2.59749 0
10 40 1270.61 276.52 2.71836 1
40 42 900 244 2.60008 0
40 14 1287.58 236.922 2.62072 1
42 2 77.011 508.451 2.6144 3
42 34 508 348 2.62165 0
42 34 212.776 598.96 2.63007 3
42 54 12 732 2.59359 4
42 62 12 724 2.58017 4
46 34 31.7562 700.784 2.62743 7
12 48 1276.26 282.177 2.70392 1
12 22 1264.95 259.549 2.74636 1
12 6 884 284 2.63128 0
12 26 1270.61 265.206 2.72287 1
52 66 44 732 2.61471 0
52 24 201.462 598.96 2.61464 3
16 8 348.54 598.96 2.63273 7
16 36 1276.26 270.863 2.7148 1
18 14 1264.95 248.235 2.75282 1
18 60 891.598 304.804 2.59087 7
20 0 860 452 2.64374 6
20 46 1281.92 276.52 2.72846 1
20 54 1287.58 282.177 2.65845 1
20 20 1270.61 253.892 2.76972 1
22 2 916 268 2.70363 0
22 62 436 596 2.60752 0
22 28 1276.26 259.549 2.762 1
24 0 852 436 2.67905 6
26 42 1287.58 270.863 2.6571 1
26 12 1270.61 242.579 2.71166 1
28 54 884 260 2.6316 0
28 18 1276.26 248.235 2.76521 1
30 34 1287.58 259.549 2.78812 1
30 26 1281.92 253.892 2.79254 1
