0 0 60.0404 446.225 3.32341 1
0 10 65.6973 451.882 3.33142 1
0 46 20 732 3.2494 2
0 12 1049.99 67.2162 3.30548 3
0 50 28 732 3.21024 2
0 14 1660.93 10.6477 3.30649 7
0 66 44 732 3.24798 2
8 2 65.6973 440.569 3.31101 1
8 32 1652 764 3.2452 0
8 46 20 724 3.21055 2
32 28 489.961 197.324 3.46762 1
34 36 495.618 202.981 3.43389 1
34 10 484.304 180.353 3.40772 1
34 42 1061.3 55.9025 3.30621 1
38 18 489.961 186.01 3.41664 1
10 50 28 724 3.23036 2
40 26 495.618 191.667 3.46869 1
42 8 489.961 174.696 3.39194 1
42 34 501.275 197.324 3.47086 1
42 50 1492 684 3.27124 0
44 42 506.932 202.981 3.41478 1
44 50 1033.02 72.873 3.27218 1
46 16 495.618 180.353 3.4376 1
12 10 461.677 191.667 3.2801 1
12 18 467.334 197.324 3.38413 1
50 30 506.932 191.667 3.46808 1
52 38 512.589 197.324 3.43157 1
52 14 501.275 174.696 3.41046 1
54 0 1500 628 3.29631 0
54 46 518.246 202.981 3.41264 1
54 20 506.932 180.353 3.47689 1
14 38 1106.56 44.5887 3.27043 1
14 26 472.991 202.981 3.35924 1
56 58 348 596 3.29288 4
58 12 506.932 169.04 3.31473 1
58 58 468 516 3.26117 2
58 60 1676 492 3.26199 0
58 28 512.589 186.01 3.4799 1
60 36 518.246 191.667 3.46893 1
60 6 1460 668 3.27444 4
62 44 523.902 197.324 3.46898 1
62 66 885.941 276.52 3.26668 5
62 18 512.589 174.696 3.46279 1
64 0 1556 636 3.24537 0
64 12 740 372 3.23988 2
64 50 529.559 202.981 3.30471 1
64 26 518.246 180.353 3.45129 1
66 10 1228 636 3.22609 4
66 56 340 596 3.28244 4
66 60 468 508 3.31007 2
66 60 891.598 282.177 3.32382 5
68 34 523.902 186.01 3.46921 1
68 18 1502.54 632.902 3.267 1
70 42 529.559 191.667 3.43197 1
18 8 467.334 186.01 3.3566 1
18 4 332 4 3.27789 0
72 48 535.216 197.324 3.25968 1
72 66 897.255 276.52 3.28848 5
74 60 468 500 3.29649 2
74 22 1513.85 632.902 3.28806 1
74 22 670.981 763.009 3.19551 5
74 24 1220 668 3.20143 0
76 44 1660.93 33.2751 3.20143 5
80 46 540.873 191.667 3.23005 1
80 60 588 452 3.22253 0
82 34 1660.93 44.5888 3.28694 5
82 54 546.53 197.324 3.23951 1
82 30 1666.59 491.48 3.19506 5
84 42 1655.27 38.932 3.28075 5
22 38 1516 636 3.31862 4
22 22 478.648 197.324 3.38198 1
90 60 324 596 3.23528 4
6 28 1095.24 44.5887 3.24642 1
24 32 484.305 202.981 3.34806 1
24 16 1012 36 3.23185 4
26 38 1508 636 3.33248 4
26 42 1055.65 61.5593 3.31844 1
26 12 478.648 186.01 3.34874 1
28 48 1508 628 3.28872 4
30 20 484.305 191.667 3.3792 1
