0 14 12 732 3.25699 2
0 58 548 676 3.39133 6
0 62 468 516 3.33742 4
2 0 44 732 3.30768 4
8 46 914.225 270.863 3.25512 7
8 48 891.598 282.177 3.3263 7
8 48 919.882 299.147 3.3107 3
32 52 1434.66 440.569 3.65455 3
34 14 36 548 3.28736 2
34 60 1440.31 434.912 3.678 3
34 64 1445.97 429.255 3.53337 3
34 22 1406.37 457.539 3.35871 3
34 28 1412.03 451.882 3.63949 3
36 36 1417.69 446.225 3.66967 3
38 10 331.569 570.676 3.30625 3
38 44 1423.34 440.569 3.68772 3
38 14 1524 356 3.32793 0
10 66 1457.28 451.882 3.46444 3
40 14 28 532 3.36742 2
40 60 1434.66 429.255 3.67879 3
42 10 1492 316 3.35026 4
42 16 1400.71 451.882 3.60605 3
42 6 20 532 3.36655 2
42 26 1406.37 446.225 3.65011 3
44 34 1412.03 440.569 3.6876 3
46 42 1417.69 434.912 3.6749 3
46 50 1423.34 429.255 3.6813 3
48 18 1395.06 446.225 3.56545 3
48 6 20 524 3.36263 2
50 56 1429 423.598 3.6862 3
50 22 412 588 3.21677 4
50 24 1400.71 440.568 3.64916 3
52 32 1406.37 434.912 3.67135 3
54 10 1383.74 446.225 3.36898 3
54 40 1412.03 429.255 3.68837 3
54 48 1417.69 423.598 3.67047 3
56 0 314.599 565.019 3.22181 3
56 14 1389.4 440.568 3.55216 3
56 56 1423.34 417.941 3.6771 3
56 24 444.707 480.167 3.20769 5
60 38 1406.37 423.598 3.66583 3
60 30 1400.71 429.255 3.67638 3
62 2 36 372 3.13038 2
62 46 1412.03 417.941 3.65184 3
16 48 1440.31 457.539 3.55875 3
16 56 1445.97 451.882 3.62752 3
64 14 82.6678 480.167 3.24431 3
66 54 1417.69 412.284 3.65631 3
66 56 1412.03 406.627 3.62127 3
66 66 1423.34 406.627 3.43677 3
66 22 1389.4 429.255 3.61524 3
68 46 1406.37 412.284 3.64476 3
70 36 1400.71 417.941 3.63366 3
70 28 1395.06 423.598 3.65221 3
18 64 1451.63 446.225 3.62743 3
72 14 77.011 474.51 3.23674 3
22 10 28 724 3.28878 4
22 46 1434.66 451.882 3.66978 3
6 54 1451.63 457.539 3.37526 3
24 54 1440.31 446.225 3.66851 3
24 62 1445.97 440.568 3.68841 3
26 30 1417.69 457.539 3.53877 3
28 38 1423.34 451.882 3.6736 3
28 74 444.706 559.362 3.22206 1
30 0 20 732 3.30203 4
30 46 1429 446.225 3.65879 3
30 62 359.854 553.706 3.23034 5
30 16 139.236 344.402 3.11544 1
