0 58 1163.13 44.5887 3.30783 3
0 66 324 588 3.12139 6
2 0 44 732 3.25868 4
8 44 1146.16 50.2456 3.26121 3
8 50 1151.81 44.5887 3.29127 3
34 42 399.452 751.696 3.52062 3
34 68 422.079 740.382 3.53152 3
34 18 376.824 763.009 3.37929 3
36 10 1540 580 3.15587 6
36 50 405.109 746.039 3.52146 3
36 24 382.481 757.352 3.45437 3
38 32 388.138 751.696 3.50719 3
38 56 410.765 740.382 3.56163 3
40 0 54.3837 463.196 3.15508 5
40 66 416.422 734.725 3.57182 3
42 14 371.167 757.352 3.43341 3
44 46 399.452 740.382 3.5035 3
44 22 376.824 751.696 3.42779 3
46 54 405.109 734.725 3.5737 3
46 30 382.481 746.039 3.49146 3
48 38 388.138 740.382 3.49706 3
48 12 365.511 751.696 3.47878 3
48 62 410.765 729.068 3.5818 3
50 44 393.795 734.725 3.48789 3
50 70 416.422 723.411 3.45975 3
54 52 399.452 729.068 3.48754 3
54 18 365.511 740.382 3.47478 3
54 26 376.824 740.382 3.43953 3
14 36 1134.84 50.2457 3.26986 3
56 0 1660.93 10.6476 3.28233 1
56 36 382.481 734.725 3.4873 3
56 10 359.854 746.039 3.48114 3
56 60 405.109 723.411 3.48896 3
58 0 1236 348 3.3244 0
58 42 388.138 729.068 3.50132 3
58 68 410.765 717.754 3.45974 3
60 50 393.795 723.411 3.46426 3
62 0 1420 11.9999 3.27007 4
62 26 371.167 734.725 3.42756 3
16 66 427.736 757.352 3.3806 3
64 32 376.824 729.068 3.52752 3
66 10 1244 356 3.27098 0
66 40 382.481 723.411 3.51727 3
66 14 359.854 734.725 3.44591 3
66 66 405.109 712.098 3.40318 3
66 6 1684 492 3.24157 4
68 6 1072.62 78.5299 3.19759 5
70 56 393.795 712.098 3.43338 3
70 22 365.511 729.068 3.47365 3
18 10 28 724 3.23858 4
18 48 410.765 763.009 3.46201 3
18 56 428 460 3.28056 4
18 64 420 756 3.27891 2
72 30 371.167 723.411 3.51586 3
74 8 965.137 367.029 3.18517 3
74 38 376.824 717.754 3.51187 3
76 46 382.481 712.098 3.43073 3
76 20 359.854 723.411 3.33618 3
78 56 428 604 3.30596 0
20 56 416.422 757.352 3.49623 3
80 36 371.167 712.098 3.39456 3
80 48 846.343 429.255 3.29372 1
80 58 902.912 270.863 3.23618 3
80 22 1316 348 3.29017 6
80 26 428 556 3.30613 0
82 52 1615.68 157.726 3.23784 7
84 18 354.197 717.754 3.28406 3
84 26 1324 356 3.29079 6
86 12 12 524 3.22078 2
22 38 399.452 763.009 3.443 3
22 54 420 460 3.31415 4
22 6 20 724 3.21674 4
88 54 900 260 3.11252 0
90 14 953.823 344.402 3.20727 3
90 22 36 524 3.28602 2
94 0 43.0698 723.411 3.15919 1
94 14 12 516 3.20497 2
94 26 452 556 3.3926 0
94 26 44 516 3.34675 2
6 52 1532 99.9999 3.28923 2
24 46 405.109 757.352 3.43405 3
24 62 422.079 751.696 3.52096 3
24 70 427.736 746.039 3.54213 3
26 0 20 732 3.25255 4
28 54 410.765 751.696 3.49493 3
30 36 393.795 757.352 3.4616 3
30 22 372 756 3.28543 2
30 24 388.138 763.009 3.37614 3
