0 148 44 732 3.28868 2
0 42 12 732 3.26851 2
0 50 20 732 3.29974 2
0 98 1049.99 67.2162 3.34847 3
0 102 716.235 581.99 3.37145 1
8 54 28 724 3.27455 2
8 82 914.225 270.863 3.27704 7
8 104 721.892 576.333 3.31309 1
32 134 195.805 389.657 3.22639 5
32 42 654.01 519.765 3.73678 3
32 116 710.579 474.51 3.83338 3
32 122 716.236 468.853 3.77583 3
34 36 648.353 525.421 3.66848 3
34 50 659.667 514.108 3.80298 3
34 58 665.324 508.451 3.8274 3
34 68 670.981 502.794 3.81464 3
36 74 676.638 497.137 3.84015 3
36 82 682.294 491.48 3.82676 3
38 134 818.059 378.343 3.25432 3
38 90 687.951 485.823 3.84627 3
38 98 693.608 480.167 3.84406 3
10 46 12 724 3.25351 2
40 34 642.696 519.765 3.76096 3
40 42 648.353 514.108 3.81457 3
40 26 637.04 525.421 3.60149 3
40 114 704.922 468.853 3.83368 3
40 122 710.579 463.196 3.81319 3
42 130 716.236 457.539 3.5552 3
42 50 654.01 508.451 3.85197 3
42 58 659.667 502.794 3.85136 3
42 66 665.324 497.137 3.84029 3
44 74 670.981 491.48 3.8551 3
44 82 676.638 485.823 3.85437 3
46 138 755.834 361.373 3.27785 5
46 18 625.726 525.421 3.63728 3
46 90 682.294 480.167 3.84955 3
46 98 687.951 474.51 3.85269 3
46 106 693.608 468.853 3.83938 3
12 78 1038.68 67.2162 3.33641 3
48 8 620.069 531.078 3.50577 3
48 34 637.04 514.108 3.76859 3
48 42 642.696 508.451 3.78672 3
48 26 631.383 519.765 3.73727 3
48 114 699.265 463.196 3.85071 3
48 122 704.922 457.539 3.84385 3
50 8 852 340 3.29412 4
50 130 710.579 451.882 3.77222 3
50 50 648.353 502.794 3.84598 3
50 58 654.01 497.137 3.8292 3
50 66 659.667 491.48 3.81918 3
52 136 716.236 446.225 3.68752 3
52 74 665.324 485.823 3.85265 3
52 82 670.981 480.167 3.83854 3
54 16 620.069 519.765 3.67639 3
54 88 676.638 474.51 3.81119 3
54 6 461.677 531.078 3.37939 5
54 98 682.294 468.853 3.836 3
54 106 687.951 463.196 3.83976 3
14 86 699.265 508.451 3.62153 3
14 94 704.922 502.794 3.8043 3
14 102 710.579 497.137 3.8039 3
56 32 631.383 508.451 3.79215 3
56 40 637.04 502.794 3.82299 3
56 48 642.696 497.137 3.84624 3
56 114 693.608 457.539 3.82871 3
56 122 699.265 451.882 3.83624 3
58 128 704.922 446.225 3.80735 3
58 136 710.579 440.568 3.73797 3
58 56 648.353 491.48 3.83441 3
58 64 654.01 485.823 3.84955 3
60 72 659.667 480.167 3.86783 3
60 80 665.324 474.51 3.86213 3
62 8 608.755 519.765 3.64912 3
62 16 614.412 514.108 3.69017 3
62 88 670.981 468.853 3.85094 3
62 24 620.069 508.451 3.72894 3
62 96 676.638 463.196 3.85845 3
62 104 682.294 457.539 3.84096 3
16 62 1033.02 72.8729 3.3117 3
64 32 625.726 502.794 3.79738 3
64 40 631.383 497.137 3.83725 3
64 112 687.951 451.882 3.86157 3
64 120 693.608 446.225 3.85029 3
66 128 699.265 440.568 3.79591 3
66 136 704.922 434.912 3.75305 3
66 48 637.04 491.48 3.85353 3
66 56 642.696 485.823 3.8514 3
66 98 789.775 293.49 3.28903 7
68 8 603.098 514.108 3.615 3
68 64 648.353 480.167 3.85615 3
68 72 654.01 474.51 3.86768 3
68 80 659.667 468.853 3.86984 3
70 16 608.755 508.451 3.68318 3
70 18 999.078 536.735 3.25381 7
70 88 665.324 463.196 3.83257 3
70 24 614.412 502.794 3.69226 3
70 96 670.981 457.539 3.84874 3
70 104 676.638 451.882 3.82983 3
18 114 721.892 485.823 3.65639 3
72 32 620.069 497.137 3.73217 3
72 138 704.922 423.598 3.34153 3
72 46 631.383 485.823 3.83353 3
72 112 682.294 446.225 3.84359 3
72 120 687.951 440.568 3.84482 3
74 128 693.608 434.912 3.75383 3
74 62 642.696 474.51 3.82552 3
74 18 603.098 502.794 3.33211 3
74 26 993.421 542.392 3.19809 7
74 110 727.549 118.128 3.30356 3
76 70 648.353 468.853 3.86454 3
76 80 654.01 463.196 3.85617 3
78 10 1066.96 186.01 3.18825 1
78 16 132 580 3.1871 4
78 94 665.324 451.882 3.85161 3
20 76 687.951 508.451 3.83634 3
20 84 693.608 502.794 3.82973 3
80 128 687.951 429.255 3.75459 3
80 38 620.069 485.823 3.80094 3
80 44 100 156 3.20668 0
80 110 676.638 440.568 3.86376 3
80 118 682.294 434.912 3.84197 3
82 10 36 740 3.17527 2
82 46 625.726 480.167 3.84203 3
82 54 631.383 474.51 3.84516 3
84 62 637.04 468.853 3.84214 3
84 70 642.696 463.196 3.86834 3
84 78 648.353 457.539 3.86536 3
86 136 761.49 333.088 3.23675 7
86 86 654.01 451.882 3.84494 3
86 94 659.667 446.225 3.86031 3
86 102 665.324 440.568 3.84012 3
22 48 820 364 3.26651 6
22 70 682.294 514.108 3.7307 3
22 92 699.265 497.137 3.84985 3
22 100 704.922 491.48 3.84592 3
22 108 710.579 485.823 3.82202 3
88 130 540.873 440.568 3.28013 7
88 70 637.04 457.539 3.55238 3
88 110 670.981 434.912 3.85636 3
88 118 676.638 429.255 3.8595 3
88 124 682.294 423.598 3.51835 3
90 78 642.696 451.882 3.65633 3
92 86 648.353 446.225 3.79303 3
94 94 654.01 440.568 3.82059 3
94 102 659.667 434.912 3.80828 3
24 34 1106.56 587.647 3.18075 7
24 116 716.235 480.167 3.84234 3
96 130 740 364 3.30936 4
96 68 750.177 615.931 3.25502 5
96 98 642.696 440.568 3.3351 3
96 108 665.324 429.255 3.80195 3
96 122 740 372 3.31918 4
98 82 1100 44 3.27276 6
98 82 885.941 514.108 3.31156 1
98 112 659.667 423.598 3.31934 3
26 60 670.981 514.108 3.84126 3
26 68 676.638 508.451 3.82533 3
104 138 43.0699 734.725 3.1246 7
104 86 331.569 491.48 3.25736 3
104 106 1479.91 678.156 3.25179 5
28 44 659.667 525.421 3.68317 3
28 52 665.324 519.765 3.82998 3
28 76 682.294 502.794 3.847 3
28 84 687.951 497.137 3.82592 3
28 30 708 636 3.18868 2
30 36 654.01 531.078 3.44515 3
30 46 953.823 514.108 3.23356 7
30 92 693.608 491.48 3.83234 3
30 100 699.265 485.823 3.84576 3
30 108 704.922 480.167 3.82031 3
