0 14 4 764 2.64389 0
0 30 1316 172 2.57903 2
8 8 12 756 2.65377 0
8 4 44 732 2.64345 0
34 24 532 732 2.81281 2
38 2 892 308 2.7243 4
38 14 300 652 2.84924 2
38 22 308 652 2.84825 2
10 20 26.0993 559.362 2.59908 1
10 24 1324 396 2.58238 6
10 26 31.7561 565.019 2.62577 1
40 34 48.7267 559.362 2.69214 1
40 18 316 652 2.83524 2
40 24 348 660 2.8205 2
42 14 292 668 2.8248 2
54 10 292 660 2.80951 2
54 16 276 660 2.81673 2
14 10 284 684 2.58733 2
58 14 284 652 2.82113 2
58 26 190.148 632.902 2.72673 1
60 18 348 652 2.82131 2
64 0 476 500 2.75887 6
64 26 195.805 627.245 2.73432 1
68 14 252 620 2.7707 2
70 22 260 620 2.77569 2
18 26 557.844 683.813 2.64834 5
74 6 468 508 2.74321 6
74 30 716.236 570.676 2.66753 7
78 8 885.941 287.833 2.72316 1
78 20 260 612 2.68745 2
78 6 885.941 310.461 2.72187 5
80 10 1076 404 2.71874 4
80 26 268 612 2.67792 2
84 8 891.598 282.177 2.72917 1
22 12 1524 356 2.69383 0
22 16 316 676 2.84859 2
22 16 348.54 565.019 2.79376 3
22 24 364 684 2.83045 2
26 14 316 668 2.83979 2
26 14 20.4424 531.078 2.70364 1
26 26 364 676 2.83062 2
30 22 324 668 2.84324 2
