0 78 20 732 3.28207 2
0 22 444.707 570.676 3.32401 3
0 88 44 732 3.2827 2
0 26 874.627 276.52 3.32221 3
0 30 860 452 3.30626 4
2 0 1684 508 3.35853 0
2 8 1684 516 3.34625 0
2 40 461.677 553.706 3.29695 3
8 0 1692 508 3.35535 0
8 42 456.02 548.049 3.29614 3
8 46 1132 35.9999 3.29321 2
8 18 724 76 3.34915 6
32 58 692 108 3.436 6
32 16 732 100 3.583 6
32 24 724 100 3.58636 6
34 8 740 100 3.50309 6
34 40 708 108 3.55001 6
34 50 700 108 3.51273 6
36 74 676 116 3.41993 6
38 34 716 108 3.56374 6
38 66 684 116 3.49194 6
10 12 732 76 3.36622 6
10 48 1156 43.9999 3.27609 2
10 86 44 724 3.22562 2
10 88 36 724 3.2289 2
40 58 692 116 3.47709 6
40 18 732 108 3.59808 6
42 10 740 108 3.54229 6
42 50 700 116 3.45226 6
42 80 668 124 3.2587 6
44 36 716 116 3.47847 6
44 42 708 116 3.44559 6
44 76 676 124 3.45124 6
46 68 684 124 3.50914 6
46 28 724 116 3.48575 6
12 54 844 428 3.25048 4
48 12 740 116 3.38042 6
48 52 700 124 3.44912 6
48 18 732 116 3.41471 6
50 10 1462.94 672.5 3.33068 5
50 52 919.882 140.755 3.28614 7
50 80 908.569 276.52 3.24293 3
50 86 65.6974 440.568 3.20545 5
50 22 1457.28 666.843 3.34557 5
54 34 1300 12 3.33778 6
54 64 828 428 3.25517 0
54 82 450.363 395.314 3.22609 7
14 36 708 84 3.5464 6
14 54 456.02 525.421 3.29968 3
14 62 461.677 519.765 3.29235 3
14 28 716 84 3.56517 6
16 12 732 84 3.56521 6
16 20 724 84 3.57497 6
18 0 1542.14 570.676 3.33848 7
18 46 700 92 3.51153 6
18 54 692 92 3.43207 6
18 78 892 284 3.22714 6
20 0 1396 11.9999 3.34108 4
20 38 708 92 3.57191 6
22 64 684 100 3.4597 6
22 30 716 92 3.57238 6
6 36 852 444 3.31243 4
24 14 732 92 3.56295 6
24 56 692 100 3.43537 6
24 22 724 92 3.56203 6
26 48 700 100 3.53814 6
28 32 716 100 3.56017 6
28 40 708 100 3.59174 6
28 80 668 108 3.28986 6
30 0 1553.45 581.99 3.27371 7
30 64 684 108 3.48307 6
30 72 676 108 3.43312 6
