0 0 124 548 2.72163 0
0 0 1164 196 2.72766 4
0 0 1361.12 16.3046 2.6682 3
0 8 124 556 2.649 0
0 66 44 732 2.71379 2
2 22 12 756 2.69042 6
8 0 940 228 2.66059 4
8 6 1197.07 497.137 2.65151 1
32 48 220 492 2.63466 6
32 14 892 252 2.59412 6
34 44 1072.62 225.608 2.73019 1
34 22 412 460 2.60393 6
34 30 184.491 378.343 2.77384 5
38 36 178.834 372.686 2.80257 5
38 46 173.178 367.029 2.83593 5
38 54 167.521 361.373 2.82773 5
38 60 161.864 355.716 2.64306 5
10 48 28 724 2.70181 2
40 64 1214.04 4.99084 2.61305 3
40 22 461.677 384 2.61814 5
42 34 1072.62 214.294 2.66244 1
42 26 484 524 2.60256 6
42 30 178.834 384 2.65169 5
44 36 173.178 378.343 2.80012 5
44 44 167.521 372.686 2.82912 5
46 50 161.864 367.029 2.8027 5
12 32 4 764 2.65087 6
48 48 1095.24 214.294 2.64365 1
48 58 1621.33 152.069 2.60258 7
48 22 884 268 2.58501 6
48 30 876 260 2.59935 6
50 36 167.521 384 2.62888 5
52 44 161.864 378.343 2.76308 5
54 42 1632.65 152.069 2.64216 3
58 0 20 732 2.70616 4
18 2 44 516 2.60787 0
18 24 201.462 372.686 2.77368 5
20 32 195.805 367.029 2.70356 5
22 8 77.011 474.51 2.64292 3
22 58 1220 628 2.6192 0
26 46 220 484 2.64274 6
26 60 1677.9 491.48 2.61739 1
26 22 195.805 378.343 2.77037 5
26 30 190.148 372.686 2.7781 5
28 38 184.491 367.029 2.80116 5
28 46 178.834 361.373 2.81283 5
30 16 772 628 2.57882 4
