0 0 28 740 2.61123 0
0 46 20 732 2.7039 2
0 14 77.011 497.137 2.60803 1
2 10 28 748 2.5992 0
2 30 12 756 2.64599 6
8 32 868.971 282.177 2.63361 3
8 10 484 660 2.58051 6
34 38 1321.52 270.863 2.6519 7
34 42 1315.86 276.52 2.71228 7
34 48 1310.21 282.177 2.7044 7
34 56 1620 156 2.66041 2
34 56 1304.55 287.834 2.74008 7
34 30 478.648 536.735 2.61053 7
36 64 1298.89 293.49 2.70937 7
38 6 44 724 2.66419 6
10 32 450.363 519.764 2.65095 7
10 54 28 724 2.6971 2
42 38 1604 148 2.61205 2
42 42 1519.51 525.421 2.6381 1
42 58 1310.21 293.49 2.74036 7
42 66 1304.55 299.147 2.73602 7
46 50 1612 148 2.67329 2
12 18 1315.86 242.579 2.74722 7
12 26 1310.21 248.236 2.7393 7
48 2 44 732 2.72222 6
48 54 1536.48 531.078 2.68714 1
18 32 1310.21 259.549 2.70631 7
20 10 1327.18 242.579 2.68711 7
20 18 1321.52 248.236 2.72657 7
20 26 1315.86 253.892 2.76799 7
22 40 456.02 548.049 2.65189 7
24 0 212 420 2.6065 2
24 68 36 740 2.6261 6
26 42 1310.21 270.863 2.70237 7
26 48 1304.55 276.52 2.64519 7
26 18 1327.18 253.892 2.70247 7
26 26 1321.52 259.549 2.69916 7
28 34 1315.86 265.206 2.70671 7
30 8 342.883 593.304 2.58857 1
30 12 892 284 2.5867 2
