0 32 1496.88 627.245 3.26752 5
0 34 1588 556 3.3022 6
0 34 874.627 276.52 3.26775 3
0 78 20 732 3.30059 2
0 26 1596 556 3.25449 6
2 16 420 460 3.21444 4
2 96 44 732 3.30875 2
8 38 772.804 627.245 3.25889 1
32 14 716 572 3.25375 4
32 26 892 684 3.34701 4
34 34 892 676 3.34708 4
34 52 900 660 3.39241 4
34 76 908 636 3.42027 4
34 84 908 628 3.3576 4
36 60 900 652 3.39907 4
36 66 900 644 3.41063 4
38 44 892 668 3.42611 4
10 10 818.059 378.343 3.20281 5
10 14 342.883 4.99072 3.2099 7
40 50 892 660 3.3804 4
40 74 900 636 3.37608 4
40 74 970.794 587.647 3.29329 3
42 58 892 652 3.3875 4
42 82 900 628 3.34604 4
44 64 892 644 3.40853 4
46 32 388.138 593.304 3.19685 3
46 46 884 668 3.3281 4
46 96 897.255 514.108 3.28986 3
12 50 348.54 598.96 3.2513 5
12 58 1100 43.9999 3.2295 2
12 64 916 268 3.37921 6
12 18 908 700 3.28217 4
12 6 1684 516 3.28435 0
48 74 965.137 581.99 3.28831 3
50 54 884 652 3.40338 4
50 78 892 628 3.4287 4
50 80 684 12 3.26493 6
50 96 427.736 610.274 3.24795 1
52 44 844 428 3.23795 0
52 62 884 644 3.39418 4
54 90 885.941 514.108 3.2757 3
14 42 916 676 3.30858 4
14 62 924 268 3.32317 6
14 82 892 276 3.32185 6
14 94 44 724 3.2517 2
14 24 908 692 3.34071 4
56 70 884 636 3.43922 4
58 78 884 628 3.44772 4
58 88 976.451 548.049 3.29686 3
58 90 1677.9 491.48 3.27903 7
60 86 820 404 3.22037 2
60 88 331.57 502.794 3.25141 5
64 64 852 444 3.29571 0
64 88 1298.89 610.274 3.1716 3
66 74 852 452 3.30082 0
66 90 1683.56 497.137 3.1835 7
18 0 1692 508 3.27472 0
18 32 908 684 3.30089 4
18 40 908 676 3.34037 4
18 72 908 276 3.37182 6
20 14 900 700 3.35104 4
20 66 916 276 3.3383 6
22 22 900 692 3.36601 4
24 54 908 660 3.38104 4
24 30 900 684 3.36049 4
26 96 876 292 3.25967 6
28 36 900 676 3.35367 4
28 62 908 652 3.40865 4
30 44 900 668 3.40902 4
30 70 908 644 3.42503 4
30 20 892 692 3.33439 4
