0 34 1083.93 214.294 3.14207 7
2 42 1380 316 3.17225 4
34 44 1348 324 3.59737 4
34 54 1348 316 3.56374 4
36 38 1348 332 3.67053 4
38 0 269.344 395.314 3.14334 5
38 22 1348 348 3.6428 4
38 30 1348 340 3.67939 4
10 38 1036 340 3.14262 0
10 10 28 724 3.24091 2
40 52 1340 316 3.51131 4
40 14 1348 356 3.62843 4
42 46 1340 324 3.61603 4
44 38 1340 332 3.66451 4
46 8 1524 588 3.23621 0
46 56 1324 308 3.30143 4
46 22 1340 348 3.66953 4
46 6 1340 364 3.52707 4
46 30 1340 340 3.66065 4
12 34 1372 332 3.53252 4
12 40 1372 324 3.53115 4
50 48 1332 324 3.6105 4
50 16 1340 356 3.65919 4
52 40 1332 332 3.67688 4
54 2 468 532 3.42506 6
54 32 1332 340 3.67317 4
54 24 1332 348 3.67088 4
14 42 178.834 700.784 3.19466 1
14 26 1372 340 3.42336 4
56 2 460 548 3.43796 6
56 54 204 596 3.23791 4
56 16 1332 356 3.66871 4
60 42 1324 332 3.60497 4
62 8 452 556 3.4254 6
62 34 1324 340 3.58509 4
4 36 1380 324 3.24727 4
64 8 77.011 497.137 3.25803 3
64 10 460 540 3.42243 6
64 10 919.882 299.147 3.29062 5
64 18 1324 356 3.62392 4
66 42 1316 332 3.55241 4
66 54 908 268 3.21217 4
68 34 1316 340 3.58016 4
70 26 1316 348 3.61635 4
18 32 1044 332 3.17229 0
18 38 412 492 3.25416 2
18 42 412 500 3.2367 2
18 42 1364 324 3.60742 4
74 16 1308 356 3.47099 4
76 36 1308 340 3.50875 4
76 46 900 276 3.31441 4
76 16 1089.59 72.8731 3.26632 5
78 28 1308 348 3.50208 4
80 34 1300 340 3.32694 4
84 46 892 276 3.29867 4
22 36 1364 332 3.61167 4
22 26 1364 340 3.61996 4
22 28 396 484 3.27173 2
6 0 20 732 3.26828 4
26 10 670.981 763.009 3.11157 3
26 44 1356 324 3.59813 4
26 22 393.795 632.902 3.1722 5
26 6 52 732 3.10846 0
28 36 1356 332 3.6713 4
28 50 1356 316 3.48238 4
30 18 388 476 3.14 2
30 20 1356 348 3.6121 4
30 28 1356 340 3.67086 4
