0 4 20 732 3.29893 2
0 22 44 732 3.25492 2
2 66 1112.22 197.324 3.23602 3
32 38 1061.3 202.981 3.696 3
32 44 1066.96 197.324 3.71011 3
34 2 1033.02 231.265 3.26299 3
34 22 1049.99 214.294 3.71517 3
34 28 1055.65 208.638 3.70906 3
36 14 1044.33 219.951 3.71496 3
36 70 1078.27 174.696 3.65591 3
38 54 1066.96 186.01 3.71447 3
38 62 1072.62 180.353 3.67395 3
10 46 1083.93 214.294 3.32672 3
10 50 1089.59 208.638 3.50476 3
10 14 28 724 3.29393 2
40 46 1061.3 191.667 3.71134 3
42 38 1055.65 197.324 3.70352 3
42 30 1049.99 202.981 3.72249 3
44 14 1038.68 214.294 3.71982 3
44 22 1044.33 208.638 3.71436 3
46 0 857.657 338.745 3.26834 5
46 54 1061.3 180.353 3.70996 3
46 62 1066.96 174.696 3.68589 3
46 70 1072.62 169.04 3.51123 3
48 0 476 500 3.27443 6
48 46 1055.65 186.01 3.70682 3
50 32 1044.33 197.324 3.70212 3
52 8 1027.36 214.294 3.64227 3
52 16 1033.02 208.638 3.71263 3
52 64 1061.3 169.04 3.58086 3
54 56 1055.65 174.696 3.66952 3
54 74 1066.96 163.383 3.40572 3
14 38 1106.56 55.9025 3.29647 3
14 58 1089.59 197.324 3.62769 3
14 66 1095.24 191.667 3.60044 3
56 40 1044.33 186.01 3.71156 3
56 48 1049.99 180.353 3.70305 3
58 0 476 508 3.26976 6
58 2 846.343 350.059 3.23741 5
58 32 1038.68 191.667 3.7174 3
58 62 1055.65 163.383 3.26322 3
58 70 1304.55 38.932 3.15405 7
60 16 1027.36 202.981 3.72104 3
60 24 1033.02 197.324 3.70219 3
16 42 1078.27 208.638 3.63672 3
64 40 1038.68 180.353 3.61055 3
64 62 1570.42 474.51 3.1625 7
66 2 1516 348 3.11106 2
66 8 1156 132 3.14729 6
66 34 1033.02 186.01 3.63655 3
66 18 1021.71 197.324 3.37572 3
66 26 1027.36 191.667 3.61354 3
68 16 68 444 3.22011 4
70 14 68 452 3.19736 4
18 34 1072.62 214.294 3.61705 3
18 30 1066.96 219.951 3.37894 3
74 50 1038.68 169.04 3.28577 3
74 66 43.0699 734.725 3.14797 7
20 14 348 596 3.12284 6
20 68 1089.59 186.01 3.62887 3
20 18 1095.24 44.5887 3.11303 3
22 52 1078.27 197.324 3.69209 3
22 60 1083.93 191.667 3.69851 3
6 38 1276 268 3.20277 6
6 50 1123.53 50.2457 3.29109 3
6 58 1095.24 202.981 3.5346 3
6 24 36 724 3.23929 2
24 44 1072.62 202.981 3.69935 3
26 2 356 564 3.1324 4
26 34 1066.96 208.638 3.66134 3
26 28 1061.3 214.294 3.7026 3
28 70 1083.93 180.353 3.63768 3
28 20 1055.65 219.951 3.69648 3
30 12 1049.99 225.608 3.65257 3
30 60 1078.27 186.01 3.68995 3
