0 34 268 404 3.19948 4
0 6 20 732 3.29271 2
0 30 268 412 3.19789 4
2 2 44 732 3.29569 4
2 34 1684 516 3.17351 0
32 18 524 372 3.23831 0
32 26 300 100 3.50567 2
34 8 524 364 3.28361 0
34 34 308 100 3.51048 2
34 64 1643.96 38.932 3.18285 7
36 42 316 100 3.50178 2
36 50 324 100 3.50553 2
38 2 908 268 3.25441 0
38 56 320.256 4.99084 3.16915 3
10 38 308 124 3.35005 2
10 22 1666.59 491.48 3.23693 3
40 10 532 364 3.24911 0
40 18 292 92 3.41152 2
40 24 300 92 3.51593 2
42 34 308 92 3.48994 2
42 40 316 92 3.45098 2
44 54 660 516 3.20107 6
46 0 916 268 3.28244 0
46 0 1626.99 553.706 3.26544 7
46 56 1066.96 593.304 3.15612 3
48 50 676 532 3.21132 6
48 16 292 84 3.46584 2
48 24 300 84 3.5165 2
50 32 308 84 3.51174 2
52 46 668 524 3.1835 6
54 0 1445.97 666.843 3.25651 3
54 14 292 76 3.47244 2
14 52 1660 764 3.2608 0
14 24 1660.93 485.823 3.23402 3
56 42 684 540 3.20538 6
56 22 300 76 3.50081 2
58 0 1440.31 661.186 3.23613 3
58 36 316 76 3.32657 2
58 48 1525.17 632.902 3.2267 3
58 30 308 76 3.44682 2
62 48 36 740 3.21033 4
62 14 292 68 3.40884 2
62 16 1655.27 27.6182 3.19685 3
16 22 1677.9 491.48 3.25674 3
64 22 300 68 3.4302 2
68 36 44 4 3.20557 2
70 0 133.58 587.647 3.18787 3
70 30 540 676 3.21725 2
18 36 308 116 3.39017 2
18 10 28 724 3.27685 4
18 30 300 116 3.26383 2
76 54 43.0699 734.725 3.15125 7
76 6 172 396 3.20323 2
20 44 316 116 3.4199 2
20 62 201.462 598.96 3.19536 5
22 52 324 116 3.43093 2
6 50 1652 764 3.27368 0
24 20 1502.54 632.902 3.27692 7
24 28 300 108 3.50842 2
26 36 308 108 3.51392 2
28 44 316 108 3.48391 2
28 52 324 108 3.50191 2
30 12 1513.85 632.902 3.27584 7
30 58 332 108 3.27055 2
