0 0 44 732 3.26967 4
0 54 1049.99 67.2162 3.34605 3
0 56 716.235 581.99 3.37189 1
0 74 68 452 3.27651 0
2 10 44 724 3.207 4
8 38 518.246 372.686 3.32173 7
8 42 704.922 559.362 3.30529 1
8 46 1508 636 3.32843 6
8 6 28 724 3.22837 4
8 24 648.353 502.794 3.29975 1
32 42 1060 740 3.61037 4
32 72 772.804 627.245 3.40074 7
34 34 569.157 604.617 3.27661 7
34 50 1060 732 3.59476 4
36 58 1060 724 3.53699 4
36 24 1052 756 3.6252 4
38 32 1052 748 3.63222 4
38 66 1060 716 3.53087 4
10 74 1092 716 3.39501 4
40 40 1052 740 3.64111 4
40 78 444.707 581.99 3.38198 1
42 48 1052 732 3.63449 4
44 56 1052 724 3.56289 4
44 22 1044 756 3.59528 4
46 8 908 276 3.35001 0
46 64 1052 716 3.49297 4
46 30 1044 748 3.60369 4
12 50 1084 740 3.44171 4
12 56 1084 732 3.55065 4
12 26 1420 3.99994 3.2829 2
48 38 1044 740 3.62193 4
50 46 1044 732 3.63936 4
50 20 1036 756 3.58806 4
52 54 1044 724 3.55921 4
54 10 916 276 3.32785 0
54 60 1044 716 3.50095 4
54 28 1036 748 3.58449 4
14 32 1076 756 3.40094 4
14 40 1076 748 3.45488 4
14 64 1084 724 3.53995 4
56 0 916 268 3.35918 0
58 38 748 524 3.23187 0
58 44 1036 732 3.60819 4
58 18 1028 756 3.62087 4
58 72 789.775 644.215 3.34116 7
60 50 1036 724 3.53345 4
60 26 1028 748 3.60419 4
62 58 1036 716 3.53494 4
16 46 1076 740 3.46259 4
16 72 1084 716 3.54828 4
64 32 1028 740 3.59123 4
64 66 1036 708 3.31006 4
66 40 1028 732 3.58755 4
68 48 1028 724 3.49563 4
68 56 1028 716 3.33252 4
68 18 820 396 3.33508 0
68 74 1445.97 587.647 3.25651 3
68 24 778.461 632.902 3.36971 5
20 54 1076 732 3.54778 4
20 30 1068 756 3.56445 4
22 36 1068 748 3.56656 4
22 62 1076 724 3.53328 4
22 20 1468.6 666.843 3.28475 3
24 44 1068 740 3.56034 4
24 16 1116 36 3.30595 4
28 52 1068 732 3.51377 4
28 60 1068 724 3.5694 4
28 26 1060 756 3.63601 4
30 34 1060 748 3.63743 4
30 12 1457.28 666.843 3.32022 3
30 68 1068 716 3.55485 4
