0 58 20 732 3.23641 2
0 24 439.05 576.333 3.31756 3
2 6 36 740 3.21638 0
8 40 868.971 282.177 3.33108 3
32 42 748 356 3.67979 2
32 50 756 356 3.66358 2
32 56 764 356 3.58637 2
34 34 740 356 3.65048 2
34 10 716 356 3.63286 2
34 4 708 356 3.45634 2
34 18 724 356 3.66575 2
34 26 732 356 3.65718 2
36 70 1428 412 3.15804 6
38 66 772 348 3.49046 2
10 50 874.627 276.52 3.32562 3
10 16 724 380 3.52499 2
10 68 28 724 3.23221 2
10 6 44 740 3.27344 0
10 24 732 380 3.48867 2
40 34 740 348 3.68275 2
40 10 716 348 3.5349 2
40 42 748 348 3.69003 2
40 50 756 348 3.66948 2
40 58 764 348 3.59289 2
40 26 732 348 3.66342 2
42 74 1049.99 89.8436 3.20042 7
46 62 1436 420 3.22297 6
46 66 1428 420 3.20194 6
46 22 1060 84 3.23627 6
46 24 1570.42 112.471 3.25078 7
12 10 716 380 3.32049 2
48 34 740 340 3.51729 2
48 42 748 340 3.57427 2
48 50 756 340 3.46053 2
48 22 1440.31 423.598 3.18265 5
50 58 852 446.225 3.21735 1
50 64 857.657 451.882 3.20309 1
54 56 1436 60 3.24863 6
54 58 476 524 3.26044 0
54 66 476 532 3.18681 0
54 26 1060 92 3.25107 6
54 30 1570.42 123.785 3.25768 7
14 58 439.05 531.078 3.27988 7
16 32 740 372 3.65361 2
16 56 444.707 525.421 3.31817 7
18 0 52 732 3.25303 0
18 36 857.657 282.177 3.29266 3
18 10 716 372 3.61841 2
18 54 450.363 519.764 3.34287 7
18 16 724 372 3.67041 2
18 24 732 372 3.64458 2
6 40 916 268 3.31493 6
24 32 740 364 3.63913 2
24 40 748 364 3.65359 2
24 48 756 364 3.56306 2
24 56 764 364 3.5203 2
26 0 708 364 3.38759 2
26 8 716 364 3.64283 2
26 16 724 364 3.66346 2
26 24 732 364 3.6458 2
30 46 467.334 536.735 3.35012 7
30 66 772 356 3.49533 2
30 72 780 356 3.27503 2
