0 46 1692 500 3.32811 2
2 62 608.755 712.098 3.24076 5
2 66 900 276 3.28191 6
2 72 892 276 3.24871 6
8 62 900 284 3.21177 6
8 68 908 276 3.22303 6
32 80 1293.23 615.931 3.15715 1
32 28 506.932 757.352 3.14239 5
34 32 1276 572 3.19749 0
34 50 1287.58 372.686 3.27081 1
34 56 620.069 746.039 3.33843 5
34 70 608.755 734.725 3.33528 5
34 72 20 532 3.22518 4
34 30 1349.8 661.186 3.18148 1
36 38 625.726 763.009 3.28888 5
36 42 1355.46 666.843 3.23955 1
36 44 620.069 757.352 3.32773 5
38 42 1284 580 3.20864 0
38 74 603.099 740.382 3.29724 5
10 38 1225.35 627.245 3.21213 1
10 10 28 724 3.22635 2
10 72 892 284 3.2207 6
40 58 1366.77 44.5888 3.26853 5
40 72 12 532 3.21405 4
42 70 12 524 3.24037 4
42 84 12 516 3.15885 4
42 24 972 132 3.17975 6
42 24 1378.09 621.588 3.13536 1
44 80 1148 204 3.10387 6
46 0 1612 548 3.16922 0
46 8 1612 556 3.08051 0
46 54 1316 388 3.19486 2
50 0 1620 548 3.19992 0
50 0 1180.1 321.775 3.12738 1
50 42 325.913 327.431 3.18441 5
50 50 320.256 321.775 3.28003 5
50 26 331.57 333.088 3.16891 5
16 32 1260 580 3.2237 0
16 54 625.726 729.068 3.23751 5
16 60 1270.61 604.617 3.25318 1
18 42 637.04 740.382 3.3456 5
18 68 1276.26 610.274 3.25953 1
18 86 876 292 3.16733 6
22 38 637.04 751.695 3.34912 5
22 78 1276 620 3.16593 0
22 22 235.403 248.235 3.12289 5
6 0 20 732 3.24402 4
6 32 1668 492 3.25819 2
6 80 36 740 3.14604 6
24 58 1276.26 598.96 3.25328 1
24 78 1284 620 3.1759 0
26 20 1264.95 565.019 3.1623 1
30 34 1344.15 666.843 3.24455 1
30 38 631.383 757.352 3.33932 5
30 44 625.726 751.695 3.36635 5
30 80 1292 620 3.17118 0
30 22 1268 564 3.15666 0
