0 0 376.824 604.617 2.76496 1
0 38 20 732 2.7062 2
0 58 44 732 2.71645 2
2 8 682.294 763.009 2.72546 3
8 10 724 580 2.65193 2
8 6 863.314 287.833 2.68974 5
32 32 412 36 2.56843 6
32 34 956 564 2.72367 4
32 58 744.52 361.373 2.69874 5
34 10 260 404 2.65441 6
34 42 956 556 2.66254 4
38 12 1540 572 2.62437 0
38 54 1516 636 2.70273 4
38 58 1076 412 2.69276 0
38 24 948 572 2.67499 4
10 0 916 268 2.73164 0
10 46 28 724 2.70178 2
10 14 972 588 2.65005 4
42 40 948 556 2.72339 4
42 48 948 548 2.72077 4
42 58 1655.27 16.3046 2.69969 5
44 42 970.794 678.156 2.55932 7
46 22 252 412 2.65762 6
12 22 972 580 2.6325 4
50 38 940 556 2.71264 4
50 46 940 548 2.69666 4
50 58 1649.62 21.9614 2.69389 5
52 30 244 420 2.63385 6
54 58 1492 628 2.63025 4
56 30 1588 92 2.58348 6
16 0 1660.93 485.823 2.65124 3
68 58 308.942 548.049 2.58419 5
18 12 964 588 2.65038 4
20 20 964 580 2.66367 4
22 28 964 572 2.70864 4
6 2 670.981 763.009 2.74702 3
6 8 388.138 604.617 2.72513 1
6 54 44 724 2.64292 2
6 30 12 756 2.66597 6
26 36 964 564 2.67629 4
28 52 755.834 361.373 2.63588 5
28 58 902.912 270.863 2.65728 5
28 18 956 580 2.66861 4
30 6 1349.8 287.833 2.63324 1
30 6 818.059 378.343 2.66817 7
30 26 956 572 2.72549 4
