0 0 835.03 282.177 3.11562 5
0 32 874.627 276.52 3.30393 3
0 22 1388 11.9999 3.41587 2
0 22 416.422 610.274 3.21214 3
0 30 1396 11.9999 3.41317 2
0 30 1536.48 565.019 3.23533 5
2 0 1383.74 581.99 3.15481 7
2 42 880.284 270.863 3.31048 3
2 50 461.677 553.706 3.25143 3
8 34 1396 3.99994 3.35221 2
8 26 1332 3.99994 3.18073 2
32 70 1129.19 485.823 3.32885 7
34 0 20 732 3.20732 4
34 10 20 724 3.17107 4
34 62 1140 476 3.14339 0
38 54 28 748 3.13621 2
38 74 1134.84 491.48 3.32618 7
38 80 1129.19 497.137 3.28268 7
10 12 1134.84 423.598 3.16253 7
10 68 1108 476 3.2009 0
40 66 1140.5 485.823 3.24195 7
44 42 44 724 3.17991 2
12 56 1117.87 463.196 3.21771 7
12 74 1108 484 3.26084 0
14 48 1123.53 457.539 3.30255 7
14 74 1112.22 480.167 3.24692 7
16 66 1117.87 474.51 3.34378 7
16 22 1134.84 434.912 3.21335 7
18 32 1134.84 446.225 3.24707 7
18 40 1129.19 451.882 3.28743 7
18 58 1123.53 468.853 3.31435 7
18 4 892 764 3.07598 6
20 34 1208.38 225.608 3.14958 3
20 82 1112.22 491.48 3.32749 7
22 50 1129.19 463.196 3.29988 7
22 76 1117.87 485.823 3.34297 7
6 58 1525.17 553.706 3.18915 5
24 16 44 740 3.19418 2
26 10 36 740 3.21621 2
26 42 1134.84 457.539 3.25147 7
26 60 1129.19 474.51 3.35456 7
26 70 1123.53 480.167 3.33172 7
28 52 1134.84 468.853 3.29306 7
30 78 1123.53 491.48 3.27923 7
