0 0 44 732 3.2011 4
0 62 43.0699 734.725 3.17167 1
2 22 540.873 440.568 3.24821 3
8 14 1220 660 3.22498 6
8 18 529.559 440.568 3.27189 3
8 28 569.157 208.638 3.33647 1
32 8 1502.54 632.902 3.34758 7
32 22 580.471 186.01 3.67086 1
32 30 586.128 191.667 3.64516 1
34 2 916 268 3.32134 0
38 40 597.442 191.667 3.63297 1
38 12 569.157 174.696 3.39743 1
38 48 603.098 197.324 3.63708 1
38 56 1084 44 3.26614 0
40 0 1588 556 3.30361 0
40 32 591.785 186.01 3.64539 1
40 24 586.128 180.353 3.66703 1
42 16 580.471 174.696 3.65528 1
44 10 574.814 169.04 3.33859 1
46 40 603.098 186.01 3.66464 1
46 48 608.755 191.667 3.64415 1
48 0 1440.31 661.186 3.34676 3
48 32 597.442 180.353 3.66869 1
48 24 591.785 174.696 3.67901 1
50 8 580.471 163.383 3.5202 1
50 16 586.128 169.04 3.6581 1
54 40 608.755 180.353 3.6446 1
54 50 614.412 186.01 3.59322 1
14 36 580.471 208.638 3.63435 1
14 48 767.147 361.373 3.20518 5
14 54 532 356 3.20019 6
56 34 603.098 174.696 3.61708 1
56 18 591.785 163.383 3.63143 1
56 24 597.442 169.04 3.6351 1
58 10 586.128 157.726 3.54424 1
58 54 1124 36 3.33358 0
60 48 620.069 180.353 3.52749 1
62 2 1612 548 3.2871 0
62 42 614.412 174.696 3.63877 1
16 12 900 276 3.2785 0
16 12 68 452 3.1997 2
16 16 1496.88 683.813 3.28971 3
16 28 574.814 202.981 3.62347 1
64 14 597.442 146.412 3.38025 1
64 18 597.442 157.726 3.62265 1
64 26 603.098 163.383 3.63714 1
66 8 1620 556 3.27539 0
68 8 1684 492 3.27266 4
68 54 1140 36 3.31039 0
70 34 614.412 163.383 3.61177 1
70 42 620.069 169.04 3.62003 1
18 22 569.157 197.324 3.54369 1
72 14 818.059 400.971 3.24733 7
72 56 892 276 3.23435 4
72 20 603.098 152.069 3.57317 1
72 28 608.755 157.726 3.6041 1
74 46 1148 28 3.26616 0
78 36 620.069 157.726 3.5738 1
78 44 625.726 163.383 3.37341 1
80 14 823.716 406.627 3.24712 7
80 28 614.412 152.069 3.58301 1
82 42 631.383 157.726 3.23166 1
82 22 342.883 4.99078 3.20775 1
86 0 20 732 3.27246 4
86 36 625.726 152.069 3.40048 1
22 38 586.128 202.981 3.64459 1
22 46 591.785 208.638 3.64754 1
22 52 597.442 214.294 3.30248 1
22 58 1652 764 3.24162 0
88 8 20 724 3.23942 4
88 30 354.197 4.99078 3.21077 1
90 22 31.7563 700.784 3.20285 5
94 0 12 732 3.22971 4
94 26 325.913 395.314 3.19924 5
24 22 574.814 191.667 3.65502 1
24 30 580.471 197.324 3.65975 1
26 10 331.569 502.794 3.28073 1
26 62 884 508 3.26445 4
28 2 908 268 3.31005 0
28 10 908 276 3.31633 0
28 52 603.098 208.637 3.37455 1
30 38 591.785 197.324 3.6564 1
30 46 597.442 202.981 3.66696 1
