0 42 908 268 3.34955 6
0 18 420 620 3.29241 6
0 78 28 732 3.15181 2
0 22 268 396 3.2978 4
2 18 1652 764 3.22728 2
2 88 44 732 3.18752 2
8 14 260 404 3.29476 4
8 16 420 628 3.24169 6
8 80 28 724 3.17435 2
32 12 1615.68 553.706 3.2718 1
32 50 1196 20 3.33233 6
32 54 897.255 163.383 3.40841 7
32 56 1188 20 3.3265 6
32 18 687.951 542.392 3.24214 5
34 8 314.599 542.392 3.25501 3
34 36 908.569 152.069 3.30285 7
34 42 1700 524 3.25484 0
34 58 772.804 627.245 3.28266 5
34 68 1581.73 89.8437 3.33669 7
34 72 1700 556 3.18835 0
34 22 1124 36 3.31336 6
34 88 172 396 3.12106 4
38 42 908.569 163.383 3.41161 7
38 46 204 596 3.33368 2
38 54 212 596 3.34254 2
38 58 422.079 604.617 3.37089 7
38 66 1172 28 3.27536 6
38 26 204 388 3.25089 2
38 30 1530.82 559.362 3.33209 1
10 8 54.3837 451.882 3.14793 5
10 16 884 252 3.21373 4
10 70 1078.27 412.284 3.24085 1
12 8 1684 516 3.28007 0
14 0 1684 508 3.28048 0
14 38 897.255 140.755 3.2409 7
14 52 916 276 3.32839 6
16 48 924 276 3.25513 6
16 74 940 292 3.28418 2
18 34 932 276 3.24388 6
18 48 885.941 152.069 3.28335 7
18 70 1083.93 406.627 3.28004 1
18 18 876 252 3.18191 4
20 0 1692 508 3.3084 0
20 12 1491.22 304.804 3.26117 7
22 2 1496.88 299.147 3.29172 7
22 24 428 84 3.24336 6
6 38 908 276 3.36713 6
6 54 916 268 3.37284 6
6 26 412 628 3.23709 6
24 80 948 276 3.19558 2
24 82 884 292 3.20342 6
24 88 876 292 3.23557 6
26 66 204 612 3.21334 6
30 0 308.942 548.049 3.26661 3
