0 0 71.3541 502.794 3.30988 1
0 10 190.148 598.96 3.24405 7
0 54 20 732 3.2453 2
0 86 44 732 3.25488 2
0 30 868 476 3.22279 4
2 34 28 748 3.24942 6
8 38 20 756 3.25912 6
8 38 1660.93 485.823 3.27468 1
8 20 755.833 497.137 3.36511 3
32 46 767.147 463.196 3.55328 3
32 14 738.863 480.167 3.54575 3
34 54 772.804 457.539 3.51532 3
34 70 1596 75.9999 3.25101 2
34 22 744.52 474.51 3.55573 3
36 8 1684 492 3.3538 4
36 30 750.177 468.853 3.55456 3
38 36 755.833 463.196 3.54 3
38 62 778.461 451.882 3.53669 3
38 6 1676 492 3.33151 4
10 48 1666.59 491.48 3.29736 1
10 62 28 724 3.23783 2
10 28 761.49 491.48 3.34218 3
40 68 784.118 446.225 3.47008 3
42 46 761.49 457.539 3.56432 3
42 52 767.147 451.882 3.53527 3
42 18 738.863 468.853 3.53363 3
44 28 744.52 463.196 3.53005 3
46 34 750.177 457.539 3.52264 3
46 60 772.804 446.225 3.54355 3
46 80 818.059 378.343 3.22497 3
48 42 755.833 451.882 3.54135 3
48 68 778.461 440.568 3.54486 3
48 72 784.118 434.912 3.29627 3
48 6 1668 492 3.32557 4
50 50 761.49 446.225 3.56804 3
50 18 733.206 463.196 3.46304 3
52 58 767.147 440.568 3.51993 3
52 26 738.863 457.539 3.49301 3
54 32 744.52 451.882 3.54538 3
14 36 767.147 485.823 3.28398 3
14 10 744.52 497.137 3.32393 3
14 50 916 268 3.2582 6
56 40 750.177 446.225 3.55218 3
58 48 755.833 440.568 3.55942 3
58 72 778.461 429.255 3.3754 3
60 56 761.49 434.912 3.54161 3
62 64 767.147 429.255 3.49647 3
62 30 738.863 446.225 3.45922 3
4 8 1684 516 3.30039 0
64 38 744.52 440.569 3.47014 3
64 46 750.177 434.912 3.32918 3
64 78 518.246 372.686 3.27004 3
66 40 1380 4 3.27114 6
66 56 1412 4 3.25989 6
66 66 750.177 367.029 3.25155 3
66 18 1452 668 3.16679 4
66 80 1219.7 621.588 3.27559 5
18 50 1672.24 485.823 3.26551 1
18 18 750.177 491.48 3.50163 3
18 26 755.833 485.823 3.51264 3
20 34 761.49 480.167 3.48848 3
22 0 897.255 276.52 3.30954 1
22 10 738.863 491.48 3.27625 3
24 42 767.147 474.51 3.46136 3
24 16 744.52 485.823 3.54228 3
26 0 1692 500 3.35692 4
26 50 772.804 468.853 3.44358 3
26 66 608.755 734.725 3.15755 1
26 78 43.0698 723.411 3.07927 1
26 24 750.177 480.167 3.56579 3
28 62 1588 83.9999 3.25203 2
28 70 1596 83.9999 3.26882 2
30 38 761.49 468.853 3.53449 3
30 56 778.461 463.196 3.26339 3
30 74 884 268 3.18041 2
