0 46 12 732 3.27614 2
0 54 20 732 3.30737 2
0 82 44 732 3.26923 2
0 22 1500 332 3.48037 2
32 34 1508 308 3.82682 2
32 42 1516 308 3.79824 2
34 50 1524 308 3.80506 2
34 58 1532 308 3.77808 2
36 66 1540 308 3.78146 2
38 10 1484 300 3.82303 2
38 18 1492 300 3.82752 2
38 74 1548 308 3.73466 2
38 26 1500 300 3.82361 2
10 32 371.167 689.47 3.56821 1
10 56 20 724 3.27178 2
10 16 1146.16 163.383 3.30384 5
40 34 1508 300 3.82216 2
40 42 1516 300 3.80959 2
40 6 1476 300 3.55277 2
42 50 1524 300 3.80319 2
42 58 1532 300 3.7565 2
44 66 1540 300 3.78664 2
44 74 1548 300 3.77798 2
46 8 1484 292 3.80527 2
46 18 1492 292 3.82474 2
46 80 1556 300 3.50896 2
46 26 1500 292 3.81745 2
50 40 1516 292 3.77089 2
50 48 1524 292 3.76771 2
50 56 1532 292 3.78389 2
52 64 1540 292 3.76097 2
52 72 1548 292 3.78922 2
54 8 1484 284 3.77811 2
54 16 1492 284 3.7945 2
14 14 1484 324 3.74024 2
14 62 31.7561 723.411 3.10611 1
14 20 1492 324 3.74745 2
56 8 1372.43 412.284 3.2248 1
56 32 1508 284 3.79925 2
56 24 1500 284 3.76841 2
58 40 1516 284 3.77282 2
58 48 1524 284 3.79314 2
58 56 1532 284 3.78642 2
60 0 987.765 378.343 3.1457 5
60 64 1540 284 3.79067 2
60 72 1548 284 3.77629 2
62 14 1492 276 3.76947 2
62 22 1500 276 3.7749 2
64 32 1508 276 3.76584 2
64 74 1556 276 3.54971 2
66 46 1524 276 3.78884 2
66 54 1532 276 3.79025 2
66 62 1540 276 3.77472 2
66 30 1508 268 3.34568 2
68 70 1548 276 3.78772 2
68 6 976.451 378.343 3.17764 5
70 10 1300 28 3.19815 6
18 62 908 268 3.19665 6
20 52 1542.14 502.794 3.2534 1
22 34 1508 316 3.82557 2
22 38 1208.38 89.8437 3.30559 5
22 42 1516 316 3.7894 2
22 12 1484 316 3.82395 2
22 14 359.854 655.529 3.58705 1
22 62 1547.79 508.451 3.24791 1
22 64 1417.69 480.167 3.14236 1
22 18 1492 316 3.82913 2
22 26 1500 316 3.83351 2
6 70 28 724 3.28319 2
6 30 359.854 689.47 3.54435 1
24 72 1315.86 253.892 3.14716 3
26 52 1524 316 3.74947 2
26 66 908 276 3.20563 6
28 66 1564 324 3.23721 2
30 2 1476 308 3.56466 2
30 10 1484 308 3.81933 2
30 60 1532 316 3.58358 2
30 18 1492 308 3.82925 2
30 72 1559.11 508.451 3.23656 1
30 26 1500 308 3.82603 2
