0 50 884 268 3.29368 4
0 14 12 732 3.20431 2
0 26 28 732 3.19491 2
2 0 44 732 3.22547 4
32 38 388 540 3.51914 4
32 18 365.511 400.971 3.39021 3
32 22 460 540 3.37315 4
32 30 388 548 3.50184 4
34 64 380 516 3.54637 4
34 22 1092 388 3.42683 6
36 56 380 524 3.55281 4
38 40 380 540 3.50999 4
38 48 380 532 3.54127 4
38 14 1157.47 163.383 3.36009 7
38 14 20 532 3.38764 2
10 40 1174.44 44.5887 3.26754 3
10 58 404 516 3.538 4
10 58 1460 684 3.29779 2
10 64 404 508 3.53564 4
10 30 28 724 3.21807 2
40 32 380 548 3.49848 4
40 72 372 508 3.52621 4
42 14 1100 396 3.38193 6
42 66 372 516 3.52733 4
42 18 380 564 3.39858 4
42 6 354.197 400.971 3.25566 3
42 24 380 556 3.52786 4
44 58 372 524 3.51987 4
44 78 925.539 270.863 3.28771 3
46 42 372 540 3.45593 4
46 48 372 532 3.52362 4
12 54 404 524 3.41024 4
12 66 1468 51.9999 3.23566 2
48 34 372 548 3.51131 4
48 62 902.912 282.177 3.26077 3
50 10 1163.13 169.04 3.3429 7
50 72 914.225 270.863 3.33249 3
50 24 372 556 3.5136 4
52 18 372 564 3.42597 4
54 14 325.913 553.706 3.32059 5
54 56 1436 484 3.25841 6
14 38 1163.13 44.5887 3.26208 3
14 66 1076 372 3.33846 6
56 10 1168.78 174.696 3.33896 7
56 58 897.255 276.52 3.32534 3
56 66 902.912 270.863 3.32234 3
58 48 1106.56 67.2162 3.25205 7
58 22 604 716 3.35817 2
60 18 1100 412 3.43875 6
62 0 1180.1 174.696 3.31178 7
62 32 1076 412 3.46322 6
62 34 612 708 3.26917 2
62 34 484 492 3.28745 0
62 26 1084 412 3.48353 6
16 40 1168.78 38.9319 3.29062 3
16 42 1327.18 389.657 3.32717 7
18 66 396 508 3.545 4
20 52 396 524 3.51243 4
20 56 396 516 3.52094 4
20 76 1676 492 3.25862 0
22 0 20 732 3.24274 4
22 44 396 532 3.51388 4
6 46 876 276 3.20502 4
6 50 1180.1 38.9319 3.30585 3
6 76 43.0698 734.725 3.21207 5
24 68 184.491 581.99 3.33008 3
26 10 20 724 3.20671 4
26 56 388 524 3.55729 4
26 68 388 508 3.50118 4
28 46 388 532 3.55282 4
30 18 1123.53 208.638 3.19826 7
30 78 1684 492 3.33755 0
