8 10 359.854 678.156 3.43167 3
34 22 1140 220 3.23061 0
34 22 1492 324 3.4198 6
36 42 412 668 3.69417 6
36 52 404 668 3.69331 6
38 0 44 732 3.13589 4
38 36 420 668 3.68503 6
38 28 428 668 3.67187 6
10 12 20 532 3.36553 2
10 50 546.53 672.5 3.1408 5
10 16 337.226 565.019 3.41038 3
40 22 1148 220 3.15797 0
42 34 476 500 3.40924 0
44 44 412 676 3.65907 6
44 52 404 676 3.64496 6
46 0 28 732 3.15173 4
46 36 420 676 3.65993 6
46 28 428 676 3.62061 6
48 10 28 724 3.18135 4
52 52 404 684 3.61572 6
54 38 420 684 3.56412 6
54 44 412 684 3.65904 6
14 10 444 644 3.52941 6
14 18 436 644 3.56811 6
14 26 428 644 3.56313 6
58 38 1117.87 157.726 3.19204 3
60 46 412 692 3.6062 6
60 52 404 692 3.59139 6
60 28 52 556 3.17951 6
62 0 20 732 3.21379 4
62 38 420 692 3.49645 6
62 18 31.7563 723.411 3.02371 5
68 46 412 700 3.49384 6
68 52 404 700 3.43415 6
68 30 77.011 350.059 3.03825 1
18 50 1214.04 219.951 3.30368 7
74 6 12 724 3.1649 4
20 10 320.256 559.362 3.3743 3
20 52 31.7563 519.764 3.27812 5
22 34 420 652 3.6728 6
22 10 444 652 3.45496 6
22 42 412 652 3.56829 6
22 18 436 652 3.57062 6
22 26 428 652 3.67493 6
6 40 908 268 3.24603 6
6 6 436 636 3.473 6
24 8 540 676 3.35341 0
24 16 36 548 3.32919 4
26 6 133.58 587.647 3.20899 3
28 42 412 660 3.69402 6
28 50 404 660 3.69047 6
28 50 365.511 661.186 3.45229 7
28 18 1492 316 3.45894 6
30 34 420 660 3.67832 6
30 18 556 692 3.34148 0
30 26 428 660 3.68557 6
