0 18 1202.72 118.128 3.55434 1
2 10 1197.07 112.471 3.53033 1
8 20 1208.38 112.471 3.7207 1
8 30 450.363 519.764 3.28432 7
128 48 874.627 276.52 3.32364 7
128 66 1327.18 50.2456 3.54617 1
128 82 876 708 3.07693 6
34 0 348 684 3.4507 4
34 0 444.707 706.441 3.4212 3
34 16 1219.7 89.8436 3.87142 1
34 78 12 756 3.15481 6
36 72 1457.28 485.823 3.15745 1
38 32 1236.67 95.5004 3.84526 1
38 40 1242.32 101.157 3.8492 1
38 48 1247.98 106.814 3.86203 1
38 14 1225.35 84.1867 3.88276 1
38 56 1253.64 112.471 3.84658 1
38 64 1259.29 118.128 3.81912 1
10 14 1202.72 106.814 3.70177 1
10 26 1214.04 118.128 3.45371 1
40 24 1231.01 89.8436 3.88003 1
42 0 1396 11.9999 3.41877 4
42 82 4 764 3.11822 6
44 64 1264.95 112.471 3.86444 1
44 72 1270.61 118.128 3.84641 1
44 80 1276.26 123.785 3.61107 1
46 34 20 572 3.1901 4
46 10 1219.7 78.5298 3.72118 1
46 40 1247.98 95.5004 3.8648 1
46 48 1253.64 101.157 3.85244 1
46 56 1259.29 106.814 3.85111 1
48 0 212 676 3.36153 4
48 16 1231.01 78.5298 3.87764 1
48 92 44 740 3.18598 6
48 24 1236.67 84.1867 3.88408 1
50 8 1225.35 72.873 3.75183 1
50 80 1281.92 118.128 3.82017 1
52 64 1270.61 106.814 3.84576 1
52 74 1276.26 112.471 3.82822 1
54 58 1264.95 101.157 3.85904 1
14 48 884 284 3.21546 6
14 90 43.0698 723.411 3.02991 1
14 6 1197.07 101.157 3.609 1
58 0 1380 11.9999 3.35252 4
58 10 1231.01 67.2161 3.78281 1
58 18 1236.67 72.873 3.8772 1
58 82 1287.58 112.471 3.85333 1
58 90 1293.23 118.128 3.84195 1
60 66 1276.26 101.157 3.86888 1
60 74 1281.92 106.814 3.86622 1
60 30 1253.64 78.5298 3.88099 1
62 42 1259.29 84.1867 3.87935 1
62 50 1264.95 89.8436 3.88101 1
62 58 1270.61 95.5004 3.85171 1
16 14 1208.38 101.157 3.7734 1
16 20 1214.04 106.814 3.79332 1
16 30 1219.7 112.471 3.7929 1
64 0 857.657 451.882 3.25611 7
64 18 1242.32 67.2161 3.86659 1
64 26 1247.98 72.873 3.88163 1
66 82 1293.23 106.814 3.83587 1
66 90 1298.89 112.471 3.8533 1
68 58 1276.26 89.8436 3.88457 1
68 66 1281.92 95.5005 3.87369 1
68 74 1287.58 101.157 3.86182 1
70 8 857.657 463.196 3.24824 7
70 42 1264.95 78.5299 3.89112 1
70 50 1270.61 84.1868 3.87238 1
70 14 1236.67 61.5593 3.70345 1
18 6 1202.72 95.5004 3.75512 1
72 2 925.539 304.804 3.22692 5
72 36 1259.29 72.873 3.87582 1
72 18 1247.98 61.5593 3.88193 1
72 26 1253.64 67.2162 3.88336 1
74 84 1298.89 101.157 3.83021 1
74 90 1304.55 106.814 3.84565 1
76 66 1287.58 89.8436 3.86566 1
76 76 1293.23 95.5005 3.87536 1
78 42 1270.61 72.873 3.87572 1
78 52 1276.26 78.5299 3.89018 1
78 60 1281.92 84.1868 3.87763 1
80 36 1264.95 67.2162 3.87523 1
80 18 1253.64 55.9025 3.86117 1
80 28 1259.29 61.5593 3.88503 1
82 84 1304.55 95.5004 3.86165 1
82 92 1310.21 101.157 3.838 1
84 68 1293.23 84.1868 3.8776 1
84 76 1298.89 89.8436 3.86296 1
86 44 1276.26 67.2162 3.87552 1
86 52 1281.92 72.873 3.87957 1
86 60 1287.58 78.5299 3.86409 1
22 38 1231.01 112.471 3.82759 1
22 42 20 524 3.27871 4
22 44 1231.01 123.785 3.49572 1
88 12 1516 524 3.20552 0
88 20 1259.29 50.2456 3.85994 1
88 28 1264.95 55.9025 3.87191 1
90 76 1304.55 84.1868 3.86564 1
90 84 1310.21 89.8436 3.86229 1
90 92 1315.86 95.5004 3.83661 1
92 60 1293.23 72.873 3.8442 1
92 68 1298.89 78.5299 3.86799 1
94 0 44 732 3.22457 4
94 44 1281.92 61.5593 3.87521 1
94 54 1287.58 67.2162 3.86375 1
6 34 900 276 3.23837 6
6 6 228 492 3.31743 6
24 14 1214.04 95.5004 3.83842 1
24 22 1219.7 101.157 3.84579 1
24 30 1225.35 106.814 3.83127 1
96 38 1276.26 55.9025 3.85639 1
96 22 1264.95 44.5887 3.82471 1
96 30 1270.61 50.2456 3.83829 1
98 86 1315.86 84.1867 3.84365 1
98 92 1321.52 89.8436 3.81155 1
100 60 1298.89 67.2162 3.82879 1
100 70 1304.55 72.873 3.86164 1
100 78 1310.21 78.5299 3.85037 1
102 0 20 732 3.28363 4
102 46 1287.58 55.9025 3.87192 1
102 54 1293.23 61.5593 3.8782 1
26 6 1208.38 89.8436 3.69449 1
104 8 28 724 3.26935 4
104 38 1281.92 50.2456 3.86183 1
104 20 1420 476 3.14551 4
104 30 1276.26 44.5887 3.87676 1
106 86 1321.52 78.5298 3.86285 1
106 92 1327.18 84.1867 3.80167 1
106 30 1508 156 3.18153 0
108 62 1304.55 61.5593 3.85121 1
108 70 1310.21 67.2162 3.86914 1
108 78 1315.86 72.873 3.85355 1
110 46 1293.23 50.2456 3.87305 1
110 54 1298.89 55.9025 3.85814 1
112 38 1287.58 44.5887 3.85463 1
112 30 1652 260 3.13128 6
112 30 1281.92 38.9319 3.8727 1
116 62 1310.21 55.9025 3.84109 1
116 72 1315.86 61.5593 3.85031 1
116 80 1321.52 67.2162 3.86008 1
118 46 1298.89 44.5887 3.81364 1
30 40 1236.67 106.814 3.84717 1
30 48 1242.32 112.471 3.83239 1
30 48 325.913 384 3.2377 5
30 70 1253.64 135.098 3.23369 1
30 24 548 716 3.28951 4
120 82 1332.83 67.2161 3.71108 1
120 22 1556 268 3.11517 2
122 54 1310.21 44.5887 3.62035 1
122 62 1315.86 50.2456 3.74638 1
122 30 897.255 242.579 3.2172 7
122 30 1287.58 21.9613 3.21484 1
124 72 1321.52 55.9025 3.77994 1
126 38 880.284 270.863 3.31891 7
