2 2 44 732 3.30753 4
36 22 1516 19.9999 3.39207 4
38 40 1124 36 3.37438 0
38 30 1516 11.9999 3.40284 4
42 40 1100 44 3.31521 0
42 12 908 276 3.36085 0
42 22 1508 19.9999 3.33361 4
44 28 1508 11.9999 3.32579 4
12 28 1540 19.9999 3.4198 4
48 6 916 268 3.35596 0
50 38 924 268 3.29952 4
52 20 1500 19.9999 3.3386 4
52 28 1500 11.9999 3.33316 4
54 14 1212 12 3.27347 4
54 6 439.05 576.333 3.36264 5
14 36 1540 11.9999 3.43457 4
58 18 1492 19.9999 3.32871 4
62 0 439.05 587.647 3.3782 5
62 24 427.736 576.333 3.29291 5
66 0 433.393 593.304 3.381 5
66 34 416.422 576.333 3.25998 5
66 16 1484 19.9999 3.31779 4
68 24 1484 11.9999 3.32625 4
74 32 900 276 3.32312 4
74 14 1476 19.9999 3.30978 4
76 22 1476 11.9999 3.29878 4
20 8 28 724 3.28144 4
20 26 1532 19.9999 3.43289 4
80 0 342.883 570.676 3.31552 5
82 32 444.707 514.108 3.15045 5
82 32 892 276 3.30689 4
82 12 1468 19.9999 3.24095 4
82 20 1468 11.9999 3.24632 4
82 30 427.736 553.706 3.24776 5
84 0 372 604 3.26915 0
22 34 1532 11.9999 3.43273 4
22 18 1519.51 559.363 3.3252 7
22 20 1204 4 3.28723 0
6 34 1672.24 485.823 3.26552 1
6 38 892 284 3.30056 6
6 42 1677.9 491.48 3.31045 1
6 12 44 724 3.26569 4
26 0 20 732 3.29093 4
26 40 1116 36 3.37531 0
28 42 1457.28 666.843 3.33419 7
28 24 1524 19.9999 3.40301 4
30 32 1524 11.9999 3.41485 4
30 18 1525.17 565.02 3.3073 7
