0 56 1434.66 485.823 3.22608 1
0 30 1148 164 3.2371 6
2 46 988 484 3.34747 2
2 18 1247.98 219.951 3.21377 3
2 24 1253.64 214.294 3.24623 3
8 38 980 476 3.7208 2
8 46 988 476 3.70076 2
8 64 1445.97 485.823 3.20623 1
32 38 980 452 3.79716 2
32 46 988 452 3.80641 2
32 54 996 452 3.81613 2
32 62 1004 452 3.80148 2
32 64 1553.45 468.853 3.28166 1
34 14 956 452 3.77408 2
34 22 964 452 3.78828 2
34 6 948 452 3.77896 2
34 30 972 452 3.7899 2
38 64 444 588 3.34181 2
10 54 996 476 3.71053 2
10 22 964 476 3.74507 2
10 30 972 476 3.7712 2
40 46 988 444 3.80311 2
40 54 996 444 3.81812 2
40 58 371.167 395.314 3.36519 1
40 62 1004 444 3.81604 2
40 64 376.824 400.971 3.34058 1
42 0 940 444 3.46481 2
42 38 980 444 3.78833 2
42 52 36 540 3.29593 0
42 14 956 444 3.79216 2
42 58 478.648 480.167 3.26663 3
42 22 964 444 3.77837 2
42 30 972 444 3.79382 2
46 66 44 564 3.25573 0
12 14 956 476 3.67762 2
12 60 1004 476 3.43603 2
48 38 980 436 3.76605 2
48 46 988 436 3.76312 2
48 52 382.481 384 3.31959 1
50 14 956 436 3.72832 2
50 30 972 436 3.75767 2
52 60 52 556 3.2315 0
54 0 1428 11.9999 3.32306 4
54 52 996 428 3.4779 2
14 10 428 564 3.21068 6
14 70 396 524 3.24198 2
56 38 980 428 3.68459 2
56 42 1564.76 434.912 3.2588 1
56 44 450.363 508.451 3.19499 3
56 30 972 428 3.65573 2
58 0 105.295 559.362 3.35661 3
58 52 12 516 3.19552 4
58 14 956 428 3.72172 2
58 56 1259.29 208.638 3.17661 1
58 58 1508 292 3.14222 2
58 22 964 428 3.71408 2
62 50 124 540 3.07272 0
16 38 980 468 3.78697 2
16 46 988 468 3.78281 2
16 54 996 468 3.76609 2
16 62 1004 468 3.76089 2
16 30 972 468 3.81606 2
64 8 105.295 548.049 3.3351 3
64 40 1476 292 3.15107 2
64 30 972 420 3.64977 2
66 40 1440.31 434.912 3.08397 5
66 14 956 420 3.73196 2
66 62 37.413 729.068 3.05168 7
66 70 20 724 3.01802 6
66 22 964 420 3.73301 2
70 2 948 412 3.32652 2
70 32 292 404 3.24979 6
18 14 956 468 3.81934 2
18 22 964 468 3.81031 2
18 6 948 468 3.81118 2
74 62 43.0699 734.725 3.05932 7
74 70 20 732 3.04235 6
22 70 396 516 3.25294 2
6 20 1156 172 3.21428 6
24 38 980 460 3.78524 2
24 54 996 460 3.77805 2
24 62 1004 460 3.77417 2
24 30 972 460 3.80624 2
26 46 988 460 3.77918 2
26 14 956 460 3.81583 2
26 22 964 460 3.8094 2
26 6 948 460 3.81474 2
