0 0 1564.76 389.657 2.7306 1
0 0 948 228 2.72424 4
0 8 1570.42 395.314 2.71265 1
0 38 874.627 276.52 2.75433 3
0 48 880.284 270.863 2.74508 3
0 50 196 388 2.75808 6
2 46 916 268 2.72897 6
2 60 885.941 265.206 2.73776 3
2 66 891.598 259.549 2.72803 3
2 74 897.255 253.892 2.66213 3
8 62 880.284 259.549 2.73026 3
8 66 885.941 253.892 2.73916 3
32 42 1508 636 2.70476 2
32 56 891.598 282.177 2.73329 3
32 62 1676 492 2.71182 6
32 18 356 604 2.69351 0
32 26 1476 636 2.73296 0
34 10 356 596 2.69805 0
38 42 476 500 2.70432 0
38 54 902.912 270.863 2.74946 3
38 82 43.0698 723.411 2.65109 3
10 54 900 300 2.70847 2
12 0 332 588 2.6958 0
12 44 1460 660 2.70739 0
12 12 1452 628 2.71788 0
12 78 1180 412 2.60547 6
14 36 1460 652 2.72023 0
14 70 1468 684 2.70895 0
16 0 1692 500 2.70243 4
16 62 1468 676 2.71191 0
18 54 1468 668 2.71852 0
18 62 356 548 2.65465 2
18 22 1460 636 2.71984 0
20 46 1468 660 2.73803 0
22 38 1468 652 2.72248 0
22 72 1476 684 2.69216 0
22 6 348 596 2.70765 0
6 34 772.804 627.245 2.73613 1
6 48 1457.28 666.843 2.70794 1
6 26 767.147 621.588 2.73718 1
24 10 1684 492 2.69304 4
24 64 1476 676 2.70699 0
24 30 1468 644 2.74647 0
26 48 1476 660 2.74925 0
26 22 1468 636 2.71504 0
28 40 1476 652 2.71804 0
30 32 1476 644 2.70587 0
30 54 908.569 276.52 2.73586 3
30 62 914.225 270.863 2.74431 3
