0 0 1344.15 282.177 2.69291 7
2 24 916 268 2.78739 6
32 38 76 452 2.80212 6
34 0 902.912 270.863 2.74424 1
34 8 532 676 2.73352 0
36 14 100 460 2.85013 6
38 22 92 460 2.84968 6
38 28 84 460 2.84005 6
10 10 108 436 2.83002 6
40 8 556 684 2.71027 0
40 38 76 460 2.84993 6
42 8 914.225 270.863 2.74419 1
46 20 92 468 2.83112 6
46 28 84 468 2.85334 6
12 18 100 436 2.83819 6
48 34 76 468 2.85404 6
50 18 31.7563 553.706 2.67911 5
52 18 92 476 2.78784 6
54 26 84 476 2.8273 6
14 26 92 436 2.80557 6
56 34 1429 423.598 2.68161 7
58 44 461.677 553.706 2.7001 1
60 18 92 484 2.65338 6
62 24 84 484 2.78216 6
64 32 76 484 2.77212 6
70 22 84 492 2.75983 6
18 2 684 764 2.72714 4
18 10 108 444 2.75752 6
72 42 472.991 531.078 2.69393 1
72 30 76 492 2.76078 6
74 8 43.0699 734.725 2.63511 1
74 6 28 724 2.68274 4
78 28 852 436 2.68113 2
20 16 100 444 2.85321 6
82 0 20 732 2.68968 4
84 32 940 292 2.70265 0
22 32 84 444 2.82016 6
22 24 92 444 2.84107 6
26 2 676 764 2.76366 4
28 34 450.363 519.765 2.62356 3
28 14 100 452 2.854 6
30 22 92 452 2.86554 6
30 24 303.285 655.529 2.6499 5
