0 36 133.58 587.647 3.3376 1
0 50 982.108 384 3.27773 1
0 18 476 508 3.42076 4
0 24 476 500 3.42872 4
8 44 1196 500 3.61398 6
8 44 982.108 372.686 3.27751 1
32 38 1196 524 3.6463 6
32 48 1188 524 3.64998 6
32 16 60 460 3.20307 0
34 62 1172 524 3.59477 6
34 72 1164 524 3.50862 6
36 18 1220 532 3.6088 6
36 80 1156 524 3.50205 6
38 40 1196 532 3.63666 6
38 30 1204 532 3.66289 6
10 50 1188 500 3.58684 6
10 72 552.187 678.156 3.33563 5
40 58 908.569 276.52 3.37807 3
40 68 620 716 3.30383 2
42 8 1668 492 3.13084 4
42 22 1220 540 3.29488 6
42 30 1204 540 3.29681 6
46 46 1188 540 3.42624 6
46 46 1655.27 16.3044 3.28505 3
46 12 308.942 525.421 3.15448 3
46 72 880.284 282.177 3.3005 3
46 80 885.941 276.52 3.28725 3
12 18 1220 508 3.65449 6
14 0 12 524 3.36754 2
14 34 1204 508 3.66512 6
14 10 1228 508 3.50048 6
14 56 1180 500 3.4415 6
14 70 275.001 672.5 3.33656 1
14 72 263.687 672.5 3.3866 1
14 26 1212 508 3.65661 6
16 42 1196 508 3.63753 6
16 50 1188 508 3.63112 6
16 82 348 572 3.27772 2
18 10 1228 516 3.59463 6
18 14 356 660 3.36776 2
18 56 1180 508 3.58138 6
18 66 1172 508 3.56467 6
18 70 506.932 734.725 3.38977 1
18 82 512.589 740.382 3.35753 1
20 16 1220 516 3.66494 6
22 0 12 516 3.3607 2
22 32 1204 516 3.66159 6
22 72 512.589 729.068 3.38998 1
22 24 1212 516 3.61478 6
6 2 1259.29 208.638 3.29403 5
6 14 468 508 3.40705 4
6 62 557.844 683.813 3.21748 5
24 0 1247.98 219.951 3.31739 5
24 0 127.923 548.049 3.27474 1
24 40 1196 516 3.65013 6
24 48 1188 516 3.64418 6
26 10 1236.67 208.638 3.25297 5
26 56 1180 516 3.61808 6
26 64 1172 516 3.61594 6
26 18 452 508 3.38415 4
28 14 1228 524 3.51419 6
28 16 1220 524 3.65177 6
28 72 1164 516 3.55501 6
28 80 1156 516 3.5323 6
30 32 1204 524 3.66 6
30 24 1212 524 3.63651 6
