0 46 43.0699 734.725 2.66178 1
2 14 884 284 2.66356 0
8 14 892 284 2.66844 0
32 2 880.284 270.863 2.69073 5
34 40 1247.98 265.206 2.7898 3
36 32 1242.32 270.863 2.82616 3
38 0 625.726 536.735 2.6954 3
38 10 1225.35 287.833 2.67729 3
38 16 1231.01 282.177 2.83253 3
38 24 1236.67 276.52 2.84192 3
10 46 26.0993 729.068 2.66062 1
10 14 348.54 598.96 2.63936 7
42 0 4 764 2.73582 0
42 0 874.628 276.52 2.72217 5
42 34 1236.67 265.206 2.80836 3
44 26 1231.01 270.863 2.84222 3
46 10 1219.7 282.177 2.8172 3
46 40 884 260 2.69562 0
46 18 1225.35 276.52 2.83582 3
12 22 1253.64 293.49 2.71984 3
48 42 1632.65 140.755 2.63452 3
50 38 436 596 2.66599 0
52 38 1231.01 259.549 2.74697 3
52 20 1219.7 270.863 2.81874 3
52 28 1225.35 265.206 2.79937 3
54 12 1214.04 276.52 2.82496 3
54 6 1208.38 282.177 2.7453 3
56 46 20 724 2.62112 4
60 30 1219.7 259.549 2.68702 3
62 20 1214.04 265.206 2.79022 3
20 22 1247.98 287.833 2.79558 3
20 30 1253.64 282.177 2.78064 3
22 32 1264.95 282.177 2.66943 3
6 30 201.462 598.96 2.6541 5
26 32 1247.98 276.52 2.84592 3
28 24 1242.32 282.177 2.84254 3
30 8 1276 92 2.68719 0
30 34 1655.27 140.755 2.6518 7
30 16 1236.67 287.833 2.82 3
