0 0 461.677 395.314 3.31902 3
0 34 761.49 627.245 3.35092 1
0 36 1116 43.9999 3.34789 2
0 10 164 404 3.2809 0
0 74 28 732 3.12697 2
0 28 1108 43.9999 3.34456 2
2 38 450.363 565.019 3.34039 3
8 38 1116 35.9999 3.31936 2
8 42 772.804 627.245 3.33697 1
32 38 767.147 169.04 3.65695 7
32 76 1684 492 3.20132 0
34 0 704.922 570.676 3.27552 3
34 46 761.49 174.696 3.65427 7
34 54 755.834 180.353 3.65621 7
36 14 789.775 157.726 3.64515 7
36 62 750.177 186.01 3.60483 7
38 0 1508 628 3.28991 0
38 0 744.52 361.373 3.28882 1
38 8 750.177 367.029 3.27136 1
38 70 744.52 191.667 3.59523 7
38 20 784.118 163.383 3.64519 7
38 30 778.461 169.04 3.6264 7
10 56 1496.88 683.813 3.23585 1
10 64 1212 652 3.14857 4
10 76 28 724 3.14785 2
40 0 750.177 355.716 3.21812 1
40 36 772.804 174.696 3.65094 7
40 24 642.696 135.098 3.27464 3
42 44 767.147 180.353 3.65232 7
42 52 761.49 186.01 3.64393 7
44 60 755.834 191.667 3.59848 7
46 14 1462.94 672.5 3.25634 5
46 68 750.177 197.324 3.58881 7
46 76 744.52 202.981 3.39699 7
46 30 784.118 174.696 3.5203 7
12 10 778.461 135.098 3.57684 7
12 18 772.804 140.755 3.65104 7
48 36 778.461 180.353 3.60749 7
48 10 1220 660 3.16755 0
48 44 772.804 186.01 3.59074 7
48 78 764 620 3.23858 6
50 52 767.147 191.667 3.58547 7
50 18 1513.85 632.902 3.22494 1
52 58 761.49 197.324 3.5874 7
54 0 20 732 3.12791 4
54 66 755.834 202.981 3.51166 7
54 18 892 276 3.22334 2
14 34 761.49 152.069 3.6246 7
14 24 767.147 146.412 3.66054 7
56 52 772.804 197.324 3.50868 7
58 32 916 268 3.26325 2
58 40 908 276 3.26167 2
60 46 1485.57 627.245 3.27394 1
60 58 767.147 202.981 3.44566 7
16 40 755.833 157.726 3.64935 7
16 64 608.755 406.627 3.19246 7
66 40 908 268 3.26558 2
66 66 1134.84 38.9319 3.25606 7
18 8 784.118 140.755 3.57098 7
18 48 750.177 163.383 3.63953 7
18 56 744.52 169.039 3.58975 7
20 16 778.461 146.412 3.65527 7
22 32 767.147 157.726 3.64037 7
22 24 772.804 152.069 3.64695 7
6 46 439.05 576.333 3.30879 3
24 40 761.49 163.383 3.64632 7
24 74 1652 764 3.27019 0
24 6 716.236 570.676 3.30212 3
26 0 1500 628 3.30732 0
26 48 755.833 169.039 3.63536 7
26 56 750.177 174.696 3.63626 7
28 42 778.461 236.922 3.30838 3
28 14 784.118 152.069 3.65427 7
28 64 744.52 180.353 3.60051 7
30 22 778.461 157.726 3.63753 7
30 30 772.804 163.383 3.63278 7
