0 2 44 732 2.71322 4
0 34 144.893 485.823 2.67095 7
0 38 1316 244 2.65331 4
0 70 43.0699 734.725 2.65946 1
32 48 1304.55 536.735 2.9046 7
32 56 1298.89 542.392 2.90502 7
34 40 1310.21 531.078 2.89787 7
36 32 1315.86 525.421 2.87225 7
36 24 1321.52 519.765 2.87466 7
38 0 228 436 2.63867 4
38 0 1157.47 163.383 2.65039 7
38 2 172 620 2.61112 2
38 16 1327.18 514.108 2.80114 7
38 64 1298.89 553.706 2.78584 7
10 36 1293.23 514.108 2.77902 7
10 44 1287.58 519.765 2.71403 7
40 48 1310.21 542.392 2.90311 7
40 56 1304.55 548.049 2.90886 7
42 40 1315.86 536.735 2.90332 7
44 32 1321.52 531.078 2.90327 7
44 10 1338.49 514.108 2.63675 7
44 16 1332.83 519.765 2.76797 7
44 24 1327.18 525.421 2.8499 7
46 2 1396 276 2.64399 2
46 58 885.941 287.833 2.71693 3
46 64 891.598 282.177 2.70664 3
12 10 28 724 2.69478 4
50 0 1208.38 214.294 2.64593 3
50 0 207.119 593.304 2.65046 1
14 18 524 364 2.5844 0
14 30 1298.89 508.451 2.76128 7
16 46 1293.23 525.421 2.82487 7
16 58 818.059 378.343 2.60817 3
16 22 552.187 440.568 2.60166 3
18 36 1298.89 519.765 2.89211 7
18 50 1287.58 531.078 2.7728 7
18 30 1304.55 514.108 2.88261 7
22 0 20 732 2.70857 4
22 18 908 292 2.60934 4
6 30 444 556 2.60781 4
24 46 1298.89 531.078 2.85628 7
24 54 1293.23 536.735 2.85556 7
26 38 1304.55 525.421 2.90279 7
28 70 1287.58 553.706 2.63038 7
28 22 1315.86 514.108 2.79598 7
28 30 1310.21 519.765 2.88796 7
30 12 1083.93 406.627 2.62323 3
30 62 1293.23 548.049 2.7439 7
