0 0 857.657 440.569 3.2894 5
0 10 564 452 3.23877 2
0 54 1502.54 316.118 3.31155 3
0 56 836 348 3.28593 2
32 10 919.882 299.147 3.18538 5
34 14 818.059 400.971 3.18894 7
36 38 924 372 3.77553 2
36 46 932 372 3.75548 2
36 54 940 372 3.73858 2
36 62 948 372 3.40366 2
36 22 908 372 3.70018 2
36 30 916 372 3.77545 2
10 62 1164 164 3.23928 4
42 0 44 732 3.24117 4
44 38 924 364 3.7743 2
44 46 932 364 3.75579 2
44 54 940 364 3.75316 2
44 16 823.716 406.627 3.19839 7
44 30 916 364 3.77623 2
46 8 36 724 3.22821 4
46 62 948 364 3.60789 2
12 8 892 396 3.43495 2
12 32 916 396 3.6973 2
12 40 924 396 3.70584 2
12 48 932 396 3.67569 2
12 56 940 396 3.64568 2
12 16 900 396 3.6481 2
12 24 908 396 3.67521 2
48 20 876 268 3.14941 6
52 38 924 356 3.73221 2
52 46 932 356 3.73123 2
52 52 940 356 3.74457 2
52 30 916 356 3.71722 2
54 60 948 356 3.58972 2
54 20 919.882 333.088 3.14664 5
56 64 1196 100 3.21359 4
60 38 924 348 3.7024 2
60 46 932 348 3.72716 2
60 52 940 348 3.72454 2
62 0 20 732 3.30566 4
62 60 1004.74 327.432 3.2093 3
4 32 916 404 3.70913 2
4 40 924 404 3.68645 2
4 16 900 404 3.45185 2
4 24 908 404 3.6608 2
66 38 924 340 3.30195 2
68 44 932 340 3.44445 2
70 30 31.7563 700.784 3.22447 5
18 66 224.089 485.823 3.23819 3
74 34 20.4424 700.784 3.22927 5
74 50 1197.07 214.294 3.13716 7
20 38 924 388 3.69039 2
20 46 932 388 3.67018 2
20 22 908 388 3.66773 2
20 30 916 388 3.66897 2
22 0 1134.84 38.9319 3.22764 5
22 54 940 388 3.66916 2
6 50 932 404 3.53623 2
24 2 195.805 389.657 3.20917 1
26 14 900 380 3.61277 2
26 62 212.776 485.823 3.19668 3
28 8 1308 260 3.22352 6
28 38 924 380 3.74081 2
28 46 932 380 3.7041 2
28 22 908 380 3.69566 2
28 30 916 380 3.73839 2
30 54 940 380 3.70298 2
