0 2 20 732 3.31453 2
0 42 1604 148 3.23828 6
0 20 44 732 3.2703 2
2 34 908.569 491.48 3.08941 5
2 42 1612 156 3.2096 2
2 42 1525.17 101.157 3.19714 1
8 38 1604 156 3.26102 6
8 38 1530.82 536.735 3.14251 5
8 48 1596 156 3.20823 6
32 38 303.285 746.039 3.6305 1
34 20 1396 11.9999 3.26921 2
34 6 337.226 576.333 3.28999 3
34 30 297.628 740.382 3.6443 1
36 16 286.315 729.068 3.64332 1
36 64 325.913 757.352 3.56888 1
36 72 331.569 763.009 3.49361 1
38 48 314.599 746.039 3.56411 1
38 56 320.256 751.695 3.57248 1
38 74 297.628 638.558 3.26253 7
38 86 178.834 632.901 3.33214 7
10 34 286.315 763.009 3.27551 1
10 10 28 724 3.31128 2
10 40 1612 148 3.21235 2
10 56 44 740 3.20281 6
10 28 280.658 757.352 3.19049 1
40 2 331.569 570.676 3.32386 3
40 40 308.942 740.382 3.63292 1
40 86 348 396 3.31545 0
42 32 303.285 734.725 3.64943 1
42 74 337.226 757.352 3.57696 1
44 66 331.569 751.695 3.5761 1
44 24 297.628 729.068 3.64429 1
46 58 325.913 746.039 3.57108 1
46 16 291.971 723.411 3.65355 1
48 42 314.599 734.725 3.64453 1
48 50 320.256 740.382 3.59987 1
50 0 1536.48 451.882 3.22542 5
50 34 308.942 729.068 3.65522 1
50 74 342.883 751.695 3.57461 1
50 82 340 564 3.31267 0
52 60 331.569 740.382 3.57269 1
52 66 337.226 746.039 3.58444 1
52 26 303.285 723.411 3.64765 1
54 14 364 628 3.23214 2
54 14 291.971 712.098 3.55884 1
54 70 340 548 3.27523 0
54 18 297.628 717.754 3.65523 1
56 44 320.256 729.068 3.64566 1
56 80 1532 372 3.25337 6
56 6 1502.54 304.804 3.21842 7
58 36 314.599 723.411 3.65617 1
58 66 342.883 740.382 3.45915 1
60 18 303.285 712.098 3.60208 1
60 28 308.942 717.754 3.62203 1
62 52 331.569 729.068 3.63807 1
62 60 337.226 734.725 3.57078 1
62 74 1140 212 3.18569 2
62 6 1068 220 3.10738 2
16 10 31.7561 723.411 3.12139 3
16 44 297.628 763.009 3.46332 1
64 46 325.913 723.411 3.61815 1
64 70 314.599 678.156 3.25004 7
66 38 320.256 717.754 3.61315 1
66 12 380 676 3.32697 6
66 14 241.06 661.186 3.29584 5
66 16 372 676 3.35814 6
66 72 516 348 3.18363 0
68 58 342.883 729.068 3.45429 1
68 22 308.942 706.441 3.55384 1
68 30 314.599 712.098 3.61012 1
70 54 337.226 723.411 3.63353 1
18 36 291.971 757.352 3.49575 1
18 28 286.315 751.696 3.43224 1
72 46 331.569 717.754 3.63253 1
72 50 388.138 525.421 3.24256 7
72 54 1124 36 3.33324 6
72 56 665.324 519.765 3.20283 5
72 18 241.06 672.5 3.1497 5
72 22 1212 28 3.31749 6
72 24 1164 36 3.3504 6
74 56 1444 20 3.24869 6
74 58 356 540 3.15929 0
74 62 364 604 3.18978 2
74 22 574.814 689.47 3.13694 1
76 32 320.256 706.441 3.58772 1
76 48 348.54 723.411 3.52039 1
20 68 20 756 3.26689 6
20 24 546.53 434.912 3.09801 3
80 30 348.54 712.098 3.35671 1
82 34 325.913 700.784 3.54908 1
82 40 331.569 706.441 3.58859 1
82 20 1564 76 3.11916 6
86 78 43.0699 734.725 3.16169 7
22 52 308.942 763.009 3.56101 1
22 78 12 756 3.30867 6
24 36 297.628 751.696 3.6292 1
24 44 303.285 757.352 3.59202 1
26 18 364 612 3.21881 6
26 74 12 764 3.26082 6
26 30 291.971 746.039 3.62299 1
28 62 320.256 763.009 3.55685 1
28 66 20 764 3.23743 6
28 22 286.315 740.382 3.63952 1
30 12 372 612 3.1994 6
30 54 314.599 757.352 3.57389 1
