0 0 44 732 2.7121 4
0 46 1692 500 2.69953 2
0 58 1349.8 287.834 2.68677 5
2 38 902.912 270.863 2.66347 7
8 36 348 596 2.67263 6
8 38 1684 492 2.68903 2
32 2 427.736 395.314 2.65787 3
32 42 1513.85 55.9026 2.91564 7
32 50 1508.2 61.5594 2.91357 7
34 56 940 292 2.78661 0
34 58 1502.54 67.2162 2.89336 7
36 18 1536.48 44.5889 2.7777 7
36 26 1530.82 50.2457 2.90279 7
38 2 693.608 763.009 2.63484 5
38 34 1525.17 55.9026 2.89754 7
10 10 28 724 2.69359 2
10 54 1491.22 44.5888 2.73065 7
40 40 1519.51 61.5594 2.87945 7
40 50 1513.85 67.2162 2.89534 7
40 64 472.991 553.706 2.64104 1
42 2 876 292 2.66136 2
42 56 916 308 2.79504 0
42 56 1508.2 72.8731 2.88285 7
42 18 1542.14 50.2457 2.77497 7
44 24 1536.48 55.9026 2.8928 7
46 8 1677.9 491.48 2.62996 5
46 32 1530.82 61.5594 2.90146 7
48 40 1525.17 67.2163 2.89235 7
48 48 916 300 2.79051 0
48 48 1519.51 72.8731 2.89722 7
48 18 908 276 2.69503 2
50 56 924 308 2.75057 0
50 56 1513.85 78.53 2.89014 7
52 14 1666.59 491.48 2.64561 5
54 14 908 268 2.6903 2
54 26 916 268 2.70815 2
16 44 1502.54 44.5889 2.82663 7
16 54 1496.88 50.2457 2.84595 7
18 0 20 732 2.70763 4
18 58 433.393 570.676 2.73061 1
18 60 1491.22 55.9025 2.84843 7
22 36 1513.85 44.5889 2.91047 7
22 28 1519.51 38.932 2.86947 7
6 64 1338.49 287.834 2.69895 5
24 44 1508.2 50.2457 2.9163 7
24 52 1502.54 55.9025 2.90963 7
26 58 900 300 2.77572 0
26 60 1496.88 61.5594 2.89271 7
28 18 1530.82 38.932 2.73931 7
28 28 1525.17 44.5889 2.87462 7
30 34 1519.51 50.2457 2.90978 7
