0 8 863.314 457.539 2.69872 5
0 36 314.599 542.392 2.66385 7
0 18 331.569 525.421 2.73916 7
0 26 852 333.088 2.67468 3
8 10 532 436 2.69296 2
8 14 331.569 536.735 2.69407 7
32 42 710.579 565.019 2.6915 7
32 42 1598.7 72.873 2.73841 1
32 22 1644 196 2.72599 2
34 12 823.716 406.627 2.59744 7
34 30 1652 196 2.73018 2
38 32 1655.27 197.324 2.67219 1
38 38 1660 196 2.65619 2
10 32 1644 220 2.68098 2
10 42 959.48 440.569 2.64756 5
44 34 1660.93 191.667 2.61876 1
44 30 1652 188 2.64955 2
46 38 1660 188 2.63508 2
48 42 936.853 123.785 2.6184 1
50 22 31.7563 700.784 2.61597 5
52 42 721.892 576.333 2.61937 7
54 10 28 724 2.6927 4
14 46 1593.05 89.8436 2.6814 1
14 20 1636 212 2.72504 2
56 40 1036 3.99994 2.53289 2
58 38 484 588 2.52865 6
62 0 20 732 2.70735 4
64 42 1468 556 2.50228 6
64 6 20 724 2.67907 4
18 0 818.059 367.029 2.68028 7
18 12 1628 204 2.67906 2
18 16 1632.65 208.637 2.71268 1
22 42 1593.05 78.5299 2.75027 1
22 18 1636 204 2.72332 2
22 26 1643.96 208.637 2.7205 1
6 10 342.883 525.421 2.71553 7
24 18 1638.3 202.981 2.71829 1
26 8 818.059 378.343 2.67241 7
26 32 1652 204 2.748 2
26 24 1644 204 2.72287 2
