0 66 20 732 3.29955 2
0 80 44 732 3.28413 2
0 26 1615.68 157.726 3.23897 3
8 62 12 724 3.25703 2
32 72 1191.41 378.343 3.10758 1
34 0 1655.27 16.3044 3.29986 1
34 70 884 180 3.12066 2
38 36 796 756 3.77678 6
38 44 788 756 3.74307 6
38 12 820 756 3.75597 6
38 52 780 756 3.71109 6
38 60 772 756 3.6931 6
38 68 764 756 3.3525 6
38 20 812 756 3.75985 6
38 28 804 756 3.77431 6
10 50 900 164 3.15441 2
10 6 876 276 3.19214 4
42 8 1666.59 16.3044 3.24795 1
42 76 184.491 717.754 3.11585 5
42 6 1672.24 10.6476 3.27074 1
44 36 796 764 3.37186 6
44 42 788 764 3.37756 6
44 12 820 764 3.45639 6
44 50 780 764 3.3699 6
44 70 764 764 3.25746 6
44 20 812 764 3.33477 6
44 28 804 764 3.37456 6
46 58 1677.9 186.01 3.21967 1
48 2 1668 492 3.22637 4
48 66 36 476 3.19232 0
48 70 1508.2 536.735 3.12552 5
48 72 178.834 723.411 3.12435 5
50 46 596 4 3.22262 2
50 50 580 4 3.22682 2
50 74 660 4 3.14205 2
54 42 1372 588 3.22564 6
54 54 1683.56 180.353 3.22074 1
54 14 84 484 3.17983 0
14 36 796 732 3.77749 6
14 44 788 732 3.73671 6
14 20 812 732 3.69887 6
14 28 804 732 3.77711 6
16 42 1632.65 50.2457 3.0933 7
16 56 908 156 3.14576 2
18 14 420 596 3.23007 0
22 36 796 740 3.77848 6
22 44 788 740 3.74178 6
22 12 820 740 3.66632 6
22 52 780 740 3.6443 6
22 66 884 188 3.14141 2
22 74 43.0698 723.411 3.09341 1
22 20 812 740 3.72109 6
22 6 828 740 3.40432 6
22 28 804 740 3.77272 6
6 36 796 724 3.49705 6
30 36 796 748 3.77732 6
30 44 788 748 3.74369 6
30 12 820 748 3.75618 6
30 52 780 748 3.71163 6
30 60 772 748 3.67137 6
30 20 812 748 3.75777 6
30 28 804 748 3.77379 6
