2 0 44 732 3.30427 4
34 38 738.863 661.186 3.45317 3
34 10 1108 44 3.20544 4
34 52 750.177 649.872 3.47406 3
34 28 738.863 672.5 3.43315 3
36 20 733.206 678.156 3.36886 3
38 46 580 740 3.50071 4
38 46 738.863 649.872 3.48165 3
40 46 588 732 3.50325 4
40 54 744.52 644.215 3.46968 3
40 58 588 724 3.44998 4
42 54 572 732 3.53744 4
44 40 733.206 655.529 3.43829 3
44 24 727.549 672.5 3.44533 3
46 14 721.892 678.156 3.4319 3
12 38 761.49 672.5 3.36962 3
12 42 518.246 350.059 3.33541 5
12 26 388.138 593.304 3.2061 1
48 32 727.549 661.186 3.43343 3
50 0 844 460 3.15842 6
50 54 580 732 3.49021 4
50 56 580 724 3.48435 4
50 26 721.892 666.843 3.41915 3
52 50 733.206 644.215 3.47131 3
54 0 1508.2 581.99 3.23621 3
54 18 716.235 672.5 3.44947 3
56 32 556 756 3.40043 4
56 34 721.892 655.529 3.45739 3
56 10 710.579 678.156 3.37186 3
58 44 556 740 3.48194 4
58 54 727.549 638.558 3.46509 3
58 60 733.206 632.902 3.43016 3
58 20 710.579 666.843 3.35424 3
58 28 716.235 661.186 3.45291 3
16 10 28 724 3.28483 4
64 0 1188 412 3.16552 2
64 46 548 740 3.48733 4
64 22 704.922 661.186 3.43435 3
64 30 710.579 655.529 3.43092 3
18 38 604 748 3.41412 4
18 40 755.833 666.843 3.41942 3
18 42 604 740 3.42571 4
18 48 761.49 661.186 3.4263 3
22 0 20 732 3.29872 4
22 42 512.589 355.716 3.43582 5
6 32 388.138 604.617 3.18266 1
6 54 1491.22 293.49 3.27185 5
24 32 750.177 672.5 3.42643 3
24 42 750.177 661.186 3.45406 3
24 50 755.833 655.529 3.42429 3
24 60 914.226 270.863 3.40833 5
24 6 20 724 3.26473 4
26 48 604 732 3.4425 4
26 26 744.52 678.156 3.41191 3
30 66 902.912 270.863 3.41945 5
