0 0 876 284 3.34541 0
0 8 876 292 3.31819 0
0 32 1668 132 3.27503 6
0 26 1676 132 3.28322 6
8 2 884 284 3.33029 0
8 8 1440.31 593.304 3.2744 7
8 32 1668 140 3.24388 6
8 38 43.0698 734.725 3.18158 5
32 8 1132 540 3.31553 2
32 8 1428 636 3.67645 6
32 8 235.403 678.156 3.23084 7
32 16 1420 636 3.69141 6
38 26 1412 644 3.66186 6
40 10 1428 644 3.67866 6
46 34 71.3541 355.716 3.1976 3
46 22 1420 652 3.68576 6
48 14 1564.76 152.069 3.23617 3
48 22 1412 652 3.67548 6
50 14 1452 51.9999 3.26117 2
50 16 1117.87 55.9025 3.25425 7
52 6 92 548 3.18137 6
54 34 1404 660 3.67658 6
54 14 388 588 3.1973 4
54 28 1412 660 3.67213 6
14 24 428 604 3.28786 0
14 24 1412 620 3.59154 6
14 24 450.364 497.137 3.20811 5
56 22 1231.01 372.686 3.22014 7
58 18 1638.3 293.49 3.1999 3
62 34 1404 668 3.67079 6
62 22 1420 668 3.64313 6
62 28 1412 668 3.66956 6
16 10 1428 620 3.49274 6
16 16 1420 620 3.60606 6
66 6 284 436 3.05832 2
70 36 1404 676 3.66454 6
70 10 897.255 276.52 3.1631 1
70 28 1412 676 3.65072 6
18 18 54.3835 451.882 3.29582 1
78 36 1404 684 3.59479 6
78 28 1412 684 3.59664 6
20 0 1440.31 423.598 3.2641 3
80 14 1676 492 3.15655 4
80 16 885.941 310.461 3.10014 5
86 42 892 260 3.17608 0
88 0 43.0698 723.411 3.19393 1
88 34 892 252 3.17392 0
24 8 1428 628 3.68853 6
24 16 1420 628 3.68383 6
26 38 37.4131 740.382 3.17278 5
26 16 1140 548 3.30313 2
30 26 1156 548 3.28475 2
30 26 1412 636 3.61107 6
