0 38 1530.82 559.363 3.33424 5
0 18 268 396 3.23933 4
0 18 201.462 214.294 3.24574 1
0 74 44 724 3.20904 6
2 40 444.707 570.676 3.3264 3
2 30 1580 35.9999 3.32001 2
8 22 1572 27.9999 3.29965 2
32 50 1604 11.9999 3.53846 2
32 6 1553.45 615.931 3.28247 5
34 56 1612 11.9999 3.52774 2
34 16 1547.79 610.274 3.27288 5
34 24 1536.48 598.961 3.29167 5
36 64 1620 11.9999 3.51549 2
38 72 1628 11.9999 3.50477 2
10 8 682.294 763.009 3.2164 3
10 54 908 276 3.31106 6
10 76 44 732 3.19874 6
10 30 1580 27.9999 3.40916 2
40 38 433.393 581.99 3.27487 7
42 48 885.941 514.108 3.32048 1
42 70 1628 3.99994 3.36978 2
12 38 1588 27.9999 3.46712 2
12 54 1604 35.9999 3.4818 2
12 62 1612 35.9999 3.47004 2
12 66 1620 35.9999 3.447 2
48 54 897.255 514.108 3.30506 1
14 0 1684 508 3.23271 0
14 46 1596 27.9999 3.46537 2
14 14 1564 19.9999 3.26068 2
4 50 916 268 3.31448 6
16 52 1604 27.9999 3.46038 2
16 20 1572 19.9999 3.41472 2
18 0 1692 508 3.25553 0
18 0 670.981 763.009 3.25914 3
18 60 1612 27.9999 3.46578 2
18 28 1580 19.9999 3.47639 2
20 36 1588 19.9999 3.48646 2
22 44 1596 19.9999 3.52871 2
22 12 1564 11.9999 3.34398 2
22 68 1620 27.9999 3.47089 2
6 10 682.294 593.304 3.1975 1
6 48 1519.51 559.363 3.33883 5
24 50 1604 19.9999 3.53013 2
24 18 1572 11.9999 3.43413 2
26 58 1612 19.9999 3.49541 2
26 26 1580 11.9999 3.47712 2
28 34 1588 11.9999 3.48134 2
30 2 1434.66 587.647 3.2217 1
30 42 1596 11.9999 3.53831 2
30 66 1620 19.9999 3.51645 2
30 74 1628 19.9999 3.52159 2
