2 96 44 732 3.24339 2
32 44 953.823 106.814 3.37995 5
32 52 948.167 101.157 3.611 5
34 38 269.344 395.314 3.26129 5
34 60 942.51 95.5005 3.60897 5
34 68 936.853 89.8436 3.58516 5
34 90 925.539 67.2162 3.26593 5
38 34 204 388 3.27965 0
38 76 931.196 84.1867 3.58937 5
38 84 925.539 78.5299 3.60462 5
10 48 1496.88 627.245 3.25007 7
10 62 959.48 78.5299 3.32593 5
10 70 1632.65 751.696 3.23508 1
40 42 948.167 112.471 3.54554 5
40 50 942.51 106.814 3.62921 5
40 90 919.882 72.873 3.38333 5
42 58 936.853 101.157 3.61817 5
42 96 1044 68 3.278 0
42 30 948 292 3.3135 4
44 66 931.196 95.5005 3.58716 5
44 74 925.539 89.8436 3.60806 5
46 82 919.882 84.1867 3.60295 5
12 78 1638.3 757.352 3.21987 1
48 48 936.853 112.471 3.60686 5
48 58 931.196 106.814 3.61032 5
50 36 1212 20 3.37304 4
50 64 925.539 101.157 3.6107 5
52 72 919.882 95.5005 3.61906 5
54 32 948.167 123.785 3.38078 5
54 40 936.853 123.785 3.5809 5
54 80 914.226 89.8436 3.6025 5
54 96 1508.2 627.245 3.29976 3
14 50 740 372 3.27038 0
56 48 931.196 118.128 3.59678 5
56 22 1180 44 3.28462 4
58 34 1172 28 3.4106 4
58 20 12 756 3.28058 0
58 86 1530.82 638.558 3.30005 3
58 88 516 372 3.29961 4
58 96 516 364 3.23951 4
60 62 919.882 106.814 3.59554 5
60 70 914.226 101.157 3.59968 5
60 78 908.569 95.5005 3.52781 5
62 38 931.196 129.442 3.59985 5
62 30 936.853 135.098 3.55613 5
64 46 925.539 123.785 3.59835 5
64 54 919.882 118.128 3.58353 5
64 88 1525.17 632.902 3.27548 3
66 62 914.226 112.471 3.60843 5
66 76 902.912 101.157 3.32795 5
68 70 908.569 106.814 3.59541 5
68 80 700 556 3.22825 6
68 22 936.853 146.412 3.41376 5
70 0 20 732 3.26577 4
70 18 1164 44 3.41164 4
70 28 931.196 140.755 3.61146 5
18 44 1513.85 632.902 3.34228 7
18 62 953.823 84.1868 3.49605 5
18 82 919.882 525.421 3.22106 5
72 36 925.539 135.098 3.61536 5
72 44 919.882 129.442 3.62223 5
72 54 914.226 123.785 3.61418 5
74 60 908.569 118.128 3.61319 5
74 20 931.196 152.069 3.43083 5
76 68 902.912 112.471 3.57197 5
20 70 948.167 78.5299 3.50348 5
80 42 914.226 135.098 3.6095 5
80 50 908.569 129.442 3.59103 5
80 16 1156 44 3.42321 4
82 14 852 444 3.2986 6
82 58 902.912 123.785 3.59763 5
84 18 925.539 157.726 3.39953 5
84 26 919.882 152.069 3.61802 5
86 34 914.226 146.412 3.61903 5
22 78 942.51 72.873 3.23478 5
22 80 1660 764 3.27488 0
22 80 1643.96 751.696 3.22613 1
88 40 908.569 140.755 3.6221 5
88 48 902.912 135.098 3.61513 5
88 56 897.255 129.442 3.52419 5
90 16 919.882 163.383 3.58312 5
92 24 914.226 157.726 3.62401 5
94 32 908.569 152.069 3.62553 5
6 48 1220 660 3.23455 6
6 70 20.4424 700.784 3.21328 1
6 86 28 724 3.23764 2
24 54 953.823 95.5005 3.56357 5
24 90 682.294 763.009 3.19708 1
96 48 897.255 140.755 3.61519 5
98 14 914.226 169.04 3.58131 5
100 22 908.569 163.383 3.62458 5
100 30 902.912 157.726 3.62736 5
26 62 948.167 89.8436 3.57645 5
104 38 897.255 152.069 3.63105 5
104 46 891.598 146.412 3.62844 5
104 14 908.569 174.696 3.59391 5
106 2 1140 52 3.41568 4
106 56 916 268 3.40469 4
106 22 902.912 169.04 3.59055 5
110 50 410.766 502.794 3.2773 5
110 28 897.255 163.383 3.59582 5
28 44 1519.51 638.558 3.3293 7
28 70 942.51 84.1868 3.56305 5
28 76 936.853 78.5299 3.53433 5
28 90 220 228 3.19273 0
114 2 908.569 186.01 3.43976 5
114 12 902.912 180.353 3.58638 5
114 50 405.109 508.451 3.27378 5
114 54 908 268 3.38264 4
114 58 884 276 3.23527 4
114 20 897.255 174.696 3.5935 5
116 34 885.941 163.383 3.48933 5
116 28 891.598 169.04 3.52702 5
30 84 931.196 72.873 3.55946 5
120 44 876 292 3.28339 4
