0 42 1700 212 2.7397 0
0 42 1106.56 67.2162 2.74179 3
0 48 1700 220 2.74763 0
0 70 1404 204 2.65719 4
8 56 1117.87 542.392 2.64015 5
8 18 596 708 2.6586 6
32 36 244 740 2.7106 0
32 46 1524 348 2.64022 4
34 32 1668 11.9999 2.64703 2
34 10 252 716 2.65117 0
34 22 37.413 514.108 2.59136 1
36 20 252 724 2.673 0
38 34 156 604 2.61377 6
38 40 1519.51 378.343 2.60402 5
38 62 28 724 2.65997 0
38 26 252 732 2.64072 0
10 10 460 540 2.72385 4
10 10 936.853 293.49 2.75308 3
10 42 220 740 2.7353 0
10 16 942.51 287.833 2.752 3
10 18 460 524 2.72884 4
10 6 460 548 2.68501 4
40 40 314.599 565.019 2.59007 5
40 24 1660 3.99994 2.58226 2
42 0 1628 556 2.67788 0
42 0 1225.35 84.1867 2.65102 1
42 16 260 724 2.54657 0
46 8 1300 268 2.60841 6
12 10 1076 404 2.7058 2
12 52 220 748 2.71753 0
48 0 1564 84 2.67875 6
48 66 20 732 2.67115 6
48 70 44 732 2.68133 0
48 6 1636 564 2.67889 0
48 24 1556 92 2.53553 0
14 62 220 756 2.63589 0
14 62 1268 380 2.60216 6
14 24 228 724 2.71249 0
16 32 228 732 2.7179 0
16 20 452 524 2.72523 4
18 42 228 740 2.7132 0
18 14 236 716 2.72474 0
20 50 228 748 2.69881 0
22 56 228 756 2.59137 0
22 30 236 732 2.70998 0
6 34 1072.62 78.5299 2.74684 3
6 18 1084 412 2.698 2
6 28 468 516 2.73611 4
24 38 236 740 2.70936 0
24 16 244 716 2.70931 0
28 56 1436 428 2.60396 6
30 46 1092 388 2.63828 2
30 48 461.677 384 2.63622 7
30 6 252 708 2.67773 0
30 30 244 732 2.71008 0
