0 34 1692 508 2.69938 6
0 42 1684 508 2.70585 6
0 22 1338.49 287.834 2.70385 7
0 24 1084 412 2.66952 2
0 24 139.236 593.304 2.67481 1
0 30 756 356 2.69072 6
2 18 897.255 310.461 2.62873 3
32 38 916 268 2.72151 4
34 2 868.971 282.177 2.69642 5
34 12 364 148 2.68332 6
34 22 356 148 2.70551 6
36 40 908 268 2.71169 4
42 12 364 156 2.64388 6
42 18 356 156 2.67249 6
44 30 1677.9 491.48 2.68757 7
46 0 755.833 621.588 2.63495 3
12 34 348 124 2.70571 6
12 26 356 124 2.6807 6
48 10 364 164 2.64618 6
50 18 356 164 2.65914 6
54 24 1684 540 2.65952 6
54 26 342.883 593.304 2.67345 3
58 6 716.236 570.676 2.64486 3
66 0 876 292 2.67699 2
66 0 948 220 2.65006 6
66 0 1570.42 395.314 2.68069 3
66 8 1576.08 389.657 2.64709 3
66 32 28 724 2.60758 6
66 4 755.833 361.373 2.6486 1
66 22 884 284 2.70035 4
18 8 331.569 502.794 2.68923 1
18 16 364 132 2.67681 6
18 24 356 132 2.70964 6
72 0 1564.76 389.657 2.68138 3
20 32 348 132 2.71008 6
24 0 196 388 2.71979 0
24 6 885.941 514.108 2.69202 7
26 14 364 140 2.68774 6
26 22 356 140 2.68227 6
28 30 348 140 2.68809 6
30 0 874.628 276.52 2.71198 5
