0 0 1259.29 208.638 3.22069 5
0 34 44 724 3.23329 6
0 42 12 732 3.23221 2
0 50 20 732 3.26344 2
0 18 916 268 3.26825 6
2 18 1553.45 434.912 3.1549 5
2 6 1596 556 3.18871 0
2 26 908 268 3.26239 6
8 22 908 276 3.24362 6
32 10 468 516 3.33398 6
32 48 20 764 3.22053 6
32 14 292 668 3.35557 4
32 58 818.059 344.402 3.22777 1
32 16 316 668 3.34128 4
32 16 460 516 3.32968 6
34 10 556 684 3.30912 0
34 50 399.452 333.088 3.21497 5
34 6 276 404 3.27357 6
34 26 410.766 355.716 3.24676 5
36 34 405.109 350.059 3.25263 5
36 36 404 348 3.25486 4
36 16 556 692 3.29942 0
38 40 399.452 344.402 3.23217 5
38 66 1338.49 287.834 3.23585 5
40 14 460 524 3.29897 6
42 48 393.795 338.745 3.22424 5
42 14 489.961 355.716 3.25537 5
42 30 399.452 355.716 3.20228 5
44 38 396 348 3.23376 4
44 56 388.138 333.088 3.23303 5
44 30 396 356 3.23235 4
50 42 388 348 3.23545 4
50 62 1500 300 3.20928 2
50 66 670.981 763.009 3.24712 7
52 14 924 252 3.18455 2
54 32 829.373 423.598 3.15658 7
54 34 388 356 3.21384 4
54 42 382.481 350.059 3.18797 5
14 34 1660.93 485.823 3.21545 1
14 42 1666.59 491.48 3.2258 1
14 20 372 668 3.30538 4
56 36 1689.21 434.912 3.19364 1
56 58 682.294 763.009 3.21821 7
56 16 44 4 3.13421 0
58 40 52 12 3.17495 0
62 54 65.6974 440.568 3.18554 5
18 0 195.805 389.657 3.26973 1
18 2 676 764 3.26091 4
18 14 268 380 3.27888 6
18 18 201.462 485.823 3.25577 7
20 40 1672.24 485.823 3.19311 1
22 2 548 676 3.33733 0
22 54 12 756 3.30437 6
22 14 308 668 3.32827 4
22 16 1148 244 3.29943 6
22 18 300 668 3.37086 4
22 18 846.343 338.745 3.28809 5
6 58 28 724 3.24082 2
24 60 36 740 3.22193 6
24 6 540 676 3.34446 0
28 36 410.766 344.402 3.25707 5
28 28 416.422 350.059 3.22432 5
30 10 292 676 3.34868 4
30 54 12 764 3.27944 6
