0 34 738.863 367.029 3.31496 7
0 30 532 444 3.30905 2
2 38 1524 636 3.26604 6
32 40 535.216 140.755 3.43599 5
32 14 1485.57 627.245 3.17994 1
34 48 529.559 135.098 3.43355 5
34 66 1684 492 3.35637 0
38 38 529.559 146.412 3.3832 5
38 18 1677.9 491.48 3.25474 5
38 30 1116 36 3.2172 6
10 8 1684 516 3.20713 0
10 46 552.187 123.785 3.29639 5
10 12 755.833 361.373 3.28659 7
10 60 43.9999 4.00006 3.22192 4
40 26 331.569 502.794 3.21198 3
42 46 523.903 140.755 3.35433 5
42 70 1649.62 21.9614 3.32415 5
46 0 20 732 3.2371 4
46 10 20 724 3.20204 4
46 50 1666.59 38.932 3.2862 5
46 60 512.589 129.442 3.28385 5
48 32 892 276 3.20998 2
50 46 852 444 3.28471 0
52 48 1660.93 44.5888 3.32967 5
52 56 1655.27 38.932 3.32341 5
54 0 12 732 3.19436 4
54 46 908 268 3.26368 2
54 70 1615.68 384 3.24888 1
54 18 36 724 3.16731 2
54 30 44 724 3.19454 2
14 2 1692 508 3.20472 0
14 36 552.187 135.098 3.4208 5
14 58 518.246 372.686 3.30724 5
14 30 557.844 140.755 3.3457 5
16 44 546.53 129.442 3.40328 5
16 6 1692 516 3.16162 0
18 52 540.873 123.785 3.38154 5
18 18 557.844 152.069 3.30347 5
20 16 914.225 282.177 3.17035 7
20 26 552.187 146.412 3.40565 5
22 34 546.53 140.755 3.42194 5
22 64 1676 492 3.36213 0
6 22 468 516 3.25319 4
24 42 540.873 135.098 3.42265 5
26 50 535.216 129.442 3.41233 5
26 16 552.187 157.726 3.27563 5
28 56 529.56 123.785 3.36008 5
28 24 546.53 152.069 3.4135 5
30 0 308.942 548.049 3.20629 3
30 32 540.873 146.412 3.36985 5
30 70 902.912 270.863 3.31301 5
