0 34 1084 75.9999 3.20637 2
0 40 354.197 593.304 3.16512 5
0 54 20 732 3.10148 2
0 58 28 732 3.0749 2
0 16 1516 156 3.16907 2
2 0 44 724 3.15303 0
32 0 1404 11.9999 3.34317 4
32 44 1188 83.9999 3.6677 2
32 52 1196 83.9999 3.67571 2
34 58 532 676 3.24874 4
36 12 1156 75.9999 3.67451 2
38 36 1180 75.9999 3.65757 2
38 20 1164 75.9999 3.66704 2
38 28 1172 75.9999 3.68868 2
10 38 1180 108 3.19203 2
10 58 37.413 729.068 3.10303 1
40 44 1188 75.9999 3.66377 2
40 52 1196 75.9999 3.65841 2
42 58 1204 75.9999 3.3695 2
44 0 1396 11.9999 3.32231 4
44 10 1156 67.9999 3.67697 2
46 34 1180 67.9999 3.68503 2
46 20 1164 67.9999 3.6411 2
46 26 1172 67.9999 3.69173 2
48 42 1188 67.9999 3.59803 2
48 50 1196 67.9999 3.61495 2
50 0 1388 11.9999 3.30261 4
50 58 1204 67.9999 3.47972 2
52 10 1156 59.9999 3.6882 2
52 18 1164 59.9999 3.66822 2
54 34 1180 59.9999 3.68783 2
54 26 1172 59.9999 3.70024 2
14 8 1677.9 491.48 3.17488 3
14 10 908 276 3.19568 0
14 54 925.539 304.804 3.1852 1
14 22 1164 99.9999 3.57168 2
14 30 1172 99.9999 3.63956 2
56 54 1444 4 3.24658 6
58 38 1260 28 3.21484 6
58 10 1156 51.9999 3.44446 2
58 58 1532 500 3.20537 6
60 16 1164 51.9999 3.4159 2
16 44 1188 99.9999 3.40502 2
16 50 919.882 299.147 3.202 1
64 2 88.3247 553.706 3.20733 5
64 34 1356 28 3.20086 6
64 40 325.913 531.078 3.20306 3
64 50 1252 36 3.23095 6
64 22 897.255 480.167 3.10321 1
18 52 556 684 3.23319 4
20 14 1156 91.9999 3.52618 2
22 38 1180 91.9999 3.61215 2
22 22 1164 91.9999 3.56975 2
22 30 1172 91.9999 3.63818 2
6 14 682.294 763.009 3.15704 3
6 66 43.0699 734.725 3.10895 1
6 24 1164 108 3.33763 2
24 46 1188 91.9999 3.53169 2
24 54 476 716 3.20426 0
26 2 908.569 163.383 3.27169 5
28 12 1156 83.9999 3.6736 2
30 36 1180 83.9999 3.66046 2
30 52 540 684 3.25125 4
30 58 540 676 3.26025 4
30 20 1164 83.9999 3.66396 2
30 28 1172 83.9999 3.67853 2
