0 14 1496.88 287.834 3.15067 7
0 18 1372.43 457.539 3.43289 5
32 18 1349.8 480.167 3.75748 5
34 34 1338.49 468.853 3.758 5
34 10 1355.46 485.823 3.64272 5
34 42 1332.83 463.196 3.78441 5
34 50 1327.18 457.539 3.78824 5
34 28 1344.15 474.51 3.77469 5
10 18 1366.77 463.196 3.67472 5
10 26 1361.12 457.539 3.65274 5
40 10 1349.8 491.48 3.68557 5
40 18 1344.15 485.823 3.77136 5
42 2 1355.46 497.137 3.34549 5
42 34 1332.83 474.51 3.79275 5
42 42 1327.18 468.853 3.8035 5
42 50 1321.52 463.196 3.80467 5
42 26 1338.49 480.167 3.7969 5
48 10 1344.15 497.137 3.38761 5
50 34 1327.18 480.167 3.79892 5
50 42 1321.52 474.51 3.80472 5
50 50 1315.86 468.853 3.80539 5
50 18 1338.49 491.48 3.77942 5
50 26 1332.83 485.823 3.79398 5
14 42 195.805 706.441 3.20867 1
14 50 1643.96 140.755 3.15869 5
56 18 1332.83 497.137 3.67593 5
58 0 44 732 3.17087 4
58 34 1321.52 485.823 3.78599 5
58 42 1315.86 480.167 3.79557 5
58 50 1310.21 474.51 3.79631 5
58 24 1502.54 304.804 3.22103 7
58 26 1327.18 491.48 3.78698 5
62 14 276 404 3.22689 6
4 28 43.0699 451.882 3.19963 7
16 8 900 276 3.17584 0
16 18 1361.12 468.853 3.75592 5
16 24 500 380 3.27979 2
66 34 1315.86 491.48 3.79271 5
66 42 1310.21 485.823 3.7863 5
66 50 1304.55 480.167 3.79082 5
66 16 1327.18 502.794 3.59473 5
66 18 1508 324 3.30711 6
66 26 1321.52 497.137 3.76928 5
18 8 1677.9 491.48 3.13601 3
18 36 1349.8 457.539 3.76447 5
18 28 1355.46 463.196 3.77053 5
74 10 28 724 3.21231 4
74 42 1304.55 491.48 3.7439 5
74 50 1298.89 485.823 3.70107 5
74 30 36 548 3.28716 4
78 30 1310.21 497.137 3.6949 5
20 40 1344.15 451.882 3.73516 5
80 40 1298.89 497.137 3.53855 5
82 0 20 732 3.22696 4
22 2 908 268 3.16861 0
22 40 1236 220 3.21997 6
6 32 1259.29 355.716 3.1878 5
6 42 1253.64 350.059 3.18547 5
24 34 1344.15 463.196 3.76282 5
24 18 1355.46 474.51 3.75258 5
26 42 1338.49 457.539 3.77018 5
26 28 1349.8 468.853 3.75211 5
28 2 916 268 3.17622 0
28 50 1332.83 451.882 3.74863 5
28 14 1361.12 480.167 3.55124 5
30 50 476 476 3.22849 6
