0 0 1564 83.9999 2.71525 4
0 0 857.657 440.569 2.67303 5
0 0 1344.15 282.177 2.70762 7
0 34 668 756 2.61788 0
0 10 1532 428 2.66134 6
0 40 668 764 2.69333 0
0 40 721.892 361.373 2.65558 1
0 18 268 388 2.63706 4
8 34 676 756 2.59549 0
8 30 1308 308 2.57618 4
18 40 670.981 763.009 2.67009 7
18 40 884 284 2.70508 4
18 16 900 284 2.6562 2
20 10 892 284 2.72125 2
20 40 382.481 598.96 2.65909 5
22 10 342.883 593.304 2.69193 1
22 10 1677.9 491.48 2.7152 5
22 18 1672.24 485.823 2.6715 5
6 8 1556 75.9999 2.65679 4
6 8 150.55 491.48 2.6404 7
26 8 892 276 2.71983 2
26 16 900 276 2.73833 2
26 22 844 468 2.659 0
28 32 876 292 2.68241 4
28 18 359.854 598.96 2.67628 1
