0 0 180 372 2.70431 4
0 0 1508.2 310.461 2.72856 5
0 32 43.0698 723.411 2.60993 5
8 0 172 372 2.6736 4
32 4 540 676 2.7485 0
34 6 1349.8 287.833 2.74022 1
34 26 868 276 2.64248 2
38 8 556 684 2.7085 0
38 8 460 540 2.69145 6
10 32 37.4131 729.068 2.55939 5
42 10 1068 404 2.64441 4
12 18 908.569 276.52 2.7494 5
50 32 324 588 2.56742 4
50 16 1060 396 2.58438 4
14 26 902.912 270.863 2.76529 5
20 2 692 764 2.70018 4
20 18 902.912 282.177 2.74666 5
20 26 897.255 276.52 2.77178 5
6 22 1668 492 2.62025 0
28 0 1338.49 287.833 2.7509 1
30 0 468 532 2.71482 6
30 0 140 316 2.71481 2
30 12 540 684 2.73502 0
