2 0 44 732 3.27986 4
2 48 818.059 367.029 3.20504 5
2 58 427.736 395.314 3.24186 1
32 46 648.353 186.01 3.45276 1
32 48 716.236 208.638 3.19511 5
32 76 897.255 276.52 3.28715 5
34 54 654.01 191.667 3.44746 1
34 28 642.696 169.04 3.29114 1
38 36 648.353 174.696 3.39855 1
38 62 659.667 197.324 3.4035 1
10 42 818.059 378.343 3.22451 5
10 54 631.383 202.981 3.23438 1
10 64 439.05 395.314 3.25817 1
40 32 1632.65 706.441 3.19662 5
40 68 665.324 202.981 3.25754 1
40 18 642.696 157.726 3.22129 1
42 8 740 372 3.20387 0
42 10 1052 60 3.20356 4
42 50 659.667 186.01 3.37833 1
42 26 648.353 163.383 3.30106 1
44 58 665.324 191.667 3.34447 1
46 34 654.01 169.04 3.42105 1
46 14 648.353 152.069 3.30319 1
48 42 659.667 174.696 3.39523 1
48 48 665.324 180.353 3.3969 1
50 66 835.029 451.882 3.18307 1
50 22 654.01 157.726 3.33434 1
52 30 659.667 163.383 3.33642 1
54 38 665.324 169.04 3.30077 1
54 12 654.01 146.412 3.32356 1
14 6 28 724 3.25901 4
56 52 829.373 434.912 3.23568 1
58 20 659.667 152.069 3.31216 1
60 0 801.088 361.373 3.25127 1
60 42 523.902 367.029 3.30304 3
62 34 518.246 372.686 3.30595 3
62 48 1668 492 3.1982 6
62 22 512.589 378.343 3.26398 3
16 34 260 412 3.16387 4
68 0 1620 548 3.25216 0
18 58 642.696 202.981 3.25939 1
22 0 20 732 3.27366 4
22 36 546.53 434.912 3.17524 3
22 40 637.04 186.01 3.41957 1
22 48 642.696 191.667 3.44263 1
22 30 260 404 3.17577 4
6 30 36 724 3.18612 2
24 10 20 724 3.23845 4
24 66 1508 636 3.27668 4
24 70 891.598 282.177 3.29508 5
24 26 540.873 440.568 3.17583 3
26 40 721.892 55.9025 3.18782 1
28 56 648.353 197.324 3.44157 1
28 30 637.04 174.696 3.18446 1
30 0 12 732 3.22272 4
30 38 642.696 180.353 3.44929 1
30 64 654.01 202.981 3.4193 1
