0 0 26.0993 740.382 2.66063 7
0 48 52 732 2.64482 6
2 46 68 452 2.62436 0
2 58 44 732 2.66007 6
2 18 846.343 350.059 2.73065 3
2 24 852 344.402 2.73211 3
2 24 476 516 2.74754 4
8 14 452 556 2.69052 4
8 14 1485.57 321.775 2.72701 3
8 14 207.119 389.657 2.6772 7
10 58 44 740 2.6442 6
10 20 1404 260 2.68667 2
10 30 1412 260 2.70197 2
12 38 1420 260 2.69815 2
12 46 1428 260 2.71926 2
14 54 1436 260 2.65954 2
14 14 1396 252 2.67676 2
16 50 1491.22 293.49 2.66324 3
16 20 1404 252 2.67621 2
18 28 1412 252 2.70395 2
20 36 1420 252 2.70918 2
22 44 1428 252 2.70094 2
22 12 1396 244 2.62284 2
22 52 1436 252 2.67685 2
6 22 268 396 2.74896 4
6 26 687.951 610.274 2.62367 1
26 2 190.148 350.059 2.60014 7
26 42 167.521 610.274 2.6174 5
26 12 891.598 248.235 2.63858 7
26 16 43.0701 553.706 2.6409 5
26 20 1276 28 2.67372 6
30 2 1378.09 395.314 2.61335 1
30 34 1052 252 2.66993 2
30 34 1252 20 2.67339 6
30 62 1452 508 2.59526 2
30 62 37.4131 412.284 2.53679 5
30 22 308 540 2.65263 4
30 28 1044 252 2.6597 2
