0 34 897.255 514.108 3.30698 5
0 10 876 292 3.29564 0
0 30 422.079 615.931 3.30669 3
2 0 516 364 3.34162 0
2 40 880.284 270.863 3.30259 3
32 2 133.58 587.647 3.30976 3
32 10 540 276 3.3986 4
32 16 540 268 3.66123 4
34 32 540 252 3.71737 4
34 24 540 260 3.71932 4
36 40 540 244 3.70851 4
36 48 540 236 3.70225 4
38 8 1516 636 3.31713 0
38 56 540 228 3.66639 4
38 64 540 220 3.66607 4
10 58 331.569 502.794 3.2415 7
10 18 564 268 3.59905 4
10 28 564 260 3.59633 4
40 16 532 268 3.6669 4
42 32 532 252 3.70857 4
42 40 532 244 3.69575 4
42 24 532 260 3.71163 4
44 48 532 236 3.69514 4
46 8 648.353 502.794 3.31417 3
46 56 532 228 3.65856 4
46 72 1626.99 553.706 3.31383 3
12 36 564 252 3.5748 4
48 16 524 268 3.60059 4
50 62 524 220 3.43838 4
50 72 1116 44 3.35201 0
50 24 524 260 3.66822 4
52 38 524 244 3.66657 4
52 10 654.01 508.451 3.28756 3
52 46 524 236 3.66052 4
54 54 524 228 3.61734 4
54 64 1116 36 3.33241 0
14 0 900 276 3.32597 0
14 44 564 244 3.52181 4
14 12 564 276 3.46485 4
14 50 564 236 3.52101 4
14 66 692 620 3.25656 0
14 18 1044.33 38.9319 3.22647 5
56 66 1100 44 3.34794 0
58 12 1204 4 3.22391 0
58 64 1615.68 553.706 3.30651 3
58 72 1124 44 3.27344 0
58 22 516 260 3.67965 4
58 30 516 252 3.67382 4
60 38 516 244 3.65601 4
60 46 516 236 3.6632 4
60 54 516 228 3.61066 4
62 42 953.823 106.814 3.28543 7
62 50 942.51 118.128 3.32005 7
16 10 556 276 3.59552 4
18 34 556 252 3.68749 4
18 18 556 268 3.66292 4
18 26 556 260 3.70811 4
20 42 556 244 3.70191 4
20 50 556 236 3.69296 4
22 58 556 228 3.65894 4
22 64 556 220 3.61881 4
6 48 456.02 548.049 3.2904 3
24 10 548 276 3.59911 4
26 0 1049.99 67.2162 3.33357 5
26 34 548 252 3.68493 4
26 18 548 268 3.62725 4
26 26 548 260 3.68673 4
28 42 548 244 3.67498 4
28 50 548 236 3.65985 4
30 0 1508 628 3.32208 0
30 58 548 228 3.64209 4
30 64 548 220 3.64747 4
30 70 1076 52 3.22784 0
