0 32 1157.47 163.383 2.60379 5
0 14 412 620 2.71432 6
0 16 268 396 2.66827 4
0 16 1084 412 2.71546 2
0 18 140 324 2.67258 0
2 0 876 284 2.71248 0
8 2 884 284 2.71949 0
32 34 1202.72 140.755 2.91206 3
32 40 1078.27 72.873 2.69321 1
38 10 1180.1 152.069 2.9238 3
38 18 1185.75 146.412 2.9106 3
40 36 1197.07 135.098 2.91505 3
46 10 1174.44 146.412 2.92402 3
46 40 1197.07 123.785 2.66881 3
46 18 1180.1 140.755 2.92238 3
46 26 1185.75 135.098 2.92491 3
48 34 1191.41 129.442 2.92237 3
52 12 1168.78 140.755 2.89357 3
54 40 1191.41 118.128 2.75664 3
54 18 1174.44 135.098 2.92295 3
14 12 1197.07 169.04 2.91788 3
14 20 1202.72 163.383 2.90538 3
14 28 1208.38 157.726 2.81813 3
56 34 1185.75 123.785 2.93191 3
56 26 1180.1 129.442 2.92479 3
62 10 908.568 276.52 2.62916 1
62 46 1185.75 214.294 2.63621 7
62 16 1168.78 129.442 2.84302 3
16 0 468 388 2.72871 4
16 34 1214.04 152.069 2.69185 3
64 32 1180.1 118.128 2.78451 3
64 46 1332 500 2.60459 0
64 26 1174.44 123.785 2.83281 3
66 6 65.6973 451.882 2.63203 3
72 34 897.255 276.52 2.66867 3
74 34 1668 492 2.6343 6
74 26 1123.53 38.9319 2.58669 7
22 40 1072.62 78.5299 2.6678 1
22 12 1191.41 163.383 2.92343 3
22 20 1197.07 157.726 2.91772 3
22 28 1202.72 152.069 2.88928 3
24 0 1632.65 559.363 2.70952 7
24 34 1208.38 146.412 2.8742 3
26 0 452 388 2.70912 4
30 46 1100.9 72.873 2.67386 1
30 12 1185.75 157.726 2.90959 3
30 20 1191.41 152.069 2.91561 3
30 28 1197.07 146.412 2.90992 3
