0 52 1692 500 3.28673 2
0 54 420 620 3.1952 6
0 22 20 732 3.28544 2
2 0 44 732 3.27427 4
8 54 1692 492 3.2166 2
8 70 348 596 3.27613 4
8 26 28 724 3.2678 2
32 42 586.128 101.157 3.45686 5
32 68 574.814 78.5298 3.44563 5
34 50 580.471 95.5004 3.45587 5
36 58 574.814 89.8436 3.44399 5
36 18 597.442 123.785 3.32441 5
36 24 591.785 118.128 3.4028 5
38 32 586.128 112.471 3.46924 5
38 60 778.461 304.804 3.23446 1
10 18 12 724 3.23844 2
40 40 580.471 106.814 3.45459 5
40 72 668 524 3.23315 6
42 48 574.814 101.157 3.4441 5
42 78 268 412 3.18181 0
44 56 569.157 95.5004 3.45515 5
44 22 586.128 123.785 3.41131 5
46 12 586.128 135.098 3.44235 5
46 30 580.471 118.128 3.45544 5
48 38 574.814 112.471 3.4639 5
48 10 982.108 21.9613 3.21807 1
50 46 569.157 106.814 3.43448 5
50 66 919.882 265.206 3.22847 3
50 20 580.471 129.442 3.45201 5
52 28 574.814 123.785 3.43605 5
54 0 857.657 451.882 3.30298 7
54 58 764 628 3.24794 6
54 64 925.539 304.804 3.20254 7
54 6 744.52 372.686 3.27907 1
14 50 603.099 84.1868 3.31594 5
14 58 597.442 78.5299 3.42879 5
14 64 591.785 72.873 3.41908 5
14 78 340 588 3.26268 4
56 10 580.471 140.755 3.45739 5
56 46 908.569 276.52 3.32793 3
56 54 823.716 406.627 3.23901 1
58 0 1660.93 10.6476 3.30271 1
58 38 518.246 372.686 3.32739 3
58 48 523.902 367.029 3.31082 3
58 50 1492 684 3.28094 6
58 18 574.814 135.098 3.45478 5
62 30 885.941 287.833 3.31695 3
16 32 190.148 395.314 3.21915 7
64 36 897.255 276.52 3.35736 3
18 32 1460 668 3.24189 2
18 46 597.442 89.8436 3.37242 5
18 74 1684 492 3.27824 0
18 24 195.805 389.657 3.23325 7
20 26 1452 668 3.21821 2
22 38 597.442 101.157 3.43846 5
22 62 586.128 78.5298 3.44339 5
6 30 36 724 3.22415 2
24 44 591.785 95.5004 3.45481 5
24 70 580.471 72.873 3.43864 5
24 74 1044.33 61.5593 3.27712 1
24 22 201.462 395.314 3.21767 7
26 52 586.128 89.8436 3.46111 5
28 60 580.471 84.1867 3.45179 5
30 36 591.785 106.814 3.44459 5
30 28 597.442 112.471 3.28369 5
