0 32 452 556 3.25958 4
0 32 857.657 451.882 3.13215 5
8 10 28 724 3.21066 4
8 46 324 596 3.08516 6
8 22 31.7561 406.627 3.19615 1
32 22 1124 380 3.24101 2
34 40 1140 372 3.29595 2
38 0 552.187 678.156 3.25331 7
38 52 1148 364 3.32038 2
38 60 891.598 282.177 3.40235 5
38 6 461.677 519.764 3.32429 5
38 30 1129.19 372.686 3.23759 3
40 0 860 460 3.21177 6
40 0 467.334 525.421 3.33672 5
42 0 12 524 3.21405 2
42 34 1134.84 367.029 3.27086 3
44 18 1117.87 372.686 3.21918 3
46 46 1140 356 3.32811 2
46 62 885.941 287.833 3.37028 5
46 26 1123.53 367.029 3.26089 3
48 34 1129.19 361.373 3.2549 3
48 46 1140.5 361.373 3.28362 3
48 52 1146.16 355.716 3.30937 3
48 18 1112.22 367.029 3.25446 3
50 0 173.177 627.245 3.20186 3
50 62 1638.3 33.2751 3.25104 5
52 54 180 596 3.24282 6
54 8 693.608 763.009 3.19178 5
14 34 532 692 3.25415 6
14 14 478.648 514.108 3.24699 5
14 18 472.991 497.137 3.31411 5
56 0 699.265 768.666 3.20011 5
56 32 1123.53 355.716 3.21786 3
56 62 1553.45 95.5005 3.20226 7
58 40 1129.19 350.059 3.23649 3
58 12 682.294 763.009 3.24375 5
58 54 1564.76 84.1868 3.22636 7
62 32 844 436 3.24087 0
62 50 1134.84 344.402 3.21555 3
62 18 670.981 763.009 3.24065 5
62 26 844 428 3.26042 0
16 38 44 540 3.29255 2
64 10 676.638 768.666 3.16297 5
68 32 1084 76 3.26881 6
68 32 1525.17 101.157 3.22524 5
18 32 436 580 3.25991 4
18 44 456.02 491.48 3.2022 5
18 26 444 580 3.28983 4
18 30 608.755 734.725 3.26408 3
22 46 1148 380 3.24784 2
22 12 472.991 508.451 3.29182 5
22 16 467.334 502.794 3.32522 5
22 22 548 700 3.25455 6
22 30 36 532 3.28628 2
6 0 20 732 3.24553 4
6 26 540 676 3.3055 6
24 18 461.677 508.451 3.24882 5
28 8 844 348 3.22559 4
30 8 467.334 514.108 3.32819 5
30 48 1148 372 3.30778 2
30 30 1132 380 3.25316 2
