0 54 1231.01 621.588 3.16074 7
2 0 44 732 3.28987 4
8 62 444 556 3.21019 2
32 34 620.069 101.157 3.56806 1
32 42 625.726 106.814 3.66252 1
34 0 12 732 3.25823 4
34 50 631.383 112.471 3.67247 1
34 58 637.039 118.128 3.6485 1
34 78 1123.53 38.9319 3.27687 1
36 66 642.696 123.785 3.64321 1
38 16 772 628 3.15491 2
38 16 1485.57 299.147 3.15856 7
38 28 721.893 553.706 3.15585 5
10 52 614.412 129.442 3.29605 1
40 32 625.726 95.5005 3.6169 1
40 40 631.383 101.157 3.67524 1
40 48 637.04 106.814 3.67506 1
42 56 642.696 112.471 3.64916 1
42 64 648.353 118.128 3.65593 1
44 24 597.442 78.5299 3.21425 5
46 16 620.069 78.5299 3.54383 1
46 74 325.913 565.019 3.18355 7
46 6 428 660 3.20974 4
46 6 1156 172 3.23251 6
46 24 625.726 84.1867 3.56153 1
48 0 428 668 3.23666 4
48 32 631.383 89.8436 3.63068 1
48 40 637.04 95.5005 3.68778 1
50 48 642.696 101.157 3.66376 1
50 56 648.353 106.814 3.65742 1
52 70 1268 172 3.16025 0
54 16 625.726 72.873 3.55004 1
54 64 857.657 463.196 3.22186 1
14 40 552.187 440.568 3.18122 3
14 66 436 572 3.21743 2
56 32 637.04 84.1867 3.57145 1
56 40 642.696 89.8436 3.57527 1
58 0 420 620 3.26697 0
60 14 631.383 67.2162 3.44453 1
60 22 637.04 72.873 3.41607 1
62 0 65.6973 451.882 3.3355 3
62 42 1516 636 3.30272 2
62 46 523.902 367.029 3.25242 3
62 56 857.657 451.882 3.22308 1
62 30 704.922 559.362 3.3238 5
4 62 20.4424 700.784 3.19837 1
66 6 65.6973 440.569 3.32322 3
18 34 540.873 440.568 3.17684 3
18 44 614.412 118.128 3.52578 1
18 52 620.069 123.785 3.56054 1
18 60 625.726 129.442 3.53682 1
20 40 546.53 434.912 3.18304 3
20 72 348 596 3.24852 4
22 0 20 732 3.29682 4
22 72 891.598 282.177 3.31503 5
24 42 620.069 112.471 3.68161 1
24 50 625.726 118.128 3.66693 1
26 38 614.412 106.814 3.49176 1
26 10 20 724 3.26064 4
26 58 631.383 123.785 3.65915 1
28 66 637.04 129.442 3.62957 1
28 26 637.04 378.343 3.14683 7
30 78 897.255 276.52 3.30223 5
