2 6 1485.57 457.539 3.44556 3
8 4 932 300 3.45754 4
32 0 1445.97 429.255 3.64159 3
32 44 1491.22 406.627 3.58699 3
34 8 1451.63 423.598 3.63004 3
34 50 1496.88 400.971 3.33252 3
36 20 1468.6 417.941 3.67045 3
36 28 1474.25 412.284 3.66129 3
38 36 1479.91 406.627 3.6477 3
10 46 44 732 3.20315 6
10 14 1479.91 451.882 3.55409 3
10 16 1479.91 440.568 3.63319 3
10 18 852 332 3.39445 4
40 50 1491.22 395.314 3.34112 3
42 12 1457.28 417.941 3.64228 3
44 44 1479.91 395.314 3.43228 3
44 20 1462.94 412.284 3.64009 3
44 28 1468.6 406.627 3.66082 3
46 34 1474.25 400.971 3.64443 3
48 50 1163.13 44.5888 3.2698 7
48 6 1445.97 417.941 3.57691 3
50 36 1310.21 21.9614 3.2986 7
50 12 1451.63 412.284 3.64511 3
50 26 608.755 746.039 3.38311 7
50 30 1462.94 400.971 3.64682 3
52 18 1457.28 406.627 3.62372 3
54 40 468 564 3.15258 0
56 38 1315.86 27.6183 3.32389 7
58 10 1445.97 406.627 3.63285 3
58 40 857.657 417.941 3.16304 1
58 18 1451.63 400.971 3.5922 3
58 26 1457.28 395.314 3.19544 3
16 4 924 300 3.46409 4
64 2 161.864 457.539 3.1932 3
66 0 1556 92 3.20098 6
70 46 43.0699 734.725 3.10262 7
70 14 852 367.029 3.1662 1
70 18 388.138 672.499 3.20608 7
18 14 1474.25 434.912 3.6609 3
20 22 1479.91 429.255 3.6614 3
20 30 1485.57 423.598 3.65829 3
22 0 1451.63 434.912 3.62202 3
22 34 892 284 3.40611 4
22 38 1491.22 417.941 3.65029 3
6 10 1468.6 451.882 3.50277 3
6 26 1500 300 3.29836 4
26 2 1462.94 434.912 3.59675 3
26 14 1468.6 429.255 3.65537 3
28 38 1485.57 412.284 3.65498 3
28 22 1474.25 423.598 3.65707 3
28 30 1479.91 417.941 3.66798 3
