0 2 940 300 3.2877 4
0 50 908 268 3.36369 6
0 62 20 732 3.24713 2
2 10 1684 516 3.28475 0
2 46 916 268 3.36682 6
2 80 44 732 3.26641 2
8 12 716 204 3.44292 4
8 50 908 276 3.34136 6
8 52 331.569 502.794 3.26399 7
8 70 28 724 3.24151 2
8 20 716 196 3.58803 4
8 28 716 188 3.48643 4
32 34 692 180 3.6583 4
32 12 692 204 3.66506 4
32 20 692 196 3.66314 4
32 6 764 364 3.25528 0
32 28 692 188 3.66677 4
38 44 684 172 3.55713 4
38 52 684 164 3.59649 4
38 60 684 156 3.6083 4
38 68 684 148 3.60056 4
38 76 684 140 3.27608 4
10 34 716 180 3.46834 4
40 14 820 404 3.3001 0
40 28 684 188 3.64855 4
42 34 823.716 666.843 3.29028 5
42 56 936.853 123.785 3.26111 7
42 70 676 148 3.3486 4
42 72 970.794 610.274 3.11189 7
48 34 902.912 169.04 3.30198 7
48 50 325.913 531.078 3.30706 3
48 54 1388 12 3.3267 6
48 14 1428 12 3.3001 6
48 58 1380 12 3.28503 6
48 30 1404 12 3.30063 6
14 44 708 172 3.64482 4
16 0 416.422 474.51 3.39431 5
16 36 708 180 3.66972 4
16 12 708 204 3.70349 4
16 20 708 196 3.70163 4
16 28 708 188 3.66481 4
18 2 1632.65 559.363 3.34755 7
22 44 700 172 3.64311 4
22 52 700 164 3.58876 4
22 60 700 156 3.47183 4
22 72 682.294 763.009 3.25657 1
24 36 700 180 3.67161 4
24 12 700 204 3.7084 4
24 20 700 196 3.70553 4
24 28 700 188 3.67995 4
28 0 755.833 621.588 3.33604 3
30 46 692 172 3.56572 4
30 52 692 164 3.60428 4
30 60 692 156 3.61574 4
30 68 692 148 3.61339 4
30 74 692 140 3.27291 4
