0 0 43.0699 723.411 2.61977 7
0 50 1089.59 72.873 2.69749 3
0 64 874.628 299.147 2.6729 7
8 14 133.58 587.647 2.70311 1
32 34 500 740 2.75804 6
32 42 620 332 2.66984 6
32 42 1028 324 2.7353 2
32 56 1604.36 157.726 2.63248 7
34 26 508 740 2.76475 6
36 18 372 676 2.75073 6
38 48 1188 628 2.66822 2
38 52 1140.5 55.9025 2.65684 7
38 18 552.187 678.156 2.74738 1
10 42 1036 348 2.76614 2
10 50 1044 348 2.80714 2
10 56 500 724 2.69351 6
10 56 1052 348 2.73194 2
10 26 908.569 276.52 2.79878 7
4 30 897.255 276.52 2.80346 7
16 0 1242.32 191.667 2.63283 7
16 8 133.579 576.333 2.68444 1
16 52 1044 340 2.80943 2
16 58 1052 340 2.75869 2
18 42 1036 340 2.80254 2
20 36 1028 340 2.79169 2
20 28 1020 340 2.7847 2
22 10 388 676 2.7047 6
22 58 220 660 2.61391 6
22 20 1012 340 2.77395 2
6 34 1072.62 78.5299 2.69441 3
24 12 1004 340 2.75854 2
26 36 1028 332 2.79017 2
26 44 1036 332 2.78584 2
26 50 1044 332 2.77988 2
26 56 1052 332 2.6587 2
26 18 372 668 2.76245 6
28 28 1020 332 2.79172 2
30 10 540.873 678.156 2.72143 1
30 64 1316 172 2.58222 0
30 22 1012 332 2.77347 2
