0 0 876 284 2.75964 0
0 0 1440.31 581.99 2.72347 7
0 32 1700 212 2.7634 0
0 22 1700 204 2.76259 0
0 22 1525.17 553.706 2.7234 5
0 26 1700 188 2.76916 0
2 54 940 300 2.697 2
2 16 902.912 169.04 2.71697 3
8 0 884 284 2.74984 0
8 18 897.255 163.383 2.71311 3
8 24 450.363 135.099 2.70872 3
32 22 427.736 123.785 2.70654 3
34 0 331.569 525.421 2.71655 1
34 34 444 556 2.66808 0
36 0 1396 11.9999 2.73358 4
36 14 422.079 129.442 2.72954 3
38 34 44 4 2.65087 2
38 40 884 268 2.6544 0
10 38 456.02 118.128 2.65557 3
10 54 940 292 2.71315 2
40 0 755.833 621.588 2.67687 3
42 26 818.059 378.343 2.64621 1
46 46 28 724 2.65759 0
48 24 436 588 2.64459 0
50 18 260 404 2.67297 0
50 18 1525.17 451.882 2.68117 7
54 50 20 732 2.66941 6
54 54 44 732 2.67451 0
4 26 796 364 2.72142 6
16 0 320.256 536.735 2.72817 1
18 0 1542.14 570.676 2.72246 7
18 40 450.363 112.471 2.65607 3
18 16 439.05 135.099 2.71645 3
20 34 444.706 118.128 2.70328 3
22 10 433.393 140.755 2.6763 3
22 54 1612 380 2.67885 2
22 26 439.05 123.785 2.73698 3
6 14 1604.36 553.706 2.69101 7
6 22 804 364 2.71147 6
24 6 710.579 565.019 2.70212 3
26 50 1604 372 2.67511 2
26 20 433.393 129.442 2.75573 3
28 12 427.736 135.098 2.72482 3
30 42 428 588 2.6545 0
30 30 433.393 118.128 2.73882 3
