0 34 20 732 3.3257 2
0 102 320.256 536.735 3.33079 7
0 110 1604.36 78.5299 3.38035 3
0 112 716.235 581.99 3.2502 1
0 122 84 204 3.17836 2
2 98 1383.74 570.676 3.33037 1
8 138 452 564 3.21171 2
8 74 914.225 270.863 3.23147 7
8 28 12 724 3.28319 2
32 128 1429 581.99 3.61055 1
32 62 1395.06 525.421 3.63127 1
32 94 1412.03 553.706 3.66857 1
32 120 1423.34 576.333 3.61971 1
34 138 1219.7 610.274 3.14942 3
34 36 1383.74 502.794 3.6614 1
34 70 1400.71 531.078 3.63172 1
34 102 1417.69 559.362 3.66933 1
36 44 1389.4 508.451 3.66397 1
36 76 1406.37 536.735 3.65422 1
38 52 1395.06 514.108 3.64226 1
38 18 1378.09 485.823 3.50215 1
38 86 1412.03 542.392 3.69317 1
38 26 1383.74 491.48 3.59681 1
38 110 1423.34 565.019 3.65897 1
38 118 1429 570.676 3.64456 1
10 74 1532 500 3.22017 2
10 102 1395.06 570.676 3.66769 1
40 60 1400.71 519.765 3.63515 1
40 94 1417.69 548.049 3.6858 1
40 126 1434.66 576.333 3.59944 1
42 0 12 756 3.1205 0
42 34 1389.4 497.137 3.65477 1
42 68 1406.37 525.421 3.62841 1
42 100 1423.34 553.706 3.67717 1
44 42 1395.06 502.794 3.68863 1
46 134 1140 36 3.13722 0
46 50 1400.71 508.451 3.68629 1
46 16 1383.74 480.167 3.57906 1
46 82 1417.69 536.735 3.65615 1
46 24 1389.4 485.823 3.60354 1
46 108 1429 559.362 3.66276 1
46 116 1434.66 565.019 3.63913 1
12 108 1400.71 576.333 3.65392 1
48 58 1406.37 514.108 3.68144 1
50 32 1395.06 491.48 3.61575 1
50 66 1412.03 519.765 3.66101 1
50 92 1423.34 542.392 3.65384 1
50 98 1429 548.049 3.67201 1
50 122 1440.31 570.676 3.55733 1
52 40 1400.71 497.137 3.68564 1
52 14 1389.4 474.51 3.58651 1
52 74 1417.69 525.421 3.60458 1
52 106 1434.66 553.706 3.66251 1
54 48 1406.37 502.794 3.69874 1
54 82 1423.34 531.078 3.61543 1
54 22 1395.06 480.167 3.6043 1
54 114 1440.31 559.362 3.59842 1
14 82 1389.4 553.706 3.60713 1
14 90 1395.06 559.362 3.61722 1
14 116 1406.37 581.99 3.61827 1
14 122 1412.03 587.647 3.55531 1
56 128 4 396 3.10244 4
56 56 1412.03 508.451 3.65975 1
56 88 1429 536.735 3.62534 1
56 30 1400.71 485.823 3.63599 1
58 8 876 252 3.19441 6
58 96 1434.66 542.392 3.63022 1
58 118 1516 636 3.22992 2
60 38 1406.37 491.48 3.67699 1
60 72 1423.34 519.765 3.62844 1
62 0 884 268 3.18837 6
62 46 1412.03 497.137 3.67585 1
62 54 1417.69 502.794 3.68231 1
62 14 1395.06 468.853 3.47679 1
62 20 1400.71 474.51 3.59423 1
62 80 1429 525.421 3.60005 1
62 108 1055.65 61.5593 3.1346 7
64 86 1434.66 531.078 3.61001 1
64 94 1440.31 536.735 3.59325 1
64 98 65.6973 734.725 3.06287 3
64 98 1445.97 542.392 3.51394 1
64 28 1406.37 480.167 3.6387 1
66 36 1412.03 485.823 3.67769 1
66 60 1423.34 508.451 3.65235 1
66 82 1338.49 593.304 3.19662 5
68 70 1429 514.108 3.5943 1
68 74 1434.66 519.764 3.53937 1
68 20 43.0699 451.882 3.30567 7
70 10 1400.71 463.196 3.34232 1
70 44 1417.69 491.48 3.69229 1
70 52 1423.34 497.137 3.67358 1
70 14 48.7267 446.225 3.3427 7
70 20 1406.37 468.853 3.53796 1
70 86 54.3835 734.725 3.13669 3
18 132 1417.69 593.304 3.59873 1
18 66 1383.74 536.735 3.68894 1
18 74 1389.4 542.392 3.68936 1
18 98 1400.71 565.019 3.65719 1
72 14 54.3835 451.882 3.30076 7
72 26 1412.03 474.51 3.58017 1
74 34 1417.69 480.167 3.59499 1
74 60 1429 502.794 3.61633 1
76 42 1423.34 485.823 3.55799 1
76 68 1434.66 508.451 3.46376 1
78 50 1429 491.48 3.50466 1
78 66 676 764 3.13883 6
78 18 54.3837 463.196 3.27363 7
78 74 37.413 740.382 3.13693 3
78 80 43.0698 734.725 3.12527 3
20 48 1378.09 519.765 3.59858 1
20 82 1395.06 548.049 3.66961 1
20 106 1406.37 570.676 3.66536 1
80 50 936.853 282.177 3.205 7
80 58 1434.66 497.137 3.27142 1
80 22 876 268 3.19587 6
80 22 1412.03 463.196 3.30619 1
82 38 1429 480.167 3.31699 1
82 40 133.58 576.333 3.12709 5
86 86 43.0698 723.411 3.12391 3
86 30 48.7268 468.853 3.23985 7
22 34 1366.77 508.451 3.36174 1
22 40 1372.43 514.108 3.57819 1
22 56 1383.74 525.421 3.66203 1
22 88 1400.71 553.706 3.64575 1
22 114 1412.03 576.333 3.65688 1
6 134 444 564 3.2274 2
6 134 314.599 553.706 3.23483 7
6 46 36 724 3.28387 2
6 82 891.598 282.177 3.3032 7
6 98 1593.05 78.5299 3.36603 3
24 132 1388 588 3.25632 0
24 138 1404 596 3.17954 0
24 96 1406.37 559.362 3.62574 1
24 122 1417.69 581.99 3.64462 1
26 130 1423.34 587.647 3.60549 1
26 136 1429 593.304 3.29045 1
26 38 1378.09 508.451 3.61878 1
26 64 1389.4 531.078 3.67002 1
26 104 1412.03 565.019 3.6743 1
28 46 1383.74 514.108 3.61665 1
28 72 1395.06 536.735 3.67598 1
30 54 1389.4 519.765 3.6432 1
30 22 1372.43 491.48 3.43921 1
30 88 1406.37 548.049 3.69522 1
30 28 1378.09 497.137 3.56728 1
30 112 1417.69 570.676 3.67527 1
