0 24 880.284 282.177 3.23524 7
0 26 1692 500 3.20805 2
8 16 891.598 282.177 3.24329 7
32 10 1468.6 485.823 3.20172 5
34 38 1300 36 3.21788 4
34 52 1412 636 3.28973 4
34 54 1100.9 61.5593 3.16151 1
34 62 1412 628 3.22355 4
34 26 1677.9 208.638 3.31843 3
36 34 1683.56 202.981 3.31341 3
38 0 44 732 3.25492 4
10 34 1694.87 225.608 3.14262 3
10 42 1610.02 152.069 3.17578 1
10 14 1684 492 3.19147 2
40 42 1396 652 3.30207 4
40 22 1596 492 3.12108 0
40 30 1292 44 3.19206 4
42 58 1576.08 163.383 3.15816 1
42 62 1404 628 3.27114 4
46 0 28 732 3.26995 4
46 10 28 724 3.29868 4
46 48 1388 644 3.29277 4
12 40 1676 180 3.22011 4
48 48 1140.5 542.392 3.12529 7
50 34 900 300 3.11553 6
50 46 1683.56 180.353 3.24693 3
50 46 1134.84 536.735 3.10565 7
54 0 20 732 3.33479 4
54 50 1106.56 78.5299 3.06427 5
14 2 20.4424 700.784 3.1444 3
14 40 1587.39 163.383 3.20298 5
14 50 1676 172 3.19796 4
14 20 1676 236 3.24396 2
62 42 52 732 3.05024 2
62 48 908.569 502.794 3.04253 7
62 62 1536.48 67.2162 3.0116 3
16 48 1581.73 157.726 3.20776 5
16 24 1684 228 3.27819 2
16 24 1683.56 225.608 3.2627 3
18 32 1689.21 219.951 3.2173 3
18 50 1621.33 152.069 3.14857 1
18 16 1676 228 3.28061 2
20 48 1668 172 3.22104 4
22 34 512.589 593.304 3.18365 1
22 14 1672.24 225.608 3.25339 3
6 46 1587.39 152.069 3.17287 5
24 26 1214.04 61.5594 3.25285 5
26 30 1683.56 214.294 3.32132 3
30 36 1689.21 208.638 3.30599 3
30 18 1676 212 3.27715 2
