0 32 54.3835 734.725 2.50671 5
2 0 44 724 2.51159 0
2 12 71.3541 468.853 2.52189 1
2 18 77.011 474.51 2.59751 1
36 18 1244 148 2.88811 4
38 32 1244 132 2.88959 4
38 34 1460 436 2.67853 2
38 10 1244 156 2.88311 4
38 26 1244 140 2.89207 4
10 32 1412 4 2.60753 0
10 40 1252 348 2.57873 4
10 42 43.0698 734.725 2.56234 5
42 0 1660.93 10.6476 2.7467 1
44 34 1236 132 2.90816 4
44 20 1236 148 2.88782 4
44 28 1236 140 2.91203 4
46 12 1236 156 2.89845 4
12 16 1268 148 2.75961 4
12 24 1268 140 2.81529 4
50 36 1228 132 2.91307 4
50 12 1228 156 2.79606 4
50 28 1228 140 2.90606 4
52 20 1228 148 2.85243 4
14 8 452 708 2.58412 2
14 14 1268 156 2.74865 4
56 10 1677.9 491.48 2.64365 5
56 4 948.167 338.745 2.60989 3
58 34 1457.28 248.235 2.68029 3
58 36 1220 132 2.77065 4
58 14 52 364 2.66494 2
58 30 1220 140 2.81899 4
4 24 1276 140 2.6293 4
64 16 1666.59 491.48 2.68042 5
18 32 1420 4 2.63062 0
18 6 1524 564 2.56982 6
20 2 444 700 2.59 2
20 40 1244 348 2.59867 4
20 16 1260 148 2.85643 4
20 24 1260 140 2.82185 4
22 10 1260 156 2.78043 4
28 40 897.255 276.52 2.62449 5
28 26 1252 140 2.86212 4
30 10 1252 156 2.88306 4
30 18 1252 148 2.85588 4
30 24 331.569 581.99 2.69218 3
