0 0 43.0699 723.411 3.14863 7
0 34 1692 500 3.21119 2
0 66 43.0699 734.725 3.16068 1
0 30 925.539 304.804 3.20885 3
2 26 460 556 3.19192 4
32 46 1055.65 152.069 3.62843 1
32 54 1061.3 157.726 3.63349 1
32 14 1038.68 123.785 3.56272 1
34 60 518.246 372.686 3.22785 5
34 22 1044.33 129.442 3.58409 1
36 36 1055.65 140.755 3.62177 1
36 30 1049.99 135.098 3.62128 1
38 62 1112.22 38.9319 3.28906 1
10 52 1676 492 3.16001 0
40 52 1066.96 152.069 3.62478 1
42 58 1072.62 157.726 3.28946 1
42 20 1049.99 123.785 3.55755 1
44 28 1055.65 129.442 3.63107 1
46 0 44 732 3.16351 4
46 36 1061.3 135.098 3.63778 1
46 42 1066.96 140.755 3.61856 1
12 32 1033.02 152.069 3.58276 1
12 26 1027.36 146.412 3.56707 1
48 12 902.912 270.863 3.16684 1
48 52 1072.62 146.412 3.6329 1
48 14 900 244 3.16115 6
50 60 1078.27 152.069 3.468 1
50 20 1055.65 118.128 3.41602 1
52 28 1061.3 123.785 3.59748 1
54 34 1066.96 129.442 3.62806 1
54 42 1072.62 135.098 3.64343 1
14 40 1038.68 157.726 3.57337 1
14 18 1021.71 140.755 3.31082 1
56 10 28 724 3.2085 4
56 50 1078.27 140.755 3.64091 1
58 58 1083.93 146.412 3.48161 1
58 22 892 252 3.16188 6
58 30 1066.96 118.128 3.24665 1
62 0 20 732 3.24196 4
62 34 1072.62 123.785 3.4992 1
62 40 1078.27 129.442 3.56673 1
64 48 1083.93 135.098 3.57412 1
64 56 1089.59 140.755 3.29495 1
68 50 704.922 559.362 3.21551 5
18 0 692 628 3.0977 2
18 0 1315.86 378.343 3.09171 3
18 48 1044.33 163.383 3.44544 1
18 56 863.314 468.853 3.14012 3
18 16 1027.36 135.098 3.52871 1
18 24 1033.02 140.755 3.58199 1
72 32 914.225 270.863 3.12189 1
72 48 959.48 531.078 3.18131 1
72 6 12 724 3.19307 4
20 32 1038.68 146.412 3.59326 1
22 8 1027.36 123.785 3.30835 1
22 40 1044.33 152.069 3.59361 1
6 42 1033.02 163.383 3.21826 1
6 50 31.7561 700.784 3.22701 1
6 50 54.3836 451.882 3.09965 3
6 18 1668 492 3.13488 2
24 48 1049.99 157.726 3.50913 1
24 14 1033.02 129.442 3.58973 1
26 22 1038.68 135.098 3.60809 1
28 0 1660.93 316.118 3.15973 5
28 30 1044.33 140.755 3.63078 1
30 38 1049.99 146.412 3.63021 1
30 60 523.903 367.029 3.2214 5
