0 46 26.0993 706.441 3.16861 1
0 18 36 732 3.17018 2
0 80 44 732 3.24983 2
0 6 20 732 3.26854 2
0 30 818.059 367.029 3.15769 5
32 74 1540 564 3.1655 4
34 38 1044.33 446.225 3.73886 3
34 46 1049.99 440.568 3.70974 3
34 54 1055.65 434.912 3.66035 3
34 14 1027.36 463.196 3.71479 3
34 70 1540 572 3.17572 4
34 22 1033.02 457.539 3.71758 3
34 30 1038.68 451.882 3.73683 3
36 62 1061.3 429.255 3.53494 3
38 0 365.511 400.971 3.24971 5
38 66 1066.96 423.598 3.3014 3
38 6 1016.05 463.196 3.22844 3
10 8 20 724 3.23155 2
10 48 31.7561 700.784 3.16123 1
10 62 28 724 3.23268 2
40 80 1492 84 3.19192 0
42 38 1038.68 440.568 3.72385 3
42 46 1044.33 434.912 3.71894 3
42 54 1049.99 429.255 3.70529 3
42 62 1055.65 423.598 3.70241 3
42 78 1532 564 3.19085 4
42 80 1066.96 412.284 3.22677 3
42 22 1027.36 451.882 3.68818 3
42 30 1033.02 446.225 3.72801 3
44 70 1061.3 417.941 3.62931 3
46 8 354.197 400.971 3.23702 5
46 80 260 404 3.20317 2
12 38 1061.3 463.196 3.45938 3
12 30 1055.65 468.853 3.43747 3
48 14 461.677 384 3.21086 5
50 38 1033.02 434.912 3.72892 3
50 46 1038.68 429.255 3.71693 3
50 54 1044.33 423.598 3.70637 3
50 62 1049.99 417.941 3.70596 3
50 70 1055.65 412.284 3.65597 3
50 18 508 348 3.18601 6
50 18 354.197 389.657 3.23026 5
50 22 1021.71 446.225 3.635 3
50 30 1027.36 440.568 3.70569 3
56 62 1044.33 412.284 3.35831 3
56 80 948.167 338.745 3.15536 5
56 28 1021.71 434.912 3.39893 3
58 38 1027.36 429.255 3.3872 3
58 40 1615.68 553.706 3.23291 1
58 54 1038.68 417.941 3.44001 3
58 22 1016.05 440.568 3.40847 3
62 66 340 396 3.21438 6
62 72 1652 44 3.18474 6
62 72 229.746 491.48 3.2051 1
18 38 1055.65 457.539 3.67371 3
18 14 1038.68 474.51 3.31013 3
18 30 1049.99 463.196 3.67619 3
20 46 1061.3 451.882 3.60373 3
20 22 1044.33 468.853 3.62246 3
22 62 244 428 3.09677 2
6 78 44 724 3.1763 2
26 38 1049.99 451.882 3.73465 3
26 46 1055.65 446.225 3.7068 3
26 14 1033.02 468.853 3.66197 3
26 22 1038.68 463.196 3.71636 3
26 6 1027.36 474.51 3.2452 3
26 30 1044.33 457.539 3.73342 3
28 54 1061.3 440.568 3.60704 3
30 60 1066.96 434.912 3.34219 3
