0 46 1559.11 587.647 3.29462 5
0 50 1116 43.9999 3.35935 2
0 22 420 620 3.29559 6
2 18 1236 644 3.29387 2
8 58 1124 35.9999 3.36348 2
8 62 331.569 502.794 3.32206 7
32 0 1660.93 485.823 3.36432 3
32 38 1628 756 3.48024 6
32 58 908.569 276.52 3.32971 3
32 64 914.225 270.863 3.31445 3
34 46 1620 756 3.32449 6
36 10 1652 764 3.50474 6
36 18 52 4 3.19036 2
36 20 1644 764 3.47375 6
38 6 953.823 514.108 3.17192 1
38 28 1636 764 3.44551 6
10 10 1684 516 3.32891 0
10 46 1628 732 3.43156 6
10 14 755.833 361.373 3.29269 7
40 36 1628 764 3.43138 6
40 48 1300 612 3.26738 2
40 60 902.912 270.863 3.32651 3
40 64 908.569 265.206 3.16127 3
40 72 37.413 729.068 3.10643 7
42 8 1132 148 3.09914 2
42 50 897.255 276.52 3.33916 3
12 52 1620 732 3.39023 6
48 42 1292 604 3.2563 2
48 14 919.882 253.892 3.14882 3
48 62 14.7856 729.068 3.06143 3
48 70 43.0699 734.725 3.10981 7
48 22 925.539 248.235 3.20092 3
14 34 1636 740 3.48969 6
14 60 1612 732 3.35344 6
14 18 1652 740 3.45839 6
14 26 1644 740 3.43004 6
4 58 916 268 3.33083 6
16 78 693.608 763.009 3.20241 1
18 8 1692 516 3.30503 0
18 42 1628 740 3.5117 6
18 66 1604 732 3.27958 6
18 18 1652 748 3.49707 6
20 50 1620 740 3.4134 6
20 24 1644 748 3.48153 6
22 0 1666.59 491.48 3.3579 3
22 32 1636 748 3.5059 6
22 58 1612 740 3.39036 6
6 46 1116 35.9999 3.37132 2
6 30 1644 732 3.37205 6
24 40 1628 748 3.45452 6
24 64 1604 740 3.27051 6
24 70 925.539 270.863 3.27732 3
26 14 1652 756 3.47725 6
26 78 1491.22 293.49 3.21446 3
28 48 1620 748 3.3334 6
28 22 1644 756 3.53296 6
30 32 1284 620 3.24937 2
30 30 1636 756 3.47576 6
