0 8 1632.65 140.755 3.26525 7
0 38 36 740 3.19555 6
0 12 876 292 3.26739 0
0 18 28 516 3.29148 6
0 30 436 404 3.25205 6
2 40 52 732 3.1709 6
2 48 44 732 3.15705 6
8 48 28 748 3.18521 6
32 42 1036 108 3.74604 0
34 40 365.511 615.931 3.14245 3
34 6 1044 68 3.39646 0
38 34 1044 100 3.78996 0
38 10 1044 76 3.77805 0
38 18 1044 84 3.78782 0
38 26 1044 92 3.79281 0
10 20 580.471 729.068 3.29235 7
46 0 26.0993 548.049 3.24266 3
46 34 1052 100 3.75986 0
46 10 1052 76 3.73569 0
46 42 1052 108 3.70342 0
46 18 1052 84 3.76271 0
46 26 1052 92 3.77403 0
52 0 31.7562 542.392 3.26932 3
52 10 1060 76 3.72163 0
52 18 1060 84 3.75362 0
54 34 1060 100 3.72206 0
54 42 1060 108 3.69866 0
54 26 1060 92 3.7568 0
14 36 1020 100 3.7488 0
14 18 1020 84 3.75767 0
14 28 1020 92 3.73602 0
58 46 665.324 519.765 3.17558 7
58 48 919.882 740.382 3.20194 7
60 10 1068 76 3.55602 0
60 18 1068 84 3.75719 0
62 32 1068 100 3.72812 0
62 40 1068 108 3.69354 0
62 14 1525.17 451.882 3.2763 7
16 42 1020 108 3.70168 0
16 18 450.364 497.137 3.30227 5
64 48 1292 12 3.17287 0
64 16 692 628 3.26549 6
64 16 1542.14 457.539 3.29037 7
66 2 1508 292 3.15155 0
66 6 9.12872 519.765 3.24484 3
68 26 1076 92 3.52228 0
70 32 1076 100 3.67432 0
70 40 1076 108 3.67674 0
18 48 1020 116 3.49939 0
72 48 1157.47 231.265 3.18356 1
74 40 1084 108 3.16386 0
78 2 36 724 3.06213 2
22 34 1028 100 3.75635 0
22 10 1028 76 3.76078 0
22 18 1028 84 3.74283 0
22 26 1028 92 3.74472 0
24 42 1028 108 3.72066 0
28 6 1036 68 3.35899 0
30 34 1036 100 3.77941 0
30 10 1036 76 3.78536 0
30 18 1036 84 3.77784 0
30 26 1036 92 3.78355 0
