0 0 1440.31 581.99 2.75605 7
0 50 269.344 395.314 2.677 3
0 14 1666.59 4.99091 2.76117 7
0 56 275.001 389.657 2.72428 3
0 18 348.54 565.019 2.73825 3
0 18 1660.93 10.6477 2.76651 7
0 26 1649.62 21.9614 2.74609 7
2 2 1508.2 310.461 2.74329 5
8 0 884 284 2.72766 0
8 30 818.059 717.754 2.70298 1
32 48 1677.9 491.48 2.71674 7
32 30 829.373 695.127 2.68896 1
34 8 914.225 270.863 2.7225 1
34 46 331.57 502.794 2.65886 5
34 48 342.883 593.304 2.68 3
36 22 823.716 689.47 2.65133 1
10 2 836 348 2.72737 4
10 46 835.029 723.411 2.67712 1
10 22 812.402 712.098 2.71376 1
40 32 835.029 689.47 2.70528 1
42 26 829.373 683.813 2.65894 1
46 56 20 732 2.66623 0
12 0 320.256 570.676 2.72926 3
12 38 829.373 717.754 2.67172 1
48 34 840.686 683.813 2.62898 1
50 40 1660.93 485.823 2.65224 7
50 42 1553.45 95.5004 2.62017 1
50 26 835.029 678.156 2.65411 1
14 14 806.745 706.441 2.73937 1
56 34 1332.83 621.588 2.60705 3
56 48 28 724 2.66363 0
62 0 28 732 2.66879 4
62 32 1564 564 2.60624 6
62 10 20 724 2.63959 4
62 56 44 732 2.69203 0
18 24 818.059 706.441 2.73502 1
20 42 835.029 712.098 2.70381 1
20 18 812.402 700.784 2.71905 1
22 0 314.599 565.019 2.69807 3
22 34 829.373 706.441 2.72562 1
22 56 1666.59 491.48 2.72562 7
26 0 902.912 270.863 2.72953 1
26 56 892 276 2.7069 4
26 28 823.716 700.784 2.74429 1
30 8 1684 492 2.66614 4
30 8 687.951 610.274 2.66535 3
30 38 835.029 700.784 2.72779 1
30 22 818.059 695.127 2.64977 1
