0 0 44 732 2.71313 4
0 38 20.4424 700.784 2.5998 1
0 42 188 636 2.64137 0
32 12 1638.3 293.49 2.78413 5
32 20 1632.65 287.834 2.84334 5
34 36 1196 20 2.72282 0
10 8 28 724 2.69337 4
10 10 20.4424 723.411 2.61559 3
40 22 1626.99 293.49 2.84454 5
40 6 1638.3 304.804 2.75448 5
40 30 1621.33 287.834 2.84393 5
42 14 1632.65 299.147 2.82385 5
44 2 1214.04 265.206 2.65036 1
46 36 1212 20 2.69953 0
48 14 1626.99 304.804 2.81047 5
48 22 1621.33 299.147 2.86069 5
48 30 1615.68 293.49 2.84795 5
50 0 1598.7 163.383 2.67065 5
50 2 1219.7 259.549 2.60329 1
50 8 1225.35 265.206 2.64766 1
50 34 891.598 248.236 2.60633 1
50 36 1220 20 2.67587 0
54 34 1519.51 559.362 2.66736 3
14 36 1632.65 265.206 2.77636 5
56 22 356 428 2.55902 4
56 22 1615.68 304.804 2.79229 5
58 34 670.981 763.009 2.57985 7
58 12 44 740 2.59706 2
16 28 1638.3 270.863 2.78308 5
64 32 948.167 338.745 2.56696 5
18 0 20 732 2.70697 4
22 34 1626.99 270.863 2.72352 5
6 26 1457.28 485.823 2.62981 3
24 36 1188 20 2.71835 0
24 20 1638.3 282.177 2.86069 5
24 28 1632.65 276.52 2.86312 5
26 12 1643.96 287.834 2.73389 5
30 0 12 756 2.65083 0
