0 32 1445.97 587.647 2.62277 5
0 30 48.7268 4.99078 2.67616 5
2 16 876 292 2.62548 0
2 30 932 524 2.62666 6
38 12 1666.59 355.716 2.90462 3
38 20 1672.24 350.059 2.90189 3
38 28 1677.9 344.402 2.88157 3
40 42 1626.99 553.706 2.6933 3
42 0 433.393 593.304 2.75469 5
46 2 144.893 598.96 2.7578 3
46 36 892 284 2.72286 4
46 12 1660.93 350.059 2.91132 3
46 20 1666.59 344.402 2.91038 3
46 28 1672.24 338.745 2.88079 3
12 14 84 508 2.63047 2
50 0 1692 508 2.77368 0
50 2 439.05 576.333 2.7373 5
52 38 884 284 2.72781 4
54 12 1655.27 344.402 2.90747 3
54 20 1660.93 338.745 2.91401 3
54 28 1666.59 333.088 2.88896 3
14 8 916 268 2.70907 0
14 12 540.873 678.156 2.65208 7
14 22 1689.21 367.029 2.81824 3
14 30 1694.87 361.373 2.81336 3
56 0 1700 508 2.74776 0
60 4 314.599 542.392 2.63296 3
62 32 331.57 502.794 2.66046 5
62 12 1649.62 338.745 2.87142 3
62 20 1655.27 333.088 2.88107 3
62 26 1660.93 327.432 2.8413 3
64 16 1132 204 2.61674 6
66 0 12 756 2.63695 2
66 34 1380 452 2.59363 0
18 10 1519.51 559.363 2.68125 7
22 36 1694.87 350.059 2.86762 3
22 22 1683.56 361.373 2.8248 3
22 30 1689.21 355.716 2.86786 3
6 34 682.294 763.009 2.59558 1
28 2 196 388 2.69215 0
28 14 1672.24 361.373 2.86887 3
30 36 1689.21 344.402 2.85358 3
30 20 1677.9 355.716 2.87856 3
30 28 1683.56 350.059 2.8705 3
