0 50 1380 11.9999 3.41262 2
0 14 1660.93 10.6477 3.2299 7
0 66 1396 11.9999 3.39147 2
0 82 1404 11.9999 3.38722 2
0 106 316 564 3.26838 0
0 106 1445.97 587.647 3.29166 5
2 38 1356 11.9999 3.34076 2
2 58 1388 11.9999 3.37801 2
8 46 1372 3.99994 3.32608 2
8 66 1396 3.99994 3.38024 2
8 92 596 468 3.58463 0
8 110 1100 172 3.23162 6
32 46 612 420 3.6992 0
32 54 612 428 3.68884 0
32 100 476 700 3.1508 6
34 32 612 404 3.65946 0
34 80 620 452 3.67545 0
36 16 612 388 3.18164 0
36 64 620 436 3.60874 0
36 72 620 444 3.67624 0
36 24 612 396 3.54509 0
36 28 1095.24 282.177 3.25504 3
38 0 44 732 3.20187 4
38 56 620 428 3.70711 0
10 0 1692 508 3.32787 0
10 34 588 412 3.62744 0
10 42 588 420 3.56199 0
10 76 596 452 3.67613 0
10 84 596 460 3.65587 0
40 48 620 420 3.70173 0
40 88 320.256 389.657 3.18779 7
42 32 620 404 3.67379 0
42 40 620 412 3.68758 0
42 80 628 452 3.31886 0
44 8 36 724 3.18928 4
44 66 628 436 3.55352 0
44 72 628 444 3.53607 0
44 84 529.559 440.568 3.21229 7
46 56 628 428 3.61053 0
12 68 596 444 3.7099 0
12 18 588 396 3.57344 0
12 26 588 404 3.60022 0
48 50 628 420 3.62789 0
48 82 348 564 3.17722 0
50 38 628 404 3.47304 0
50 38 380 628 3.20506 2
50 42 628 412 3.56947 0
50 74 332 532 3.20405 4
50 80 608.755 734.725 3.19962 7
50 26 420 468 3.21747 6
52 66 636 436 3.50381 0
54 32 412 468 3.22956 6
54 60 636 428 3.57242 0
54 78 356 564 3.22234 0
14 10 588 388 3.55838 0
14 60 596 436 3.70473 0
14 100 604 476 3.53318 0
56 44 636 412 3.50304 0
56 52 636 420 3.57145 0
58 70 376.824 615.931 3.18275 3
58 72 364 548 3.21377 0
60 70 823.716 406.627 3.2149 1
62 0 20 732 3.27092 4
62 60 644 428 3.34726 0
4 8 1684 516 3.33361 0
16 44 596 420 3.69128 0
16 52 596 428 3.67954 0
16 84 604 460 3.67495 0
16 92 604 468 3.60492 0
64 52 644 420 3.46647 0
66 66 1212 652 3.18292 2
66 72 829.373 400.971 3.06914 1
70 62 823.716 384 3.21298 1
18 36 596 412 3.68806 0
18 76 604 452 3.68229 0
20 68 604 444 3.70532 0
20 100 612 476 3.44804 0
20 28 596 404 3.61643 0
22 12 596 388 3.56035 0
22 60 604 436 3.71183 0
22 20 596 396 3.58957 0
22 106 1157.47 163.383 3.15355 3
6 0 1684 508 3.31597 0
24 0 444 580 3.24518 6
24 46 604 420 3.65548 0
24 86 612 460 3.67517 0
26 38 604 412 3.66973 0
26 78 612 452 3.6843 0
26 6 818.059 378.343 3.2601 7
28 62 612 436 3.64755 0
28 70 612 444 3.67039 0
28 22 604 396 3.59919 0
28 6 461.677 384 3.24232 5
28 98 1151.81 169.04 3.19222 3
28 100 444 644 3.16405 2
28 30 604 404 3.6034 0
30 90 620 468 3.23351 0
