0 2 20 732 2.66698 4
0 38 1089.59 72.873 2.70977 3
0 6 26.0992 729.068 2.65773 3
8 34 1148 276 2.66492 6
8 54 914.226 270.863 2.7018 5
32 34 1148 300 2.80323 6
32 40 1140 300 2.83843 6
34 24 1156 300 2.82627 6
38 48 1132 308 2.83231 6
38 14 1164 300 2.80961 6
10 0 20 724 2.63247 2
40 34 1148 308 2.80928 6
40 40 1140 308 2.85432 6
42 26 1156 308 2.81392 6
44 54 1660.93 21.9614 2.63647 5
44 18 1164 308 2.82547 6
44 6 1252 212 2.6316 6
46 10 932 292 2.63458 6
46 50 1132 316 2.79077 6
48 10 467.334 525.421 2.64169 7
48 14 540.873 678.156 2.66232 1
50 36 1148 316 2.78842 6
50 6 1252 220 2.61453 6
54 44 1140 324 2.77987 6
54 52 1132 324 2.77526 6
54 14 1666.59 491.48 2.66397 5
54 26 1502.54 632.902 2.64075 1
14 44 1132 284 2.85093 6
60 28 359.854 598.96 2.70447 1
16 36 1140 284 2.85822 6
16 14 460 540 2.66387 4
18 10 1485.57 299.147 2.66473 7
18 54 885.941 287.833 2.6975 5
18 28 1148 284 2.84663 6
20 2 1491.22 293.49 2.68191 7
20 20 1156 284 2.79206 6
22 46 1132 292 2.85677 6
6 10 28 724 2.65416 2
6 42 1083.93 67.2162 2.6766 3
24 36 1140 292 2.84551 6
24 30 1148 292 2.81691 6
26 60 1428 12 2.68253 0
28 0 1496.88 299.147 2.66572 7
28 22 1156 292 2.84383 6
30 46 1132 300 2.85562 6
30 14 1164 292 2.79185 6
