0 2 44 732 2.71683 4
0 32 1692 508 2.72249 6
2 34 670.981 763.009 2.66738 1
8 8 28 724 2.69091 4
8 40 1684 516 2.70018 6
34 42 761.49 627.245 2.69382 7
34 30 835.03 21.9613 2.70629 7
36 0 52 732 2.65842 0
38 42 1116 44 2.71166 0
38 14 846.343 10.6476 2.70786 7
38 22 840.686 16.3044 2.69327 7
10 10 36 740 2.66615 0
40 40 916 268 2.71619 4
44 0 54.3837 10.6475 2.63225 7
44 24 846.343 21.9613 2.68419 7
46 36 820 396 2.71717 2
46 10 857.657 10.6476 2.69593 7
46 16 852 16.3044 2.67117 7
12 18 36 748 2.67896 0
50 26 852 27.6182 2.63793 7
52 34 1593.05 78.5299 2.70961 1
54 18 857.657 21.9613 2.67431 7
58 2 1123.53 38.9319 2.6526 5
58 38 1530.82 559.363 2.70851 3
58 22 704.922 548.049 2.62855 7
58 6 444 556 2.66167 6
60 14 919.882 276.52 2.65103 1
62 34 1598.7 72.873 2.69816 1
62 34 704.922 559.362 2.66978 7
62 6 914.225 270.863 2.70977 1
16 32 818.059 16.3044 2.64103 7
66 10 1684 492 2.66968 4
68 14 925.539 270.863 2.70359 1
70 16 764 620 2.60974 4
18 0 20 732 2.70307 4
18 24 823.716 10.6476 2.63565 7
72 12 348 596 2.63125 0
72 30 884 292 2.64343 4
74 12 1068 404 2.58756 4
78 18 1228 636 2.64821 4
78 30 314.599 553.706 2.62112 5
22 10 44 740 2.65649 0
24 34 823.716 21.9613 2.66018 7
26 20 835.03 10.6476 2.64974 7
26 26 829.373 16.3044 2.69146 7
28 38 932 268 2.66358 4
30 42 405.109 485.823 2.6741 1
