0 0 1420 628 2.70117 2
0 0 1540 564 2.70023 6
0 0 207.119 593.304 2.73385 7
0 46 20 732 2.70699 2
0 54 28 732 2.6792 2
0 24 12 756 2.64939 6
2 66 44 732 2.71926 2
8 38 1666.59 491.48 2.67871 1
32 44 1247.98 197.324 2.92503 1
32 52 1253.64 202.981 2.91447 1
32 14 1225.35 174.696 2.74302 1
32 60 1259.29 208.638 2.78701 1
34 36 1242.32 191.667 2.92792 1
34 20 1231.01 180.353 2.91923 1
34 28 1236.67 186.01 2.92363 1
36 8 1516 636 2.70567 0
10 32 132 580 2.64098 0
10 42 132 588 2.63906 0
10 12 1208.38 191.667 2.85049 1
10 56 28 724 2.702 2
10 18 1214.04 197.324 2.86017 1
40 44 1253.64 191.667 2.91558 1
40 52 1259.29 197.324 2.91197 1
40 20 1236.67 174.696 2.91667 1
42 36 1247.98 186.01 2.90855 1
42 62 892 252 2.64258 0
42 62 77.011 497.137 2.64824 5
42 28 1242.32 180.353 2.92958 1
46 58 823.716 395.314 2.6094 1
46 16 1596 76 2.63729 6
48 36 1253.64 180.353 2.91372 1
48 44 1259.29 186.01 2.89422 1
48 50 1264.95 191.667 2.65176 1
48 62 900 252 2.59326 0
48 28 1247.98 174.696 2.91763 1
48 30 396 492 2.69583 2
52 18 1596 84 2.63494 6
54 18 1253.64 350.059 2.63043 1
54 26 1588 84 2.6571 6
14 26 1225.35 197.324 2.89049 1
18 34 1231.01 202.981 2.82619 1
18 42 1236.67 208.638 2.78508 1
18 12 1214.04 186.01 2.85603 1
18 20 1219.7 191.667 2.899 1
18 26 396 540 2.68848 2
22 52 1445.97 259.549 2.63941 7
22 54 1242.32 214.294 2.70498 1
22 6 908.568 276.52 2.75013 1
6 2 818.059 378.343 2.678 5
24 36 1236.67 197.324 2.89042 1
24 44 1242.32 202.981 2.8996 1
26 0 902.912 270.863 2.72551 1
26 12 1219.7 180.353 2.82847 1
26 52 1247.98 208.638 2.8569 1
26 58 1253.64 214.294 2.70547 1
26 20 1225.35 186.01 2.90645 1
26 28 1231.01 191.667 2.9015 1
