0 0 876 284 2.76092 0
2 8 876 292 2.74634 0
2 32 1666.59 491.48 2.71321 1
8 2 884 284 2.74002 0
8 26 337.226 497.137 2.63924 7
32 40 1100 36 2.63518 0
32 24 320.256 38.9318 2.62055 5
34 2 1284 12 2.70666 4
34 48 1100 44 2.70328 0
34 6 1576.08 95.5005 2.6916 5
36 14 1284 4 2.66247 4
38 22 316 44.0001 2.61127 4
10 8 196 604 2.6568 0
10 38 331.569 502.794 2.68186 7
10 48 28 748 2.64008 6
40 40 308 28.0001 2.66655 4
42 0 1338.49 287.833 2.68553 1
42 30 308.942 38.9318 2.6255 5
44 0 846.343 463.196 2.62516 7
46 24 308 44.0001 2.63515 4
12 8 1412 3.99994 2.65803 4
48 42 1116 36 2.70528 0
48 42 891.598 519.765 2.68157 3
50 34 300 36.0001 2.6546 4
50 48 1116 44 2.7135 0
52 42 772.804 627.245 2.68713 7
54 28 916 276 2.71841 2
14 0 1530.82 559.363 2.71412 7
14 0 76 500 2.70859 2
14 8 84 500 2.63716 2
56 42 885.941 514.108 2.68242 3
56 18 342.883 593.304 2.6887 1
58 22 670.981 763.009 2.67058 5
58 6 44 732 2.60287 2
62 20 908 268 2.75163 2
62 28 916 268 2.75615 2
16 2 1308 12 2.70539 4
18 0 76 492 2.68695 2
20 32 332 28.0001 2.62486 4
20 38 325.913 21.9612 2.6307 5
20 22 332 36.0001 2.60912 4
22 42 320.256 16.3044 2.6193 5
6 22 1672.24 485.823 2.70216 1
28 36 320.256 27.6181 2.65056 5
28 18 325.913 44.5887 2.62137 5
30 0 1587.39 95.5005 2.70772 5
30 2 1292 12 2.70892 4
30 8 1380 3.99994 2.66432 4
30 42 314.599 21.9612 2.67653 5
30 18 324 44.0001 2.65871 4
