0 38 501.275 378.343 2.73705 7
0 56 1668 4 2.66897 6
0 56 207.119 593.304 2.62113 5
0 30 506.932 372.686 2.71458 7
2 40 36 4.00002 2.66966 6
32 6 340 596 2.68695 0
34 0 65.6973 451.882 2.74565 3
34 2 1236 644 2.6797 4
34 38 914.225 270.863 2.72253 3
34 40 348 596 2.68738 2
34 56 44 724 2.55911 4
10 18 518.246 372.686 2.69679 7
40 8 884 284 2.67804 2
40 32 897.255 276.52 2.74552 3
40 22 1436 484 2.65968 6
40 30 857.657 451.882 2.70866 1
12 32 1378.09 746.039 2.75483 7
12 18 1508 636 2.7018 6
12 26 1383.74 740.382 2.7078 7
14 0 1684 508 2.64145 0
14 8 260 404 2.66096 4
14 42 1372.43 751.696 2.75206 7
16 56 670.981 763.009 2.69948 7
18 56 1220 628 2.6177 6
20 0 1692 508 2.67781 0
20 32 1383.74 751.696 2.766 7
20 16 1395.06 740.382 2.75244 7
20 24 1389.4 746.039 2.75892 7
22 40 1378.09 757.352 2.75979 7
6 42 676 756 2.65299 2
26 46 682.294 763.009 2.68623 7
28 32 1389.4 757.352 2.75783 7
28 16 1400.71 746.039 2.75054 7
28 24 1395.06 751.696 2.76731 7
