0 0 876 284 2.7114 0
0 0 1440.31 581.99 2.71885 7
0 32 43.0698 723.411 2.48747 5
32 8 456.02 536.735 2.78612 5
32 8 150.55 593.304 2.82464 3
32 8 836 340 2.80305 4
34 2 144.893 598.96 2.83877 3
34 22 164 580 2.70834 4
36 20 161.864 581.99 2.7865 3
10 10 173.177 604.617 2.76643 3
10 22 456.02 400.971 2.65172 5
40 8 212 604 2.71489 0
40 32 1072.62 406.627 2.67228 7
42 32 884 284 2.6954 4
44 16 452 372 2.69225 4
46 0 1542.14 570.676 2.79727 7
46 26 1676 132 2.71375 4
48 0 139.236 593.304 2.83976 3
48 22 818.059 378.343 2.68758 1
50 0 12 516 2.74218 2
14 10 393.795 553.706 2.65254 5
14 26 1491.22 293.49 2.61713 5
56 18 316 540 2.69904 4
16 16 516 340 2.71761 4
18 26 852 446.225 2.61782 3
18 26 1556 83.9999 2.66973 2
18 26 914.226 270.863 2.6568 5
20 16 173.177 593.304 2.78928 3
22 32 1564 75.9999 2.69307 2
22 32 897.255 276.52 2.67477 5
22 10 156.207 598.96 2.80748 3
22 14 467.334 502.794 2.73438 5
22 18 461.677 508.451 2.73106 5
26 0 150.55 604.617 2.81861 3
26 8 844 340 2.80497 4
26 30 1485.57 299.147 2.66888 5
28 0 1327.18 299.147 2.7616 1
28 18 167.521 587.647 2.7954 3
