0 22 852 344.402 2.73083 3
0 24 953.823 287.833 2.70769 3
2 42 348 572 2.67179 2
2 42 1508.2 310.461 2.69183 3
2 18 224.089 485.823 2.71634 5
2 22 1089.59 208.638 2.66987 7
8 42 1332 492 2.61533 2
8 16 840.686 344.402 2.70633 3
8 18 218.432 491.48 2.70429 5
12 6 1076 220 2.67592 0
14 6 1196 476 2.68747 2
16 0 1188 476 2.70686 2
16 22 970.794 395.314 2.72818 5
16 30 965.137 389.657 2.71422 5
18 14 976.451 400.971 2.68091 5
22 0 472.991 384 2.70406 5
22 38 682.294 763.009 2.56994 7
6 18 1596 372 2.6797 6
24 0 220 500 2.66833 6
24 0 1188 468 2.71866 2
24 42 1253.64 350.059 2.60896 3
24 24 965.137 400.971 2.71978 5
30 10 314.599 542.392 2.66587 3
30 42 26.0994 706.441 2.6034 7
