0 0 980 164 2.63567 0
0 52 44 732 2.71421 2
0 30 20 732 2.70452 2
8 38 28 724 2.69927 2
8 28 12 756 2.64774 6
32 34 1212 228 2.79183 4
34 14 133.58 565.019 2.73016 3
34 20 1212 244 2.75811 4
34 28 1212 236 2.78469 4
38 0 1536.48 565.02 2.71961 7
38 12 1212 252 2.75992 4
10 2 1244 252 2.64932 4
40 36 1204 228 2.77975 4
42 0 908.569 163.383 2.71195 5
42 34 244 652 2.68267 6
42 30 1204 236 2.77167 4
46 42 436 580 2.68025 0
46 42 919.882 299.147 2.68004 7
46 14 1204 252 2.7709 4
46 20 1204 244 2.77471 4
48 0 1542.14 570.676 2.70499 7
50 36 556 684 2.72004 2
52 0 687.951 621.588 2.66541 3
52 42 925.539 304.804 2.67746 7
54 30 936.853 293.49 2.70631 7
14 12 1236 244 2.69148 4
56 28 548 676 2.71843 2
16 4 1236 252 2.69358 4
18 22 180 540 2.65756 0
18 22 586.128 734.725 2.72096 3
18 24 1476 332 2.71543 4
18 24 1146.16 197.324 2.70991 3
20 14 1140.5 202.981 2.71197 3
22 18 472.991 508.451 2.7643 5
22 20 1220 244 2.76271 4
6 10 1244 244 2.65721 4
24 32 1220 228 2.67186 4
26 26 1220 236 2.71645 4
30 0 676 764 2.7143 4
30 40 144.893 519.764 2.60852 5
30 18 461.677 519.764 2.74798 5
