0 0 1228 644 2.70389 2
0 46 14.7856 729.068 2.64023 1
0 18 1666.59 491.48 2.71352 1
8 34 916 268 2.77337 6
32 26 1676 692 2.69647 2
34 34 1684 692 2.82264 2
34 42 1692 692 2.81705 2
34 50 1700 692 2.64582 2
40 20 1123.53 38.9319 2.67099 5
42 34 1684 684 2.77662 2
42 40 1692 684 2.77651 2
46 10 28 724 2.69103 4
46 54 670.981 763.009 2.65123 7
48 24 823.716 395.314 2.63838 7
48 30 1112.22 38.9319 2.66388 5
50 40 1692 676 2.72263 2
54 0 20 732 2.70568 4
54 50 484 380 2.59462 0
56 50 65.6974 451.882 2.61095 5
56 6 20 724 2.6774 4
16 44 908 276 2.76789 6
16 54 884 284 2.70409 6
16 20 1668 708 2.74609 2
18 2 436 580 2.63611 6
18 34 1684 708 2.73325 2
18 6 1524 564 2.71356 0
18 28 1676 708 2.76643 2
6 54 26.0993 729.068 2.66939 1
24 8 1532 564 2.68269 0
24 20 1668 700 2.7462 2
26 34 1684 700 2.82432 2
26 42 1692 700 2.81412 2
26 50 1700 700 2.63524 2
26 26 1676 700 2.76508 2
