0 34 652 212 3.46479 6
0 92 761.49 627.245 3.39816 1
0 6 44 4.00002 3.28041 6
0 24 660 212 3.58918 6
0 102 1148 35.9999 3.35158 2
2 42 644 212 3.42495 6
2 74 612 220 3.62939 6
8 0 52 12 3.22818 6
32 10 676 244 3.84433 6
32 18 668 244 3.84635 6
32 26 660 244 3.87193 6
36 90 596 252 3.82607 6
36 98 588 252 3.80074 6
36 104 580 252 3.76107 6
38 42 644 252 3.86002 6
38 50 636 252 3.87996 6
38 58 628 252 3.8937 6
38 66 620 252 3.89404 6
38 74 612 252 3.85613 6
38 82 604 252 3.8586 6
10 10 676 220 3.7763 6
10 104 1148 27.9999 3.344 2
40 34 652 252 3.86856 6
40 10 676 252 3.85263 6
40 18 668 252 3.8518 6
40 26 660 252 3.86374 6
42 0 1412 11.9999 3.40828 4
44 90 596 260 3.85867 6
44 98 588 260 3.851 6
46 42 644 260 3.88124 6
46 50 636 260 3.9041 6
46 58 628 260 3.91166 6
46 66 620 260 3.90296 6
46 74 612 260 3.9034 6
46 82 604 260 3.88058 6
12 88 596 228 3.79314 6
48 0 1396 11.9999 3.4751 4
48 34 652 260 3.85496 6
48 10 676 260 3.85148 6
48 18 668 260 3.85268 6
48 26 660 260 3.83016 6
50 110 580 268 3.48806 6
52 90 596 268 3.86527 6
52 98 588 268 3.85804 6
54 42 644 268 3.88834 6
54 50 636 268 3.90787 6
54 58 628 268 3.91449 6
54 66 620 268 3.91004 6
54 74 612 268 3.90106 6
54 82 604 268 3.8797 6
14 32 652 228 3.85011 6
14 40 644 228 3.85873 6
14 48 636 228 3.86912 6
14 56 628 228 3.87592 6
14 16 668 228 3.83036 6
14 64 620 228 3.86773 6
14 72 612 228 3.86135 6
14 80 604 228 3.82384 6
14 24 660 228 3.81831 6
14 96 588 228 3.76648 6
56 10 676 268 3.82552 6
56 18 668 268 3.85294 6
56 26 660 268 3.84552 6
58 2 495.618 384 3.34944 1
60 90 596 276 3.84446 6
60 98 588 276 3.82584 6
62 8 716.236 570.676 3.36261 3
62 34 652 276 3.84414 6
62 42 644 276 3.87965 6
62 50 636 276 3.90226 6
62 58 628 276 3.90445 6
62 66 620 276 3.89794 6
62 74 612 276 3.88673 6
62 82 604 276 3.86382 6
62 110 422.079 468.853 3.43478 1
16 8 676 228 3.81055 6
64 12 676 276 3.74852 6
64 18 668 276 3.84798 6
64 26 660 276 3.84601 6
66 110 552.187 678.156 3.36648 3
68 90 596 284 3.83561 6
68 98 588 284 3.78869 6
70 34 652 284 3.84046 6
70 42 644 284 3.87296 6
70 50 636 284 3.89622 6
70 58 628 284 3.89573 6
70 66 620 284 3.89414 6
70 74 612 284 3.87837 6
70 82 604 284 3.83936 6
72 14 676 284 3.69965 6
72 18 668 284 3.83402 6
72 26 660 284 3.83389 6
72 110 546.53 672.5 3.31862 3
76 90 596 292 3.81273 6
78 8 1214.04 661.186 3.30836 7
78 34 652 292 3.81426 6
78 42 644 292 3.8281 6
78 50 636 292 3.83495 6
78 58 628 292 3.86237 6
78 68 620 292 3.8696 6
78 74 612 292 3.84207 6
78 82 604 292 3.84984 6
78 102 588 292 3.48668 6
20 88 596 236 3.80233 6
20 96 588 236 3.78793 6
20 104 580 236 3.74621 6
80 2 744.52 361.373 3.31621 1
80 14 676 292 3.59397 6
80 20 668 292 3.8015 6
80 26 660 292 3.80756 6
82 90 596 300 3.61375 6
82 6 1219.7 666.843 3.30512 7
82 104 354.197 593.304 3.16176 3
86 44 644 300 3.80472 6
86 50 636 300 3.81289 6
86 60 628 300 3.83949 6
86 68 620 300 3.84824 6
86 76 612 300 3.82304 6
86 82 604 300 3.80498 6
86 96 1513.85 632.902 3.31581 3
22 32 652 236 3.82119 6
22 40 644 236 3.85669 6
22 48 636 236 3.85997 6
22 56 628 236 3.87239 6
22 66 620 236 3.87034 6
22 72 612 236 3.85884 6
22 80 604 236 3.829 6
22 24 660 236 3.86324 6
88 36 652 300 3.82348 6
88 20 668 300 3.80579 6
88 28 660 300 3.83236 6
90 92 1055.65 593.304 3.294 3
90 6 276 404 3.18053 6
90 98 908 268 3.27196 4
94 42 644 308 3.81454 6
94 52 636 308 3.82394 6
94 14 846.343 429.255 3.25792 7
94 60 628 308 3.8365 6
94 68 620 308 3.83838 6
94 76 612 308 3.81244 6
94 82 604 308 3.76596 6
94 94 596 308 3.23269 6
6 0 1236.67 378.343 3.24603 7
6 10 676 212 3.35298 6
6 50 636 220 3.72084 6
6 56 628 220 3.86091 6
6 64 620 220 3.858 6
6 22 668 212 3.43567 6
24 10 676 236 3.79137 6
24 18 668 236 3.84932 6
96 36 652 308 3.80333 6
96 14 668 308 3.35151 6
96 86 1502.54 632.902 3.29773 3
96 30 652 316 3.43967 6
98 42 644 316 3.4334 6
98 54 628 316 3.57128 6
100 68 620 316 3.56434 6
100 26 1429 627.245 3.30131 5
102 76 612 316 3.68175 6
102 82 604 316 3.59634 6
102 90 1220 660 3.2945 2
106 110 44 732 3.17592 0
28 98 588 244 3.81034 6
28 106 580 244 3.75246 6
30 32 652 244 3.85906 6
30 42 644 244 3.86236 6
30 50 636 244 3.87292 6
30 58 628 244 3.87291 6
30 64 620 244 3.8737 6
30 72 612 244 3.84044 6
30 80 604 244 3.81667 6
30 90 596 244 3.8168 6
