0 0 44 732 2.71193 4
0 38 1559.11 101.157 2.58959 1
0 42 308.942 548.049 2.63173 1
2 42 1519.51 457.539 2.63806 3
32 8 196 748 2.70689 4
32 16 196 740 2.74947 4
32 24 196 732 2.79123 4
34 56 188 700 2.8406 4
36 40 188 716 2.89317 4
36 48 188 708 2.87007 4
38 2 1500 316 2.72287 6
38 32 188 724 2.87096 4
10 10 28 724 2.69341 2
10 54 982.108 451.882 2.69695 1
10 14 20.4424 723.411 2.61664 3
10 24 900 244 2.56127 4
12 46 212 708 2.86665 4
12 54 212 700 2.84726 4
14 38 212 716 2.84018 4
16 0 20 732 2.7073 4
18 38 1540 428 2.6081 0
20 46 204 708 2.85624 4
22 8 1316 164 2.56144 4
22 32 204 724 2.83269 4
22 24 204 732 2.81462 4
24 34 1083.93 576.333 2.64868 1
24 30 1157.47 186.01 2.61661 3
26 0 1684 508 2.61053 0
26 14 204 740 2.57409 4
30 32 196 724 2.89272 4
30 40 196 716 2.89864 4
30 48 196 708 2.86884 4
