0 0 43.0699 723.411 2.66521 7
2 42 676 764 2.72499 2
8 26 1620 476 2.65064 2
32 56 1129.19 248.236 2.89284 5
34 40 1140.5 259.549 2.89762 5
34 46 1476 588 2.67691 6
34 48 1134.84 253.892 2.88948 5
36 32 1146.16 265.206 2.8726 5
38 16 44 740 2.60805 2
10 44 1151.81 236.922 2.88109 5
10 52 1146.16 231.265 2.83134 5
10 60 1485.57 299.147 2.67393 5
10 16 897.255 310.461 2.64289 3
40 10 36 740 2.64183 2
40 48 1129.19 259.549 2.83458 5
42 0 20 732 2.65255 4
44 54 884 292 2.74097 4
44 62 884 284 2.79082 4
50 36 908 268 2.6649 2
50 38 331.569 491.48 2.66032 3
50 44 916 268 2.66653 2
14 34 1157.47 242.579 2.87562 5
14 10 885.941 310.461 2.63589 3
14 28 1163.13 248.236 2.85089 5
4 40 540 676 2.75863 6
16 54 1140.5 236.922 2.8783 5
18 38 1151.81 248.236 2.89771 5
18 46 1146.16 242.579 2.88494 5
18 30 314.599 678.156 2.78781 3
20 22 1163.13 259.549 2.83617 5
20 30 1157.47 253.892 2.89131 5
22 14 1168.78 265.206 2.77712 5
6 34 556 684 2.69853 6
24 54 1134.84 242.579 2.90779 5
26 38 1146.16 253.892 2.90468 5
26 10 1163.13 270.863 2.77714 5
26 46 1140.5 248.236 2.8944 5
26 54 376.824 661.186 2.72327 3
28 22 1157.47 265.206 2.84323 5
30 6 1157.47 276.52 2.69705 5
