0 0 876 284 2.73094 0
0 32 1700 220 2.75564 0
0 34 1655.27 16.3046 2.73835 7
0 54 914.226 519.765 2.67482 5
0 54 846.343 248.235 2.60504 3
0 14 1700 196 2.71924 0
0 20 1700 204 2.73063 0
0 26 1700 212 2.75678 0
32 8 914.225 270.863 2.69859 1
32 54 892 276 2.70179 4
34 10 1516 636 2.67189 0
34 48 342.883 593.304 2.70165 3
36 18 428 52.0001 2.85391 4
36 26 428 44.0001 2.8559 4
38 34 428 36.0001 2.81987 4
42 22 420 52.0001 2.70183 4
44 34 420 36.0001 2.77341 4
44 26 420 44.0001 2.78781 4
12 12 452 60.0001 2.8692 4
12 20 452 52.0001 2.89121 4
12 28 452 44.0001 2.87968 4
14 0 332 588 2.67433 0
14 36 452 36.0001 2.88083 4
14 44 452 28.0001 2.89783 4
18 2 891.598 282.177 2.72692 1
20 12 444 60.0001 2.85489 4
20 28 444 44.0001 2.87651 4
22 36 444 36.0001 2.88003 4
22 44 444 28.0001 2.87538 4
22 54 916 268 2.68995 4
22 20 444 52.0001 2.88134 4
24 52 1513.85 632.902 2.69362 3
26 2 897.255 276.52 2.73406 1
26 54 331.57 491.48 2.70284 5
28 18 436 52.0001 2.84596 4
28 26 436 44.0001 2.84351 4
30 34 436 36.0001 2.80508 4
30 42 436 28.0001 2.80919 4
