0 2 20 732 2.70155 2
0 42 1338.49 287.834 2.68659 7
2 54 132 564 2.78776 0
8 6 28 724 2.70206 2
32 36 164 548 2.92865 0
32 44 164 556 2.93203 0
34 20 164 532 2.95375 0
34 28 164 540 2.92986 0
36 12 164 524 2.95028 0
10 0 44 732 2.66125 6
10 44 140 556 2.7798 0
40 38 172 548 2.95614 0
40 46 172 556 2.91294 0
40 30 172 540 2.95635 0
42 14 172 524 2.9479 0
42 22 172 532 2.94844 0
46 0 902.912 270.863 2.73177 1
46 58 892 276 2.70629 4
48 38 180 548 2.96045 0
48 44 180 556 2.86456 0
48 54 884 284 2.69083 4
48 30 180 540 2.9579 0
50 14 180 524 2.95552 0
50 22 180 532 2.95574 0
54 6 914.225 270.863 2.71235 1
14 50 148 564 2.8697 0
14 22 908.569 276.52 2.73121 7
16 36 148 548 2.8521 0
16 42 148 556 2.89143 0
18 28 148 540 2.83141 0
20 20 148 532 2.77809 0
22 50 156 564 2.8351 0
22 14 148 524 2.82052 0
22 6 148 516 2.63568 0
6 36 891.598 282.177 2.7017 7
6 30 897.255 276.52 2.74134 7
24 36 156 548 2.93425 0
24 44 156 556 2.9425 0
24 12 52 468 2.65557 2
26 12 156 524 2.95198 0
26 20 156 532 2.95545 0
26 28 156 540 2.93137 0
28 4 156 516 2.72885 0
30 50 164 564 2.69104 0
