0 0 1253.64 372.686 2.71352 7
0 0 1553.45 423.598 2.68692 3
0 44 1502.54 316.118 2.72823 3
0 52 1508.2 310.461 2.736 3
0 22 596 748 2.76818 2
0 26 604 748 2.76498 2
0 26 868.971 497.137 2.72474 5
0 28 1364 284 2.75991 6
8 40 1536.48 78.5298 2.62367 1
8 52 716.235 638.558 2.62458 1
8 18 26.0993 525.421 2.68158 1
8 6 1253.64 384 2.66037 7
8 26 356 388 2.6921 2
32 14 936.853 485.823 2.59689 3
32 22 1151.81 531.078 2.64646 1
34 38 1281.92 197.324 2.58384 5
34 22 860 452 2.64014 0
36 28 1321.52 350.059 2.62144 1
10 32 472.991 712.098 2.62562 1
10 42 1244 388 2.59232 6
10 14 292 668 2.66898 2
10 14 1485.57 321.775 2.66877 3
10 22 342.883 559.362 2.71662 3
10 22 1604.36 384 2.67151 5
10 28 1148 172 2.65515 6
42 0 43.0698 734.725 2.57325 5
12 40 844 388 2.59917 4
12 30 1532 372 2.63369 0
18 0 900 244 2.59674 6
22 44 1260 3.99994 2.52819 2
22 18 1140.5 531.078 2.63429 1
22 26 1236 388 2.60803 2
24 32 1327.18 367.029 2.61702 1
26 2 900 252 2.54175 6
26 34 1132 44 2.58403 6
28 46 1491.22 293.49 2.5521 3
30 52 44 732 2.57367 4
30 14 1479.91 451.882 2.60841 5
30 18 852 444 2.63759 0
30 22 1327.18 355.716 2.65105 1
