0 34 916 268 3.40526 6
0 40 908 268 3.39091 6
2 26 1684 516 3.25859 0
32 32 422.079 197.324 3.50366 1
32 22 416.422 191.667 3.51442 1
34 56 444.706 208.638 3.44033 1
36 48 439.05 202.981 3.49366 1
38 10 405.109 180.353 3.35764 1
38 42 433.393 197.324 3.47023 1
10 8 20 724 3.23007 4
10 34 916 276 3.33949 6
10 42 908 276 3.40095 6
10 52 1078.27 412.284 3.20569 1
40 24 422.079 186.01 3.49377 1
42 50 444.707 197.324 3.44541 1
42 62 670.981 763.009 3.25734 7
42 18 416.422 180.353 3.50801 1
44 10 410.765 174.696 3.43038 1
44 42 439.05 191.667 3.47908 1
46 34 433.393 186.01 3.47266 1
12 46 1502.54 632.902 3.26096 5
48 58 1434.66 587.647 3.21042 3
48 26 427.736 180.353 3.4998 1
50 50 450.363 191.667 3.17279 1
50 62 676.638 768.666 3.18566 7
50 18 422.079 174.696 3.52289 1
52 44 444.707 186.01 3.47013 1
52 12 416.422 169.04 3.34949 1
54 2 1692 500 3.23782 4
54 36 439.05 180.353 3.48344 1
14 34 416.422 214.294 3.45731 1
14 46 1052 59.9999 3.24442 2
56 28 433.393 174.696 3.51659 1
58 8 1684 492 3.19854 4
58 50 44 740 3.21718 4
58 20 427.736 169.04 3.51709 1
60 8 892 252 3.20113 6
62 42 36 748 3.22838 4
62 48 868 476 3.19922 2
16 28 410.765 208.638 3.42873 1
64 10 77.011 497.137 3.18387 3
64 12 884 260 3.20546 6
64 52 36 740 3.25781 4
64 58 36 732 3.17534 4
64 30 439.05 169.04 3.41512 1
66 18 876 260 3.20422 6
70 32 444.707 163.383 3.23953 1
18 14 1677.9 491.48 3.25702 3
18 58 365.51 400.971 3.22365 1
72 40 54.3835 451.882 3.17748 1
72 14 884 268 3.19868 6
20 46 427.736 214.294 3.41985 1
22 38 422.079 208.638 3.49507 1
22 58 818.059 367.029 3.23183 3
22 62 444 580 3.22106 2
6 0 20 732 3.26473 4
24 14 1672.24 485.823 3.23715 3
24 22 410.765 197.324 3.46743 1
24 30 416.422 202.981 3.52419 1
28 48 433.393 208.638 3.46911 1
30 8 388.138 593.304 3.21661 1
30 40 427.736 202.981 3.50951 1
