0 0 44 732 2.71352 4
0 40 902.912 270.863 2.73193 7
0 46 476 500 2.68384 4
0 48 897.255 276.52 2.7395 7
0 64 1188 396 2.64841 6
0 64 1253.64 372.686 2.67093 5
2 58 1259.29 378.343 2.6245 5
8 34 919.882 299.147 2.65114 3
8 38 908.569 276.52 2.69251 7
8 48 1100.9 38.9319 2.59179 3
8 14 20.4424 723.411 2.61461 3
8 64 880.284 304.804 2.58113 7
32 12 26.0994 378.343 2.794 5
32 18 20.4426 372.686 2.83655 5
34 34 9.12891 361.373 2.79594 5
34 26 14.7856 367.029 2.85068 5
36 44 892 252 2.59093 0
10 10 28 724 2.69468 4
40 0 876 292 2.70417 2
40 32 3.47217 367.029 2.65052 5
40 12 20.4424 384 2.75216 5
42 2 1500 316 2.62323 6
42 18 14.7856 378.343 2.82001 5
42 26 9.12891 372.686 2.809 5
12 44 20.4426 338.745 2.72708 5
12 52 14.7856 333.088 2.75097 5
12 24 1500 300 2.66083 6
50 30 823.716 372.686 2.59167 1
18 0 20 732 2.70884 4
18 36 20.4426 350.059 2.8189 5
18 44 14.7856 344.402 2.805 5
18 14 252 420 2.58746 4
18 62 1540 572 2.57512 2
18 28 26.0996 355.716 2.82813 5
20 52 9.12891 338.745 2.69451 5
22 22 31.7563 361.372 2.74018 5
6 38 891.598 282.177 2.70641 7
6 64 161.864 457.539 2.64707 7
24 10 244 420 2.5616 4
24 6 31.7562 700.784 2.65189 3
26 34 14.7856 355.716 2.81792 5
26 42 9.12891 350.059 2.76685 5
26 56 823.716 395.314 2.60179 1
26 20 26.0996 367.029 2.84796 5
26 28 20.4426 361.372 2.85115 5
28 38 388.138 118.128 2.59178 1
30 2 172 396 2.59768 0
30 8 26.0993 695.127 2.60363 3
