0 26 1684 124 2.61252 6
32 10 218.432 627.245 2.63511 7
32 30 188 596 2.73196 0
34 18 12 580 2.6465 6
34 24 212.776 644.215 2.66039 7
10 34 65.6973 451.882 2.60968 7
40 18 218.432 581.99 2.65134 7
42 0 1692 500 2.6986 4
42 0 857.657 451.882 2.67092 7
46 0 902.912 270.863 2.74666 1
46 8 908.568 276.52 2.74242 1
46 40 1264.95 361.373 2.72117 7
46 28 196 596 2.70516 0
46 30 1270.61 355.716 2.70919 7
50 32 100 356 2.69227 4
50 34 1276.26 361.373 2.71205 7
50 4 897.255 276.52 2.74444 1
54 28 857.657 282.177 2.70002 1
56 40 1666.59 491.48 2.72816 7
58 10 914.225 270.863 2.74733 1
58 30 942.51 491.48 2.68828 5
60 34 868.971 282.177 2.74639 1
60 10 348 596 2.67543 0
64 8 356 596 2.64099 0
66 32 1677.9 491.48 2.72066 7
66 34 874.627 276.52 2.6712 1
66 22 942.51 502.794 2.69522 5
18 0 908 268 2.74274 0
72 0 43.0698 723.411 2.60459 1
72 30 884 284 2.7152 4
22 34 953.823 344.402 2.64327 7
22 40 948.167 350.059 2.67495 7
22 30 884 308 2.68455 0
24 6 1672.24 485.823 2.6995 3
26 0 916 268 2.75459 0
26 40 953.823 355.716 2.65556 7
26 12 207.119 570.676 2.64721 7
26 26 260 596 2.61855 4
26 30 180 596 2.7386 0
30 30 478.648 514.108 2.67563 1
