0 2 44 732 2.68536 4
0 38 68 452 2.6569 0
0 6 26.0992 729.068 2.65916 3
2 44 1151.81 157.726 2.70171 5
34 26 1247.98 434.912 2.686 7
36 16 1253.64 429.255 2.65888 7
38 34 1247.98 446.225 2.62861 7
10 8 20.4424 723.411 2.62476 3
42 8 852 452 2.66549 0
42 10 863.314 287.833 2.67128 7
42 44 1436 260 2.54766 2
42 26 1253.64 440.569 2.63302 7
46 0 876 284 2.68337 2
46 8 670.981 763.009 2.65807 5
46 6 31.7561 395.314 2.67548 3
14 34 1225.35 434.912 2.66433 7
16 28 1231.01 429.255 2.66623 7
22 36 1231.01 440.569 2.67176 7
22 14 506.932 689.47 2.62249 7
6 10 28 724 2.64163 2
6 26 1524 564 2.6063 6
6 26 818.059 378.343 2.64672 5
24 30 1236.67 434.912 2.68432 7
26 0 52 732 2.60139 0
26 22 1242.32 429.255 2.68484 7
28 14 512.589 695.127 2.61729 7
30 32 1242.32 440.569 2.65602 7
30 40 1236.67 446.225 2.62958 7
30 44 1604 396 2.57695 0
