0 60 1383.74 649.872 3.29475 1
0 22 44 732 3.20888 2
0 6 20 732 3.25087 2
2 46 1692 500 3.23161 2
2 78 12 732 3.21984 2
32 48 1327.18 593.304 3.80844 1
32 56 1332.83 598.96 3.80994 1
32 80 636 540 3.18652 0
34 66 1338.49 604.617 3.78923 1
34 72 1344.15 610.274 3.81213 1
34 82 452 564 3.26646 2
36 8 359.854 598.96 3.10304 7
36 22 1315.86 570.676 3.82384 1
38 38 1327.18 581.99 3.82796 1
10 38 1684 492 3.22833 2
10 10 28 724 3.24377 2
10 54 660 524 3.28191 4
10 54 1310.21 610.274 3.6088 1
40 48 1332.83 587.647 3.81685 1
40 62 1344.15 598.961 3.80515 1
40 88 36 372 3.09757 6
42 72 1349.8 604.617 3.81173 1
44 22 1321.52 565.019 3.8333 1
46 38 1332.83 576.333 3.81995 1
46 10 1519.51 559.363 3.23705 7
46 86 1361.12 638.558 3.22994 1
46 30 1327.18 570.676 3.81826 1
12 66 1332.83 621.588 3.67144 1
12 72 1338.49 627.245 3.66567 1
48 46 1338.49 581.99 3.81547 1
48 60 1349.8 593.304 3.79832 1
50 70 1355.46 598.96 3.8152 1
50 78 1361.12 604.617 3.80457 1
50 88 36 380 3.13022 6
52 22 1327.18 559.362 3.85147 1
54 38 1338.49 570.676 3.81863 1
54 50 1349.8 581.99 3.83642 1
54 28 1332.83 565.019 3.84293 1
14 42 1310.21 598.96 3.72475 1
14 22 276 404 3.13856 4
14 26 276 396 3.10465 4
56 46 1344.15 576.333 3.84224 1
58 62 1355.46 587.647 3.83282 1
58 70 1361.12 593.304 3.81575 1
58 76 1366.77 598.96 3.81956 1
58 82 1372.43 604.617 3.69202 1
58 6 1530.82 559.363 3.23063 7
60 20 1332.83 553.706 3.84691 1
62 36 1344.15 565.019 3.85719 1
62 10 1587.39 84.1868 3.23423 5
62 94 476 524 3.195 2
62 28 1338.49 559.362 3.84535 1
16 50 1315.86 604.617 3.75873 1
16 56 1321.52 610.274 3.73781 1
16 64 1327.18 615.931 3.74954 1
64 44 1349.8 570.676 3.85105 1
64 52 1355.46 576.333 3.83987 1
64 60 1361.12 581.99 3.81944 1
66 68 1366.77 587.647 3.82474 1
66 76 1372.43 593.304 3.81185 1
68 14 1332.83 542.392 3.73107 1
68 20 1338.49 548.049 3.8575 1
68 84 1378.09 598.96 3.74232 1
68 28 1344.15 553.706 3.83572 1
70 36 1349.8 559.362 3.8629 1
70 88 1500 316 3.20099 2
18 26 1412.03 372.686 3.18089 5
72 44 1355.46 565.019 3.85683 1
72 52 1361.12 570.676 3.80387 1
72 58 1366.77 576.333 3.80886 1
74 2 1428 11.9999 3.25643 4
74 74 1378.09 587.647 3.77682 1
74 82 1383.74 593.304 3.7138 1
74 6 427.736 474.51 3.24228 1
76 12 1338.49 536.735 3.78938 1
76 18 1344.15 542.392 3.85769 1
78 34 1355.46 553.706 3.86494 1
78 26 1349.8 548.049 3.85134 1
20 24 1304.55 581.99 3.73043 1
80 42 1361.12 559.362 3.85782 1
80 50 1366.77 565.019 3.83401 1
80 58 1372.43 570.676 3.82508 1
82 0 422.079 615.931 3.25445 5
82 66 1378.09 576.333 3.78026 1
82 72 1372.43 242.579 3.16731 3
82 74 1383.74 581.99 3.74382 1
82 80 1389.4 587.647 3.67181 1
82 90 1500 300 3.21945 2
84 10 1344.15 531.078 3.79385 1
84 18 1349.8 536.735 3.85843 1
86 34 1361.12 548.049 3.85361 1
86 66 1420 476 3.28846 6
86 88 1660 92 3.12528 6
86 26 1355.46 542.392 3.84395 1
22 32 1310.21 587.647 3.79035 1
22 40 1315.86 593.304 3.8222 1
22 20 1298.89 576.333 3.41014 1
22 80 37.4131 740.382 3.10731 5
88 54 1389.4 565.019 3.43238 1
90 0 1364 11.9999 3.26612 4
90 44 1372.43 548.049 3.69855 1
90 74 1225.35 638.558 3.14353 5
92 10 1349.8 525.421 3.80164 1
92 16 1355.46 531.078 3.79498 1
94 32 1366.77 542.392 3.77396 1
94 56 1428 484 3.27282 6
94 58 897.255 276.52 3.17866 3
94 64 1420 484 3.26179 6
94 64 902.912 270.863 3.18203 3
94 24 1361.12 536.735 3.77943 1
6 94 43.0699 734.725 3.11157 1
24 56 1327.18 604.617 3.7908 1
24 64 1332.83 610.274 3.76608 1
96 38 1444 484 3.22298 6
96 46 1436 484 3.28694 6
100 16 1361.12 525.421 3.63163 1
102 26 244 660 3.22814 6
26 80 628 540 3.16463 0
104 24 284 676 3.22998 6
106 0 456.02 389.657 3.25262 5
106 2 140 572 3.23201 4
106 24 1366.77 531.078 3.32481 1
28 24 1310.21 576.333 3.79098 1
30 38 1321.52 587.647 3.80712 1
30 18 1304.55 570.676 3.56288 1
