0 0 44 732 2.71288 4
0 30 12 516 2.68067 0
2 40 818.059 344.402 2.74987 1
8 46 556 684 2.76037 4
32 34 376.824 672.5 2.83656 5
32 54 1072.62 225.608 2.62506 5
32 4 20 756 2.62969 0
34 16 508 740 2.81679 4
38 10 1304.55 400.971 2.63436 1
38 50 682.294 763.009 2.58091 7
38 22 376.824 683.813 2.82415 5
10 38 436 564 2.77144 2
10 10 28 724 2.69396 4
10 46 444 564 2.78983 2
10 46 829.373 344.402 2.74173 1
40 50 1072.62 236.922 2.61788 5
42 34 371.167 666.843 2.84615 5
42 38 452 548 2.78407 6
42 38 1338.49 412.284 2.6668 1
42 40 228 636 2.77407 4
42 14 460 724 2.7258 4
42 26 500 732 2.82733 4
44 0 1146.16 50.2457 2.6588 5
44 18 500 740 2.82589 4
48 0 1100.9 72.8731 2.66308 5
50 0 863.314 457.539 2.64454 7
50 32 365.511 672.5 2.83053 5
50 34 268 644 2.73828 4
50 14 574.814 757.352 2.69572 5
50 4 1484 75.9999 2.65502 4
50 30 468 708 2.78224 4
54 22 591.785 751.695 2.77399 5
58 10 77.011 497.137 2.61814 3
58 14 1197.07 33.2751 2.64832 5
58 20 1612 364 2.67334 0
58 6 1476 75.9999 2.57143 4
60 20 586.128 757.352 2.69512 5
4 34 320.256 559.362 2.71082 1
16 50 1349.8 287.834 2.73151 5
16 22 461.677 406.627 2.65888 7
64 14 1332.83 384 2.69444 1
18 0 20 732 2.70804 4
18 56 460 548 2.79219 2
18 26 548 692 2.78311 0
20 26 376.824 389.657 2.79749 5
22 22 252 652 2.78929 4
22 28 436 588 2.79666 6
6 50 1068 220 2.64669 6
24 34 252 644 2.80334 4
24 6 12 756 2.65375 0
26 34 382.481 666.843 2.84293 5
30 42 382.481 644.215 2.75611 5
30 18 476 724 2.80915 4
30 30 484 700 2.82062 4
