0 0 28 740 2.60517 0
32 26 1168.78 559.363 2.7404 7
36 18 1400.71 632.902 2.72617 3
36 22 1180.1 559.363 2.76646 7
38 14 1185.75 553.706 2.77618 7
38 6 1191.41 548.049 2.66951 7
10 10 1163.13 531.078 2.70404 7
10 24 1380 380 2.58132 4
10 28 1428 420 2.62033 0
14 2 1180 44 2.66038 4
14 18 1163.13 542.392 2.74704 7
14 24 1270.61 581.99 2.64785 7
16 10 1168.78 536.735 2.76357 7
16 4 4 764 2.69898 0
22 26 1163.13 553.706 2.77577 7
6 18 1348 676 2.60013 0
24 18 1168.78 548.049 2.81705 7
26 0 1151.81 531.078 2.72477 7
26 10 1174.44 542.392 2.81369 7
30 24 1412.03 632.902 2.74429 3
