0 0 876 284 2.74718 0
0 0 1440.31 581.99 2.72996 7
0 8 876 292 2.71841 0
0 32 14.7856 729.068 2.60805 1
0 40 43.0699 734.725 2.64309 1
2 2 1508.2 310.461 2.70645 5
2 22 1491.22 293.49 2.62689 5
8 8 1440.31 593.304 2.69899 7
32 34 1100.9 38.9319 2.59753 1
32 40 891.598 282.177 2.64614 5
32 40 1140.5 33.275 2.64341 1
32 24 820 44 2.58468 4
38 0 268 404 2.70057 6
38 10 342.883 389.657 2.61996 5
38 14 687.951 598.96 2.60729 3
38 6 1524 564 2.66165 0
10 8 1689.21 491.48 2.63232 3
10 40 26.0993 729.068 2.6359 1
40 26 812 44 2.58147 4
42 2 268 412 2.67695 6
42 20 340 548 2.59202 6
46 14 500 356 2.67535 6
46 16 331.569 502.794 2.60329 3
46 26 884 300 2.60114 6
12 0 4 764 2.71594 0
48 40 724 748 2.6227 2
48 16 748 364 2.66521 2
48 16 1228 636 2.65551 4
50 40 316 564 2.62597 6
54 22 492 364 2.66143 6
54 24 670.981 763.009 2.67819 5
14 8 1388 3.99994 2.66376 4
14 34 902.912 270.863 2.64607 5
14 28 914.226 270.863 2.67309 5
16 8 1380 3.99994 2.64459 4
16 20 836 44 2.60001 4
18 0 900 276 2.68974 0
18 28 908.569 276.52 2.64059 5
22 34 348 596 2.65049 4
22 40 1684 500 2.67857 0
24 34 1684 492 2.71073 0
24 18 880.284 531.078 2.60758 1
26 0 1596 556 2.67403 0
28 8 444 380 2.61706 4
28 34 150.55 491.48 2.65288 5
30 40 1612 548 2.6585 4
