0 12 823.716 372.686 2.6148 5
0 22 303.285 587.647 2.67206 5
0 26 1434.66 485.823 2.74344 1
0 30 876 284 2.75683 6
0 30 1547.79 429.255 2.70407 5
8 26 1440.31 480.167 2.70359 1
34 26 164 484 2.6494 4
36 16 461.677 553.706 2.69593 3
38 10 699.265 632.902 2.7834 1
38 16 704.922 638.558 2.8002 1
44 8 450.363 553.706 2.70121 3
46 8 704.922 627.245 2.79032 1
46 16 710.579 632.902 2.78396 1
46 28 892 276 2.60751 4
48 10 1525.17 565.019 2.67686 5
48 18 1513.85 553.706 2.66306 5
54 0 26.0993 514.108 2.67572 1
14 14 687.951 655.529 2.71751 1
14 22 693.608 661.186 2.74083 1
58 20 1491.22 293.49 2.62703 3
18 8 1593.05 78.53 2.69158 5
22 16 693.608 649.872 2.77548 1
22 26 1116 36 2.65376 0
26 0 891.598 259.549 2.70414 5
26 14 687.951 644.215 2.67813 1
26 30 204 596 2.65662 4
30 2 4 764 2.69058 0
30 16 699.265 644.215 2.78921 1
