0 32 188 596 2.6452 2
0 34 1208.38 214.294 2.65193 7
0 40 71.3542 502.794 2.65646 7
0 30 220 484 2.63023 4
2 10 36 740 2.63283 0
8 4 44 732 2.64068 0
8 22 932 492 2.80402 6
32 38 1134.84 50.2456 2.68067 7
32 14 940 516 2.84083 6
32 22 932 516 2.83307 6
32 6 948 516 2.83367 6
32 30 924 516 2.80006 6
40 32 1436 428 2.65889 6
40 14 940 524 2.82952 6
40 22 1548 100 2.66182 0
44 32 892 260 2.55019 0
48 0 173.177 389.657 2.71169 1
48 40 43.0698 723.411 2.5421 3
48 16 1219.7 621.588 2.64456 5
48 18 1556 92 2.66977 0
48 26 1428 428 2.63384 6
14 34 1636 476 2.66605 0
14 40 1636 484 2.67541 0
14 30 924 500 2.83538 6
16 22 932 500 2.8391 6
18 10 1356 11.9999 2.66337 4
22 30 924 508 2.79289 6
6 40 1628 484 2.65521 0
24 14 940 508 2.83975 6
24 22 932 508 2.84299 6
26 0 12 756 2.73442 0
30 0 956 516 2.77983 6
30 38 916 516 2.74785 6
