0 34 20 732 2.64388 2
0 14 268 404 2.69575 4
2 14 1524 556 2.67871 6
2 18 9.12872 395.314 2.70962 7
8 6 884 284 2.66807 0
8 30 31.7561 700.784 2.675 1
32 38 9.12878 429.255 2.83458 7
34 12 31.7561 417.941 2.89825 7
36 0 1388 652 2.70976 4
38 22 26.0992 423.598 2.87728 7
38 28 20.4425 429.255 2.88646 7
10 8 500 356 2.69755 4
10 42 28 724 2.63577 2
40 0 452 500 2.7134 2
40 36 14.7856 434.912 2.8706 7
40 44 9.12878 440.568 2.75803 7
44 12 37.413 423.598 2.89612 7
46 20 31.7561 429.255 2.87651 7
46 28 26.0994 434.912 2.89863 7
12 16 14.7856 400.97 2.83833 7
12 6 20.4424 395.314 2.71785 7
48 36 20.4425 440.568 2.88576 7
50 0 716 740 2.70972 0
50 44 1508 636 2.65625 2
50 12 1525.17 350.059 2.65284 5
50 12 43.0698 429.255 2.82699 7
54 18 37.413 434.912 2.80485 7
54 26 31.7562 440.568 2.80432 7
14 24 9.12872 406.627 2.80326 7
56 42 1532 428 2.66696 2
16 2 670.981 763.009 2.67287 3
16 32 3.47198 412.284 2.70136 7
18 0 492 364 2.6827 4
20 8 26.0992 400.97 2.7534 7
20 16 20.4424 406.627 2.8771 7
22 30 9.12878 417.941 2.79335 7
26 40 3.47192 423.598 2.73447 7
26 40 818.059 378.343 2.67035 3
28 44 892 252 2.6438 2
28 14 26.0992 412.284 2.88183 7
30 0 1396 652 2.7048 4
30 22 20.4424 417.941 2.88131 7
30 30 14.7856 423.598 2.86628 7
