0 0 20 732 2.6603 4
0 8 26.0992 729.068 2.66439 3
0 34 552.187 678.156 2.70303 5
0 40 897.255 514.108 2.70121 5
2 34 892 308 2.66951 2
8 46 540.873 678.156 2.683 5
8 48 885.941 514.108 2.67591 5
8 48 331.569 502.794 2.6661 7
32 32 1225.35 468.853 2.84508 1
32 52 1666.59 491.48 2.65617 7
32 54 908 268 2.67588 4
34 40 1164 188 2.6899 2
34 48 228 500 2.65093 2
34 24 1219.7 463.196 2.82585 1
36 16 1214.04 457.539 2.83091 1
10 0 14.7856 729.068 2.63236 3
10 54 852 340 2.67236 2
10 26 1208.38 485.823 2.79177 1
40 34 1231.01 463.196 2.85704 1
40 10 1208.38 451.882 2.7224 1
40 48 1683.56 497.137 2.64778 7
42 40 325.913 565.019 2.74341 7
42 26 1225.35 457.539 2.83603 1
44 18 1219.7 451.882 2.79749 1
46 2 1236.67 593.304 2.61749 1
46 42 1491.22 293.49 2.68398 3
48 32 1236.67 457.539 2.79403 1
50 0 1572 156 2.65933 6
14 36 1219.7 485.823 2.82099 1
14 10 900 276 2.65773 0
14 42 1225.35 491.48 2.79576 1
14 20 1202.72 480.167 2.6768 1
18 20 1208.38 474.51 2.81686 1
18 28 1214.04 480.167 2.79484 1
20 8 4 764 2.67537 0
20 46 1231.01 485.823 2.82216 1
22 38 1225.35 480.167 2.80501 1
22 14 1202.72 468.853 2.79328 1
6 48 844 348 2.67892 2
24 54 916 268 2.66386 4
26 34 461.677 417.941 2.70978 3
28 0 12 756 2.68148 0
30 38 1231.01 474.51 2.86128 1
30 54 132 588 2.68023 6
30 16 1208.38 463.196 2.82457 1
