0 2 44 732 2.6769 4
0 6 26.0992 729.068 2.65594 3
2 38 456.02 400.971 2.64495 5
2 26 1500 316 2.66059 4
2 26 1532 564 2.65334 6
8 38 755.834 361.373 2.66857 5
36 32 1581.73 746.039 2.75782 3
36 24 1576.08 751.695 2.74953 3
38 0 1338.49 287.833 2.62891 1
38 2 314.599 553.706 2.68421 3
38 18 331.569 536.735 2.66894 3
38 22 942.51 118.128 2.64728 7
10 18 252 420 2.64437 4
44 16 325.913 531.078 2.67839 3
12 22 614.412 729.068 2.64988 3
16 16 244 420 2.65917 4
18 12 1540 572 2.65668 6
22 38 540 436 2.67278 0
24 12 1540 580 2.62793 6
28 32 1587.39 751.695 2.76197 3
28 24 1581.73 757.352 2.74051 3
30 0 492 364 2.62076 4
30 2 748 364 2.62573 0
