0 0 43.0699 723.411 2.60511 7
0 32 140 324 2.72549 0
0 32 476 516 2.74343 4
0 44 1508.2 310.461 2.66933 3
0 64 28 732 2.6501 0
0 64 43.0699 734.725 2.65661 1
0 64 20 732 2.64985 2
2 32 139.236 593.304 2.77638 1
8 8 127.923 581.99 2.71545 1
8 58 28 724 2.64155 0
8 18 891.598 282.177 2.68123 7
32 8 876 260 2.59691 6
32 24 1440.31 287.833 2.62616 3
32 28 1444 284 2.62977 2
34 40 1457.28 282.177 2.70749 3
34 48 1462.94 276.52 2.71232 3
38 38 1451.63 276.52 2.69084 3
38 10 1684 516 2.62975 2
38 56 1468 268 2.70524 2
10 32 1100 404 2.68969 2
10 32 144.893 587.647 2.74684 1
10 42 150.55 593.304 2.74868 1
10 46 1502.54 304.804 2.72575 3
10 48 1253.64 202.981 2.61327 3
10 64 26.0993 729.068 2.66476 1
10 22 1076 404 2.7293 2
10 30 1089.59 219.951 2.69414 7
40 48 1460 268 2.6871 2
42 34 1444 268 2.66061 2
44 14 1666.59 491.48 2.63989 5
46 36 1445.97 270.863 2.63733 3
46 56 105.295 355.716 2.63953 3
46 64 110.952 350.059 2.63433 3
14 16 139.236 581.99 2.72821 1
16 10 133.579 576.333 2.74899 1
18 38 1485.57 299.147 2.6761 3
18 40 1457.28 293.49 2.68587 3
18 22 1444 300 2.65674 2
22 32 1452 292 2.65944 2
22 56 204 340 2.53091 0
22 18 433.393 536.735 2.5935 3
6 16 133.58 587.647 2.77102 1
6 30 148 316 2.74118 0
24 26 1444 292 2.6845 2
26 44 1460 284 2.64798 2
28 2 1123.53 38.9319 2.59874 5
30 54 1468 276 2.70307 2
30 62 1476 276 2.63491 2
