0 34 1559.11 576.333 2.631 7
0 46 14.7856 729.068 2.63364 1
0 54 43.0699 734.725 2.66189 1
32 0 1451.63 593.304 2.70995 7
32 16 376.824 231.265 2.8526 7
34 42 365.511 253.892 2.81002 7
36 34 371.167 248.235 2.79072 7
38 26 376.824 242.579 2.81294 7
10 54 26.0993 729.068 2.66134 1
10 14 260 404 2.66108 4
10 6 1220 660 2.61585 6
40 10 388.138 231.265 2.72116 7
40 18 382.481 236.922 2.82295 7
44 2 1684 516 2.65264 2
44 34 376.824 253.892 2.80463 7
44 42 371.167 259.549 2.80008 7
46 54 670.981 763.009 2.69206 7
46 28 382.481 248.235 2.78053 7
12 28 354.197 231.265 2.73749 7
48 50 892 284 2.71692 4
50 38 382.481 259.549 2.66473 7
50 10 342.883 593.304 2.67643 1
50 16 885.941 514.108 2.70067 1
54 50 1434.66 587.647 2.69374 3
14 22 359.854 225.608 2.75422 7
16 48 902.912 270.863 2.68916 5
20 8 1124 36 2.67925 4
20 36 354.197 242.579 2.63383 7
20 30 359.854 236.922 2.76452 7
22 0 908 268 2.77118 0
22 22 365.511 231.265 2.83441 7
24 50 897.255 276.52 2.69923 5
24 14 371.167 225.608 2.82883 7
26 40 359.854 248.235 2.76557 7
26 22 410.765 95.5005 2.59868 3
28 32 365.511 242.579 2.80608 7
30 0 916 268 2.77825 0
30 8 916 276 2.74084 0
30 54 1692 500 2.69212 0
30 24 371.167 236.922 2.84738 7
