0 0 1344.15 282.177 2.69988 7
0 0 156.207 451.882 2.70303 1
2 18 1513.85 632.902 2.70682 5
8 0 818.059 378.343 2.66048 5
32 0 1660.93 10.6476 2.76159 1
32 40 916 268 2.74218 4
34 12 829.373 615.931 2.75029 3
36 18 835.029 610.274 2.81077 3
38 0 164 380 2.72602 6
38 26 840.686 604.617 2.8097 3
10 32 1677.9 491.48 2.69382 1
10 10 840.686 638.558 2.68388 3
40 8 532 436 2.71337 4
40 34 1124 36 2.70427 0
42 34 1496.88 683.813 2.68712 7
44 16 829.373 604.617 2.75072 3
46 34 342.883 593.304 2.67999 3
46 24 835.029 598.96 2.69761 3
12 16 846.343 632.902 2.7515 3
12 30 908 276 2.72763 6
52 26 260 404 2.66047 0
54 8 755.833 361.373 2.72313 1
58 22 268 404 2.67428 0
16 30 1491.22 632.902 2.65797 5
18 14 840.686 627.245 2.75599 3
20 22 846.343 621.588 2.7435 3
22 30 852 615.931 2.74409 3
6 28 1660.93 44.5887 2.71014 1
26 8 331.569 536.735 2.68103 1
28 0 1655.27 16.3044 2.74925 1
28 12 835.029 621.588 2.76147 3
28 20 840.686 615.931 2.80217 3
30 28 846.343 610.274 2.80964 3
