0 42 1508 300 2.73688 4
0 6 26.0992 729.068 2.65561 3
0 26 1068 220 2.68863 0
0 30 1338.49 287.834 2.75653 7
2 0 20 732 2.66981 4
8 24 1076 220 2.68124 0
8 26 260 404 2.71058 4
32 38 884 284 2.71776 4
34 6 916 276 2.61831 0
36 34 1540 572 2.64546 2
36 10 1044.33 310.461 2.70717 5
36 18 1038.68 304.804 2.70279 5
10 20 1532 564 2.6561 6
12 34 1044.33 276.52 2.71916 5
14 18 252 412 2.68437 4
20 34 1038.68 282.177 2.69182 5
20 26 1044.33 287.833 2.71898 5
22 2 908 268 2.64479 0
6 10 28 724 2.64964 2
26 12 1434.66 33.275 2.64649 3
28 18 1044.33 299.147 2.70677 5
28 26 1038.68 293.49 2.69081 5
30 34 1672.24 485.823 2.64186 7
30 6 1423.34 33.275 2.66076 3
