0 0 308.942 548.049 2.77494 1
0 16 916 268 2.7648 6
0 24 908 268 2.76365 6
2 14 924 268 2.69487 6
8 32 1660.93 44.5887 2.7182 1
8 16 916 276 2.71495 6
8 24 1655.27 38.9319 2.71591 1
32 42 914.225 270.863 2.73306 3
32 24 1100 748 2.68304 4
34 0 212 596 2.69826 0
34 0 1404 11.9999 2.77243 4
34 34 908.569 276.52 2.73984 3
38 0 1542.14 570.676 2.72551 7
38 26 1684 492 2.67922 6
10 30 331.569 502.794 2.69506 7
40 36 902.912 270.863 2.75683 3
40 26 891.598 282.177 2.73975 3
14 0 1655.27 16.3044 2.74001 1
16 24 1660.93 33.275 2.66805 1
22 0 1380 11.9999 2.77669 4
22 8 1428 3.99994 2.66928 4
22 18 1108 756 2.65351 4
22 26 1108 748 2.66557 4
26 0 325.913 531.078 2.77649 1
30 36 1236 636 2.60289 6
30 16 1100 756 2.68011 4
