0 56 43.0699 734.725 2.64739 1
0 18 897.255 276.52 2.70218 7
2 32 670.981 763.009 2.67183 1
2 18 1612 548 2.70017 6
32 8 668 524 2.62528 4
32 42 348 68.0001 2.77802 4
34 12 324 540 2.6345 2
34 18 340 92.0001 2.63521 4
36 0 36 740 2.64515 2
36 26 340 84.0001 2.76717 4
38 34 340 76.0001 2.75465 4
38 56 670.981 763.009 2.70909 7
10 38 740 372 2.65147 6
10 10 908.569 276.52 2.70512 7
10 56 26.0993 729.068 2.64973 1
40 40 340 68.0001 2.75889 4
40 18 552.187 440.569 2.62229 5
42 18 1220 668 2.64051 0
44 14 1220 660 2.64082 0
46 0 20 732 2.65533 4
46 32 332 76.0001 2.70972 4
46 46 682.294 763.009 2.69014 7
46 50 54.3835 463.196 2.6228 1
12 22 364 92.0001 2.7472 4
12 30 364 84.0001 2.72533 4
48 46 940 292 2.64076 0
54 0 44 732 2.65894 6
54 10 20 724 2.62303 4
54 30 670.981 763.009 2.646 5
14 0 1692 508 2.71972 0
14 0 1626.99 553.706 2.72618 7
14 48 77.011 497.137 2.64764 7
4 8 1668 492 2.66987 2
16 46 260 404 2.64007 2
18 0 1632.65 559.363 2.69077 7
18 12 356 100 2.74785 4
20 20 356 92.0001 2.71118 4
22 36 356 76.0001 2.79775 4
22 56 77.011 508.451 2.65738 7
22 28 356 84.0001 2.71019 4
24 44 356 68.0001 2.76105 4
26 12 348 100 2.73671 4
26 20 348 92.0001 2.7362 4
28 26 348 84.0001 2.76663 4
30 34 348 76.0001 2.77603 4
