0 0 43.0699 723.411 2.71423 7
0 46 54.3836 361.372 2.67496 7
8 58 852 446.225 2.67627 3
8 58 868 284 2.66078 2
8 58 914.226 270.863 2.66976 5
8 58 1055.65 61.5593 2.62285 1
32 28 1268 476 2.86616 0
34 12 1268 460 2.77697 0
34 4 1404 260 2.60071 4
34 20 1268 468 2.83738 0
36 44 1276 492 2.85668 0
38 38 1276 484 2.86825 0
38 54 1276 500 2.8388 0
10 22 908.569 276.52 2.69326 7
40 2 12 756 2.60811 2
40 64 884 284 2.66279 4
40 30 1276 476 2.84719 0
42 2 1396 260 2.55746 4
42 12 1276 460 2.65655 0
42 14 1677.9 491.48 2.64319 5
42 58 884 292 2.63517 4
42 64 1423.34 10.6477 2.64671 7
42 22 1276 468 2.77893 0
44 46 1284 492 2.71341 0
46 38 1284 484 2.67253 0
12 10 54.3836 734.725 2.65839 7
12 40 1252 492 2.86487 0
12 48 1252 500 2.85822 0
48 64 876 284 2.65897 4
48 18 472.991 531.078 2.64115 7
48 24 670.981 763.009 2.6371 5
14 0 919.882 253.892 2.61327 1
14 32 1252 484 2.8793 0
14 64 852 434.912 2.68648 3
14 64 876 276 2.67646 2
4 20 902.912 270.863 2.69633 7
4 28 897.255 276.52 2.71896 7
16 24 1252 476 2.85013 0
18 10 60.0404 740.382 2.62931 7
18 18 1252 468 2.86236 0
20 42 1260 492 2.84472 0
20 12 1252 460 2.84407 0
20 50 1260 500 2.86224 0
20 56 1260 508 2.66759 0
22 0 925.539 248.235 2.61558 1
22 34 1260 484 2.86897 0
22 38 260 404 2.63868 2
6 14 37.413 740.382 2.68696 7
6 56 755.834 361.373 2.62243 5
24 26 1260 476 2.87299 0
26 58 1268 508 2.70001 0
26 18 1260 468 2.84965 0
28 12 1260 460 2.81826 0
28 52 1268 500 2.83467 0
30 36 1268 484 2.86026 0
30 44 1268 492 2.87414 0
