0 0 1564 83.9999 2.69309 4
0 0 71.3541 502.794 2.69472 1
0 8 1236 644 2.68258 2
0 34 1429 423.598 2.71662 1
0 42 1434.66 429.255 2.70911 1
0 46 892 276 2.70091 6
0 46 1559.11 89.8436 2.67562 3
0 30 1700 164 2.55691 0
8 0 884 284 2.6701 0
8 16 314.599 338.745 2.71723 3
32 16 342.883 593.304 2.68898 1
32 22 331.569 502.794 2.72757 3
38 32 444.707 570.676 2.65442 7
38 32 337.226 485.823 2.65967 3
38 42 750.177 615.931 2.59376 5
38 42 365.511 604.617 2.59006 1
38 26 331.569 491.48 2.6834 3
38 30 908 308 2.66115 6
10 8 308.942 344.402 2.71587 3
10 32 320.256 321.775 2.70301 3
10 56 876 292 2.64596 6
12 24 314.599 327.432 2.71126 3
4 22 320.256 333.088 2.72237 3
16 10 303.285 338.745 2.72058 3
16 40 444 564 2.67738 6
16 42 320.256 310.461 2.73252 3
18 36 314.599 316.118 2.72114 3
18 42 28 532 2.62434 4
18 42 1092 388 2.6222 0
18 54 1516 140 2.51239 6
20 0 1524 556 2.6124 0
20 28 308.942 321.775 2.73291 3
22 20 303.285 327.432 2.68516 3
6 50 1677.9 491.48 2.65985 1
26 2 180 372 2.59667 6
26 36 308.942 310.461 2.73292 3
28 30 303.285 316.118 2.70356 3
30 46 308.942 299.147 2.67284 3
