0 0 20 732 2.66661 4
0 34 916 268 2.70717 6
0 10 26.0992 729.068 2.65994 3
0 42 1116 43.9999 2.69626 2
0 42 767.147 632.902 2.65559 1
0 24 268 404 2.69403 4
2 48 1684 508 2.63824 6
8 18 260 412 2.65702 4
8 18 1532 564 2.63666 6
8 22 324 540 2.6639 0
8 6 28 724 2.64336 2
32 12 724 11.9999 2.8541 2
32 20 732 11.9999 2.8556 2
32 28 740 11.9999 2.8575 2
36 0 676 764 2.64515 4
38 36 748 3.99994 2.79972 2
38 44 756 3.99994 2.76163 2
38 52 764 3.99994 2.80523 2
40 12 724 3.99994 2.84235 2
40 18 732 3.99994 2.78053 2
14 42 756 27.9999 2.82596 2
16 52 1684 492 2.65367 0
16 52 755.834 361.373 2.6438 5
16 22 732 27.9999 2.6434 2
16 26 740 27.9999 2.81652 2
22 36 748 19.9999 2.82418 2
22 42 756 19.9999 2.82901 2
22 50 764 19.9999 2.74689 2
6 40 1615.68 553.706 2.68484 5
6 18 1524 348 2.66926 0
6 22 260 404 2.69357 4
6 22 1524 564 2.67343 6
24 18 732 19.9999 2.84647 2
24 28 740 19.9999 2.83925 2
26 0 1692 508 2.64273 0
26 12 724 19.9999 2.74496 2
30 36 748 11.9999 2.8372 2
30 44 756 11.9999 2.84537 2
30 52 764 11.9999 2.84131 2
