0 0 1068 412 2.81169 2
0 8 1076 412 2.78526 2
0 34 916 268 2.75231 6
0 10 140 316 2.74302 0
0 16 412 620 2.70699 6
0 30 439.05 576.333 2.72002 3
0 30 1632.65 559.363 2.67648 5
8 0 148 308 2.74655 0
8 0 1068 404 2.78848 2
8 0 852 446.225 2.70131 5
8 34 916 276 2.68585 6
8 10 668 756 2.71972 2
8 22 1092 404 2.66194 2
14 42 150.55 491.48 2.70016 5
22 8 1677.9 491.48 2.67364 5
22 46 172 396 2.70831 4
22 18 1124 36 2.70186 6
22 30 932 268 2.67392 2
6 10 908.569 276.52 2.74746 7
6 16 1666.59 16.3046 2.69597 7
24 26 924 268 2.69167 2
26 14 1116 44 2.71521 6
26 18 433.393 593.304 2.73391 7
26 6 892 276 2.72398 2
