0 0 60.0404 446.225 2.76316 1
0 0 908.569 265.206 2.78194 7
0 2 876 284 2.77274 4
0 40 196 596 2.68804 6
2 8 897.255 276.52 2.768 7
2 18 891.598 282.177 2.75617 7
8 2 71.3541 355.716 2.71928 7
32 10 460 244 2.83603 2
32 44 492 236 2.82501 2
32 56 1476 620 2.65254 4
34 0 1404 11.9999 2.73923 4
34 36 484 236 2.84277 2
36 28 476 236 2.86127 2
38 20 468 236 2.84657 2
10 32 484 260 2.79084 2
40 46 492 228 2.82242 2
40 12 460 236 2.84611 2
42 36 484 228 2.82497 2
44 28 476 228 2.8335 2
46 22 468 228 2.8525 2
12 22 476 260 2.82341 2
48 14 460 228 2.82116 2
50 0 1660.93 10.6476 2.74032 1
54 40 914.225 270.863 2.76555 3
54 16 460 220 2.77481 2
54 24 468 220 2.75971 2
14 14 468 260 2.82846 2
14 24 1212 356 2.65979 6
56 28 532 676 2.7 2
58 26 148 316 2.74666 4
62 8 884 284 2.71563 2
16 8 460 260 2.74986 2
18 32 484 252 2.82096 2
18 48 1095.24 44.5887 2.67461 1
20 24 476 252 2.83898 2
22 16 468 252 2.83175 2
24 8 460 252 2.76046 2
24 42 492 244 2.83558 2
26 0 1388 11.9999 2.74489 4
26 34 484 244 2.81624 2
26 56 1692 500 2.69951 0
28 26 476 244 2.83407 2
30 18 468 244 2.84445 2
