0 102 44 732 3.22821 2
2 34 450.363 565.019 3.35951 3
8 50 456.02 548.049 3.31205 3
32 0 337.226 485.823 3.29416 1
32 88 12 84 3.51843 6
32 96 518.246 372.686 3.28205 5
34 56 44 76 3.53218 6
34 80 20 84 3.55406 6
34 30 68 68 3.57712 6
36 48 52 76 3.54898 6
36 72 28 84 3.55663 6
36 22 76 68 3.57412 6
38 40 60 76 3.55746 6
38 14 84 68 3.57768 6
38 66 36 84 3.53043 6
10 0 196 388 3.33528 0
10 50 348.54 598.96 3.28506 5
10 62 1364 11.9999 3.26666 2
10 22 68 44 3.46074 6
10 24 65.6974 44.5886 3.33356 7
40 32 68 76 3.57533 6
40 10 92 68 3.5371 6
40 84 20 92 3.53373 6
42 50 52 84 3.55533 6
42 58 44 84 3.52935 6
44 74 28 92 3.56061 6
44 24 76 76 3.56973 6
46 42 60 84 3.57544 6
46 16 84 76 3.57594 6
46 68 36 92 3.57599 6
46 94 12 100 3.53048 6
46 96 4 100 3.30023 6
12 14 76 44 3.45052 6
48 36 68 84 3.56665 6
48 10 92 76 3.56652 6
48 86 20 100 3.52785 6
50 52 52 92 3.54428 6
50 60 44 92 3.52665 6
50 4 100 76 3.31911 6
50 28 76 84 3.59567 6
52 78 28 100 3.58394 6
54 44 60 92 3.51431 6
54 70 36 100 3.57286 6
54 20 84 84 3.56031 6
54 90 14.7857 118.128 3.27399 7
54 96 12 108 3.4791 6
14 0 433.393 593.304 3.33635 5
14 34 60 52 3.51502 6
14 42 52 52 3.43749 6
56 36 68 92 3.57873 6
56 12 92 84 3.5548 6
56 88 20 108 3.54092 6
58 56 52 100 3.57207 6
58 30 76 92 3.57938 6
60 72 36 108 3.54287 6
60 80 28 108 3.56392 6
60 22 84 92 3.57396 6
62 48 60 100 3.56745 6
62 6 1684 492 3.28596 4
62 102 670.981 763.009 3.3322 7
16 84 316 556 3.21359 0
64 10 420 628 3.26209 0
64 40 68 100 3.57054 6
64 14 92 92 3.54714 6
64 64 44 108 3.56352 6
64 90 20 116 3.54173 6
66 0 1684 500 3.24422 4
66 32 76 100 3.57593 6
66 58 52 108 3.59422 6
66 82 28 116 3.55227 6
66 96 682.294 763.009 3.30047 7
68 50 60 108 3.58039 6
68 74 36 116 3.55195 6
68 24 84 100 3.57282 6
68 98 1434.66 587.647 3.30093 3
70 18 92 100 3.48384 6
18 0 1404 11.9999 3.38325 4
18 50 44 60 3.57734 6
18 58 36 60 3.43774 6
18 26 68 52 3.53627 6
72 68 44 116 3.57611 6
72 96 365.511 400.97 3.20227 7
74 34 76 108 3.57055 6
74 60 52 116 3.60643 6
74 84 28 124 3.52837 6
76 52 60 116 3.58342 6
76 76 36 124 3.53104 6
76 28 84 108 3.56093 6
78 44 68 116 3.56389 6
78 14 1676 492 3.28179 4
78 14 863.314 468.853 3.19223 7
78 20 92 108 3.30928 6
20 44 52 60 3.5651 6
20 68 28 68 3.48756 6
20 18 76 52 3.55878 6
20 76 20 68 3.41197 6
20 88 840.686 242.579 3.22232 3
80 70 44 124 3.59511 6
80 86 1236.67 378.343 3.2335 3
82 38 76 116 3.56396 6
82 14 1668 492 3.23694 4
82 62 52 124 3.59018 6
82 18 190.148 395.314 3.22807 1
82 88 857.657 406.627 3.17541 1
82 24 1668 484 3.22383 4
82 26 88.3248 112.471 3.25964 7
82 30 84 116 3.57258 6
84 54 60 124 3.58805 6
86 32 82.6679 118.128 3.32081 7
86 46 68 124 3.56741 6
22 0 1542.14 570.676 3.34602 7
22 36 60 60 3.55221 6
22 10 84 52 3.57388 6
22 98 65.6973 451.882 3.2413 7
90 38 76 124 3.53698 6
90 56 60 132 3.48205 6
90 64 52 132 3.35101 6
90 72 44 4 3.31734 2
94 0 20 732 3.24724 4
94 10 28 724 3.2238 4
94 50 68 132 3.53215 6
6 18 71.3542 38.9318 3.30894 7
6 6 269.344 395.314 3.31845 5
24 0 1547.79 576.333 3.34008 7
24 60 36 68 3.48756 6
24 86 12 76 3.48469 6
96 32 500 356 3.24034 6
96 42 76 132 3.50083 6
96 64 682.294 593.304 3.26439 5
96 26 1220 660 3.17973 0
26 52 44 68 3.55826 6
26 78 20 76 3.55041 6
26 96 523.903 367.029 3.29197 5
26 26 68 60 3.5603 6
104 52 748 652 3.24059 6
104 58 682.294 604.617 3.25041 5
104 94 43.0699 734.725 3.14562 7
28 46 52 68 3.54199 6
28 20 76 60 3.571 6
30 38 60 68 3.55817 6
30 12 84 60 3.56102 6
