2 0 1684 508 2.7853 0
2 8 314.599 553.706 2.71959 1
8 2 269.344 395.314 2.71071 5
8 32 874.627 276.52 2.64474 3
32 2 897.255 276.52 2.71823 1
36 14 468 140 2.8166 2
36 22 476 140 2.80677 2
38 40 892 284 2.73585 4
38 44 860 460 2.64647 2
38 30 484 140 2.81645 2
10 0 1692 508 2.77537 0
42 46 892 276 2.73806 4
44 40 342.883 593.304 2.71264 3
44 22 476 132 2.79698 2
46 30 484 132 2.79643 2
12 16 468 164 2.8182 2
12 30 908 276 2.74856 6
48 10 914.225 270.863 2.72656 1
50 38 884 284 2.74243 4
50 10 1219.7 666.843 2.63415 7
14 10 460 164 2.70088 2
56 16 556 444 2.60102 4
4 24 916 268 2.74385 6
20 16 468 156 2.82585 2
20 24 476 156 2.80182 2
22 32 484 156 2.80147 2
6 46 26.0993 729.068 2.67321 1
28 14 468 148 2.81083 2
28 22 476 148 2.80662 2
30 38 492 148 2.79623 2
30 30 484 148 2.80283 2
