0 38 916 268 2.76608 6
0 22 1700 308 2.67865 0
0 26 1388 11.9999 2.74371 2
8 8 1677.9 491.48 2.72094 3
32 10 460 332 2.83355 6
32 20 452 332 2.82045 6
34 26 444 332 2.72565 6
10 36 436 308 2.80284 6
10 22 452 308 2.71034 6
10 28 444 308 2.80282 6
40 0 71.3541 457.539 2.65982 3
40 32 884 284 2.68436 4
40 10 460 340 2.81005 6
40 18 452 340 2.80502 6
42 0 1655.27 16.3044 2.72605 1
48 18 452 348 2.69384 6
50 0 65.6973 451.882 2.75187 3
50 8 868 276 2.65197 6
50 34 44 732 2.66425 4
50 22 1502.54 632.902 2.63897 3
54 2 1068 220 2.69282 2
56 8 1076 220 2.66764 2
16 14 460 316 2.75466 6
16 20 452 316 2.79696 6
18 0 1666.59 491.48 2.72119 3
18 36 436 316 2.81238 6
18 28 444 316 2.792 6
24 0 892 308 2.63433 4
24 34 436 324 2.68086 6
24 12 460 324 2.83631 6
24 20 452 324 2.81679 6
26 28 444 324 2.75827 6
