0 0 26.0993 740.382 2.59331 7
0 46 77.011 497.137 2.62657 7
0 30 476 500 2.66411 4
8 40 1076 356 2.67136 0
8 18 914.225 270.863 2.70326 7
34 14 241.06 434.911 2.69462 7
10 50 1076 364 2.74684 0
10 54 77.011 508.451 2.64692 7
14 32 1084 348 2.8318 0
14 56 1084 372 2.70144 0
14 24 1084 340 2.80756 0
16 40 1084 356 2.8373 0
16 48 1084 364 2.8455 0
18 0 1692 508 2.66917 0
22 32 1092 348 2.8399 0
22 16 1092 332 2.79123 0
22 24 1092 340 2.84341 0
6 24 1684 492 2.71885 2
24 40 1092 356 2.83824 0
24 48 1092 364 2.81264 0
24 56 1092 372 2.74422 0
24 26 452 380 2.69221 6
26 18 460 380 2.68695 6
28 2 884 284 2.67287 2
28 8 892 284 2.68444 2
28 32 1100 348 2.6865 0
28 50 556 684 2.67713 2
30 14 235.403 429.255 2.69281 7
