0 10 884 268 2.64678 4
0 16 201.462 214.294 2.58775 1
8 10 324 564 2.6624 2
8 10 876 268 2.64502 4
32 2 876 284 2.70542 2
32 10 524 364 2.68505 2
32 26 422.079 480.167 2.59427 3
10 2 235.403 372.686 2.65309 1
10 36 54.3836 463.196 2.61363 3
10 38 1078.27 412.284 2.62776 1
10 10 241.06 378.343 2.63115 1
10 16 1151.81 191.667 2.59183 3
14 0 1692 508 2.72679 0
14 2 316 556 2.67763 2
14 34 348 556 2.63949 2
14 38 1540 572 2.62943 4
18 38 908 292 2.61631 2
18 38 1083.93 406.627 2.62376 1
22 6 884 292 2.68274 2
24 0 876 292 2.71125 2
26 14 772.804 627.245 2.61993 5
26 16 1116 36 2.67065 6
26 18 844 436 2.61343 0
26 18 84 508 2.5932 4
30 8 884 284 2.73325 2
