0 2 876 284 2.75008 4
0 8 65.6973 451.882 2.72579 1
0 40 14.7856 729.068 2.63624 1
0 48 28 732 2.64646 0
0 48 43.0699 734.725 2.65606 1
0 14 1084 412 2.69953 2
0 26 670.981 763.009 2.65165 1
0 28 1508.2 310.461 2.72548 3
2 10 460 532 2.75331 4
8 10 452 532 2.72301 4
32 0 1508 508 2.70255 2
32 40 173.177 536.735 2.68288 7
34 38 275.001 729.068 2.6396 1
34 10 1516 508 2.92472 2
34 18 1524 508 2.9232 2
36 34 1540 508 2.91033 2
36 26 1532 508 2.87773 2
38 42 286.315 729.068 2.67565 1
10 0 1214.04 208.638 2.71679 1
10 12 1516 532 2.92116 2
10 48 26.0993 729.068 2.66452 1
10 20 1524 532 2.91696 2
42 2 1508 500 2.65769 2
42 8 1516 500 2.90707 2
42 16 1524 500 2.91834 2
44 32 1540 500 2.91622 2
44 42 1548 500 2.885 2
44 24 1532 500 2.90382 2
46 44 1692 764 2.62867 0
12 34 1061.3 576.333 2.54715 1
12 26 1532 532 2.87478 2
48 0 1508 492 2.73914 2
50 8 1516 492 2.91811 2
50 16 1524 492 2.92541 2
50 24 1532 492 2.89799 2
52 32 1540 492 2.91868 2
52 40 1548 492 2.90516 2
54 44 1700 764 2.66393 0
14 26 1612 476 2.6537 6
18 2 1508 524 2.70353 2
18 10 1516 524 2.9232 2
18 20 1524 524 2.92658 2
20 34 1540 524 2.83229 2
20 26 1532 524 2.8792 2
22 10 1628 484 2.72292 6
22 42 1300 540 2.54456 6
26 10 1516 516 2.91665 2
26 48 919.882 333.088 2.57946 1
26 18 1524 516 2.92215 2
28 34 1540 516 2.91584 2
28 26 1532 516 2.89637 2
