0 0 44 732 2.71209 4
0 50 812.402 361.373 2.66189 5
2 42 818.059 367.029 2.66914 5
8 36 818.059 378.343 2.67553 5
32 50 1524 348 2.60778 4
32 26 868.971 700.784 2.78832 5
34 40 846.343 689.47 2.68636 5
34 18 874.628 706.441 2.70885 5
34 18 512.589 344.402 2.66263 7
38 34 857.657 700.784 2.78425 5
40 26 863.314 706.441 2.78991 5
42 10 874.628 717.754 2.74552 5
42 20 868.971 712.098 2.73641 5
46 0 1536.48 338.745 2.63065 1
46 42 1666.59 491.48 2.59682 7
46 44 52 732 2.61184 4
12 46 863.314 672.5 2.78153 5
48 20 863.314 717.754 2.7508 5
48 28 857.657 712.098 2.75516 5
50 8 48.7267 446.225 2.63306 7
50 14 868.971 723.411 2.6895 5
50 18 43.0699 451.882 2.62812 7
54 34 44 740 2.64093 4
54 10 1540 572 2.61721 0
14 0 20 732 2.70744 4
56 32 1677.9 491.48 2.61043 7
56 10 892 252 2.6428 6
56 10 77.011 497.137 2.62562 3
56 10 54.3835 451.882 2.6405 7
56 22 857.657 723.411 2.62767 5
62 34 36 740 2.69617 4
16 22 897.255 276.52 2.60119 7
20 48 857.657 678.156 2.78679 5
22 0 12 732 2.64452 4
22 32 868.971 689.47 2.73021 5
22 40 863.314 683.813 2.78036 5
24 18 1485.57 299.147 2.6182 7
26 14 428 596 2.62127 4
30 8 77.011 474.51 2.62534 1
30 34 863.314 695.127 2.77448 5
30 40 857.657 689.47 2.72778 5
30 52 884 284 2.65213 4
30 30 1412 4 2.64944 6
