0 0 52 4.00002 2.63476 6
0 16 44 740 2.6083 6
0 24 1327.18 570.676 2.59021 5
0 26 36 740 2.60231 6
8 10 1666.59 468.853 2.71536 5
32 4 1649.62 485.823 2.75461 5
36 12 1643.96 480.167 2.78725 5
36 18 1638.3 474.51 2.76048 5
38 8 460 548 2.74933 6
10 14 1395.06 638.558 2.63741 1
40 26 1632.65 468.853 2.72933 5
46 12 1638.3 485.823 2.75753 5
46 18 1632.65 480.167 2.74617 5
12 18 1660.93 463.196 2.63511 5
48 14 1293.23 16.3046 2.72647 5
50 30 1076 404 2.67597 6
54 0 476 556 2.74769 6
54 0 1214.04 38.9319 2.72755 5
54 36 1508 316 2.72452 0
54 22 1621.33 480.167 2.69189 5
14 0 1666.59 480.167 2.75002 5
16 8 1660.93 474.51 2.73877 5
16 30 1676 492 2.64644 0
18 0 700 764 2.62626 0
18 16 1655.27 468.853 2.71867 5
18 28 1225.35 627.245 2.61934 7
22 24 1649.62 463.196 2.68569 5
24 6 1655.27 480.167 2.75769 5
26 14 1649.62 474.51 2.73201 5
30 22 1643.96 468.853 2.70265 5
30 30 1632.65 310.461 2.6669 5
