0 0 1692 156 2.68896 2
0 38 43.0699 734.725 2.65689 1
32 18 484.304 361.373 2.68774 1
32 22 588 732 2.68239 0
32 26 476 508 2.71614 2
34 26 292 660 2.71329 0
36 8 1440.31 593.304 2.69001 1
38 2 1434.66 587.647 2.70176 1
10 38 26.0993 729.068 2.66205 1
10 18 1076 228 2.71488 6
10 20 460 540 2.73688 2
44 0 876 284 2.71491 2
14 0 1638.3 304.804 2.55022 1
14 18 564 724 2.73712 0
14 22 840.686 344.402 2.72724 1
14 24 342.883 570.676 2.70696 1
16 18 835.029 338.745 2.71987 1
16 20 468 516 2.72249 2
20 18 1076 236 2.7066 6
22 22 1072.62 225.608 2.71078 5
6 18 331.569 570.676 2.72406 1
6 18 260 412 2.68572 2
24 38 468 540 2.70439 2
24 18 427.736 587.647 2.69984 1
24 24 433.393 593.304 2.71913 1
26 38 468 724 2.70614 0
28 0 1655.27 16.3044 2.63249 1
