0 70 133.58 587.647 3.30762 1
0 74 139.236 593.304 3.27626 1
0 30 20 732 3.25839 2
2 82 1553.45 434.912 3.4134 5
8 30 28 724 3.24614 2
32 32 892 236 3.57022 6
32 14 852 367.029 3.34209 7
32 56 868 244 3.57723 6
32 80 844 252 3.54434 6
32 106 820 260 3.55106 6
34 46 884 236 3.59621 6
34 74 852 252 3.54504 6
34 24 900 236 3.55162 6
34 120 806.745 265.206 3.26138 7
36 14 908 236 3.52666 6
36 100 828 260 3.51158 6
38 66 860 252 3.53932 6
38 24 1508.2 457.539 3.34535 5
38 116 812 268 3.46434 6
10 58 1684 492 3.25541 2
40 54 876 244 3.59248 6
40 58 868 252 3.58295 6
40 84 844 260 3.54208 6
40 110 820 268 3.53042 6
42 76 852 260 3.51703 6
42 94 836 260 3.57147 6
42 26 900 244 3.53888 6
44 44 884 252 3.58904 6
44 102 828 268 3.57382 6
46 34 892 252 3.59611 6
46 10 916 244 3.5232 6
46 18 908 244 3.57354 6
46 120 812 276 3.45153 6
48 62 868 260 3.61905 6
48 26 900 252 3.60214 6
48 112 820 276 3.54475 6
50 14 916 252 3.42235 6
50 16 1502.54 474.51 3.24023 5
50 70 860 268 3.59616 6
50 78 852 268 3.55122 6
50 94 836 276 3.56433 6
50 104 828 276 3.56582 6
52 20 908 252 3.60518 6
54 48 884 260 3.61767 6
54 126 1677.9 491.48 3.25407 7
14 68 796 652 3.27669 4
14 70 852 228 3.51852 6
14 82 836 236 3.49164 6
14 94 1542.14 434.912 3.40789 5
14 102 1536.48 429.255 3.4009 5
56 114 820 284 3.57204 6
56 124 516 372 3.21367 4
58 32 900 260 3.6704 6
58 56 876 268 3.59872 6
58 106 828 284 3.56746 6
60 82 852 276 3.56245 6
60 22 908 260 3.61763 6
60 98 836 284 3.56753 6
62 40 892 268 3.669 6
62 66 868 276 3.55819 6
62 90 844 284 3.57248 6
64 32 900 268 3.64461 6
64 14 1468.6 485.823 3.21254 5
64 112 628 532 3.23954 4
64 118 682.294 763.009 3.1975 7
66 78 860 276 3.59236 6
66 84 852 284 3.55265 6
66 106 740 652 3.30213 4
68 52 884 276 3.6364 6
68 62 876 276 3.64879 6
68 102 836 292 3.60675 6
68 26 908 268 3.52172 6
68 108 828 292 3.57913 6
70 0 20.4426 734.725 3.14003 5
70 42 892 276 3.60556 6
70 68 868 284 3.56112 6
70 94 844 292 3.57562 6
70 24 76 476 3.20244 0
18 52 868 228 3.53706 6
18 54 1564.76 468.853 3.29716 5
18 112 552.187 678.156 3.23466 5
72 38 900 276 3.61576 6
72 86 852 292 3.57001 6
74 66 868 292 3.55208 6
74 88 173.178 695.127 3.33133 5
74 106 828 300 3.30179 6
74 114 1676 132 3.09125 4
74 30 908 276 3.47712 6
76 78 860 292 3.53331 6
76 98 844 300 3.28277 6
78 50 892 284 3.64791 6
20 70 852 236 3.52041 6
20 94 828 244 3.5097 6
80 38 900 284 3.60663 6
80 86 404 612 3.21452 6
80 26 1564.76 106.814 3.20834 3
82 46 892 292 3.46353 6
82 56 884 292 3.55682 6
82 58 84 508 3.20381 0
82 64 876 292 3.49383 6
82 74 860 300 3.27706 6
82 82 207.119 491.48 3.12387 1
82 82 303.285 406.627 3.19986 5
82 22 1559.11 112.471 3.13853 3
86 50 892 300 3.29096 6
22 46 876 228 3.50334 6
22 62 860 236 3.59255 6
22 82 844 236 3.54881 6
88 34 1564.76 95.5005 3.23827 3
88 38 900 300 3.44606 6
88 86 161.864 615.931 3.13022 5
6 38 36 724 3.21267 2
24 88 836 244 3.55742 6
26 56 868 236 3.56807 6
26 80 844 244 3.56801 6
26 22 900 228 3.49582 6
26 96 828 252 3.52464 6
26 104 820 252 3.40461 6
26 104 818.059 253.892 3.31424 7
26 30 892 228 3.46767 6
28 72 852 244 3.57082 6
30 14 908 228 3.45977 6
30 64 860 244 3.57786 6
30 114 812 260 3.45623 6
