0 12 36 740 2.63655 0
8 18 1519.51 638.558 2.622 7
34 2 1100 44 2.66263 4
34 34 914.225 270.863 2.68587 3
34 4 932 268 2.66538 0
36 32 348 596 2.67581 2
36 30 36 4 2.65599 2
38 22 1129.19 33.275 2.63164 7
38 24 908.569 276.52 2.66747 3
38 26 1684 492 2.65362 6
10 38 1219.7 621.588 2.66175 7
10 18 1684 132 2.6648 0
42 0 44 4 2.69933 0
42 24 1123.53 38.9319 2.64119 7
46 20 1692 500 2.66794 6
46 22 1134.84 38.9319 2.64383 7
46 24 340 588 2.66586 2
46 24 902.912 270.863 2.67904 3
14 10 1692 124 2.67149 0
16 8 1564.76 615.931 2.68704 3
16 36 1508 636 2.63587 4
16 18 1692 132 2.60105 0
16 24 184.491 72.8729 2.6101 3
18 0 908 268 2.73955 0
18 42 1612 548 2.63624 4
20 8 1440.31 593.304 2.68439 7
22 34 184.491 61.5592 2.62003 3
6 4 44 732 2.61465 0
24 0 916 268 2.7462 0
24 8 916 276 2.66547 0
24 8 1108 36 2.6061 4
24 26 178.834 67.2162 2.5873 3
26 0 1553.45 615.931 2.70102 3
30 0 1451.63 593.304 2.6781 7
