0 0 452 580 2.65879 4
0 0 1610.02 163.383 2.66512 3
0 32 52 732 2.64498 6
0 40 44 732 2.62183 6
0 14 36 380 2.65006 0
8 0 77.011 497.137 2.65207 1
32 34 132 556 2.58677 0
32 12 77.011 485.823 2.58327 3
34 0 26.0994 729.068 2.62997 5
34 32 1151.81 587.647 2.87399 3
34 40 1157.47 581.99 2.87287 3
34 24 1146.16 593.304 2.83168 3
36 26 1287.58 429.255 2.59874 1
38 0 20 732 2.6544 4
10 10 1151.81 621.588 2.6671 3
10 18 1157.47 615.931 2.76718 3
10 26 1163.13 610.274 2.80062 3
10 26 885.941 310.461 2.65831 1
42 8 20 724 2.61959 4
42 32 1146.16 581.99 2.8604 3
42 40 1151.81 576.333 2.86168 3
46 0 28 732 2.65493 4
46 42 676.638 757.352 2.57422 7
46 26 1491.22 293.49 2.60702 1
14 42 436 572 2.6285 2
14 48 1628 484 2.65567 0
16 34 4 532 2.63871 6
16 10 1146.16 615.931 2.73502 3
16 18 1151.81 610.274 2.81385 3
18 34 1163.13 598.96 2.833 3
18 26 1157.47 604.617 2.79482 3
24 16 1146.16 604.617 2.80068 3
26 32 1157.47 593.304 2.84399 3
26 40 1163.13 587.647 2.8479 3
26 24 1151.81 598.96 2.82855 3
