0 0 876 284 1.9501 0
0 10 180 364 1.91505 4
0 10 876 292 1.93481 0
0 10 1500 348 1.90929 6
0 24 258.03 678.156 1.90426 5
8 10 1500 356 1.86233 6
10 0 1508 356 1.91392 6
14 24 1072.62 406.627 1.88415 7
16 24 180 596 1.89007 0
16 24 1513.85 632.902 1.90277 3
18 24 524 364 1.89886 4
20 20 316 556 1.8925 6
22 2 716 572 1.85386 4
22 18 1445.97 259.549 1.88941 5
6 16 1116 84 1.88235 4
24 18 1315.86 615.931 1.88087 3
26 0 31.7561 406.627 1.90377 3
26 24 36 740 1.89578 4
30 0 1474.25 253.892 1.93547 7
30 6 303.285 587.647 1.92156 1
