0 0 43.0699 723.411 2.54394 7
0 38 876 284 2.73752 6
0 26 268 396 2.67287 4
8 34 167.521 451.882 2.65013 7
32 10 625.726 638.558 2.808 5
36 38 1540 564 2.63671 2
36 24 608.755 632.902 2.65964 5
38 0 1660.93 10.6476 2.5961 1
38 18 614.412 638.558 2.79801 5
10 8 31.7562 700.784 2.63113 3
10 14 818.059 378.343 2.6518 5
40 12 620.069 644.215 2.77933 5
14 8 260 404 2.64133 4
14 32 620.069 610.274 2.79312 5
14 24 625.726 615.931 2.81776 5
18 6 1540 580 2.57169 6
20 32 614.412 615.931 2.78395 5
22 16 625.726 627.245 2.78621 5
22 26 620.069 621.588 2.79912 5
6 38 161.864 457.539 2.70798 7
24 10 631.383 632.902 2.79112 5
28 32 608.755 621.588 2.64761 5
28 38 708 564 2.60903 6
30 18 620.069 632.902 2.80151 5
30 26 614.412 627.245 2.79 5
