0 20 892 284 2.75379 0
8 18 900 284 2.71348 0
34 6 884 292 2.71272 2
34 26 196 396 2.76741 4
34 30 433.393 593.304 2.77092 1
36 26 574.814 451.882 2.72359 7
38 10 140 588 2.65831 4
38 24 852 452 2.6986 2
38 26 1519.51 559.362 2.75448 3
10 14 348.54 598.96 2.63067 7
10 6 908 268 2.74604 0
42 0 876 284 2.74952 2
42 0 461.677 395.314 2.71471 5
42 8 884 284 2.7439 2
14 12 908 276 2.77548 0
14 26 212 396 2.69835 4
22 20 420 12.0001 2.69895 4
26 0 916 268 2.77125 0
26 30 452 388 2.71202 0
26 30 427.736 598.96 2.76458 1
28 26 1525.17 565.019 2.7552 3
30 18 412 12.0001 2.71632 4
