0 0 20 732 2.66815 4
0 0 28 732 2.65986 2
0 38 48.7268 4.99078 2.63869 5
0 38 829.373 287.833 2.63275 3
0 10 26.0992 729.068 2.65824 3
0 48 36 740 2.67538 6
0 18 1516 348 2.62247 0
2 38 1700 164 2.59897 0
2 56 20 748 2.64873 6
2 22 105.295 717.754 2.60934 7
8 32 569.157 695.127 2.58209 5
8 18 1532 564 2.6225 6
8 22 1524 356 2.62053 0
32 42 884 260 2.67168 0
32 42 484 724 2.61792 6
32 50 902.912 270.863 2.6016 3
36 34 36 4 2.65743 2
38 8 1677.9 491.48 2.69059 5
38 32 687.951 610.274 2.60224 5
38 12 1440.31 593.304 2.67191 1
38 16 354.197 604.617 2.66621 1
38 6 670.981 763.009 2.7369 5
38 26 644 716 2.62591 2
10 0 14.7856 729.068 2.63024 3
10 34 492 356 2.58875 2
10 50 12 764 2.62947 6
10 14 1524 348 2.6458 0
10 24 110.952 723.411 2.6046 7
42 8 1666.59 491.48 2.69757 5
42 30 892 252 2.67149 0
14 28 818.059 729.068 2.60144 1
16 10 692 620 2.59436 2
16 10 1684 516 2.6385 0
16 46 1491.22 304.804 2.63656 3
18 56 1496.88 299.147 2.6069 3
18 30 884 756 2.58095 2
22 2 1540 572 2.63283 6
22 16 359.854 10.6475 2.57793 7
6 42 829.373 276.52 2.61749 3
24 0 1692 508 2.66227 0
24 56 1491.22 293.49 2.67119 3
26 48 1485.57 299.147 2.66889 3
26 28 884 748 2.56852 2
28 50 44 4 2.64549 2
30 34 884 252 2.62499 0
30 42 460 540 2.66289 0
30 46 1236 644 2.63416 6
