0 0 43.0699 723.411 2.61458 7
8 10 1061.3 89.8436 2.54315 3
8 42 1668 156 2.61349 0
32 18 1148 52 2.68904 6
32 26 1132 52 2.66162 6
34 16 885.941 265.206 2.6912 7
10 34 44 452 2.58663 2
14 0 1692 116 2.58564 0
14 30 1676 148 2.62171 0
16 14 1157.47 548.049 2.62092 1
18 40 1332 380 2.59654 0
22 0 1596 156 2.65243 2
22 34 263.687 751.696 2.59205 3
22 6 1530.82 95.5005 2.65576 5
6 46 1324 164 2.55513 2
6 14 133.58 587.647 2.60073 1
6 16 1372 164 2.57657 6
6 30 1668 148 2.63593 0
24 10 1380 252 2.60502 0
26 14 1604 156 2.65727 6
26 16 1457.28 55.9025 2.65428 5
26 18 1163.13 542.392 2.65881 1
28 40 308 396 2.62023 0
30 2 1092 76 2.68324 6
30 32 1666.59 84.1868 2.63824 5
30 14 880.284 259.549 2.67509 7
30 26 1440.31 50.2457 2.64083 5
