0 32 852 436 2.71493 4
0 36 908 268 2.70402 6
0 14 884 268 2.64091 4
0 20 1338.49 287.834 2.66352 7
2 30 868.971 282.177 2.71421 3
8 40 844 428 2.69094 4
8 40 331.569 502.794 2.67505 7
8 46 4 764 2.646 6
32 0 1532 556 2.63531 0
32 38 1476 364 2.68831 2
32 56 1666.59 491.48 2.68119 7
32 6 122.266 485.823 2.62374 1
34 8 1524 348 2.67648 2
38 50 884 284 2.67323 4
38 30 1468 356 2.73992 2
10 48 316 556 2.64532 0
10 56 1540 564 2.57117 4
10 6 20.4424 700.784 2.63298 3
40 48 1677.9 491.48 2.65045 7
42 38 1476 356 2.71671 2
42 16 44 740 2.59199 2
44 8 44 732 2.614 2
12 22 1452 380 2.7345 2
12 24 857.657 282.177 2.63763 3
50 24 532 356 2.60854 2
50 24 1020 84 2.60566 6
14 48 1310.21 248.235 2.65052 3
14 50 1083.93 406.627 2.6269 1
14 30 1460 380 2.7031 2
4 12 31.7562 700.784 2.63573 3
16 0 428 668 2.62959 4
16 38 1468 380 2.73622 2
18 44 1476 380 2.75202 2
18 56 324 564 2.64275 0
18 18 1452 372 2.67848 2
20 26 1460 372 2.67214 2
6 46 880.284 270.863 2.6358 3
6 30 844 436 2.70656 4
24 8 1542.14 446.225 2.64863 5
24 34 1468 372 2.77836 2
26 0 1084 380 2.68794 0
26 2 201.462 598.96 2.70338 1
26 8 1084 388 2.6696 0
26 42 1476 372 2.75398 2
26 6 436 572 2.69671 6
28 56 670.981 763.009 2.66887 7
30 24 1460 364 2.70324 2
