0 48 60.0404 446.225 2.73468 7
0 30 1089.59 72.873 2.68911 3
2 8 127.923 581.99 2.66251 1
2 10 744.52 361.373 2.69862 7
2 42 65.6973 440.568 2.6908 7
2 18 897.255 276.52 2.72983 7
2 6 902.912 270.863 2.72184 7
8 42 71.3541 446.225 2.66828 7
8 24 902.912 282.177 2.68446 7
32 14 436 252 2.76448 6
32 22 428 252 2.77781 6
34 0 1660.93 10.6476 2.72665 1
34 38 412 260 2.78986 6
38 0 532 444 2.7096 4
38 48 60 356 2.67873 4
40 0 1076 412 2.66255 4
40 16 436 260 2.7514 6
40 24 428 260 2.77099 6
42 30 1621.33 559.362 2.60683 1
44 32 420 268 2.65487 6
44 46 884 284 2.68488 4
12 32 412 236 2.81471 6
50 10 196 388 2.65592 2
50 48 876 284 2.71464 4
14 48 54.3837 361.373 2.66975 5
14 24 420 236 2.78205 6
16 18 428 236 2.8206 6
18 10 436 236 2.8045 6
18 42 404 244 2.69325 6
20 34 412 244 2.76963 6
22 26 420 244 2.8006 6
24 0 1655.27 16.3044 2.71902 1
24 20 428 244 2.81974 6
26 46 932 268 2.60899 4
26 12 436 244 2.8022 6
28 38 412 252 2.81397 6
30 48 828 428 2.624 2
30 30 420 252 2.79358 6
