0 36 1684 492 2.64283 0
0 18 1436 428 2.71565 2
2 38 1395.06 333.088 2.63961 5
2 18 44 4.00002 2.6835 6
2 24 36 4.00002 2.68054 6
32 0 188 356 2.67679 6
32 0 876 292 2.66655 2
32 0 77.011 508.451 2.69911 3
32 22 275.001 287.833 2.63166 5
34 38 44 732 2.65021 4
34 28 1677.9 491.48 2.63867 7
34 30 44 740 2.60479 4
38 6 354.197 400.971 2.64291 5
38 26 1434.66 587.647 2.58827 3
10 38 1389.4 338.745 2.61955 5
10 26 885.941 514.108 2.61349 1
40 0 71.3541 502.794 2.71687 3
40 10 1540 572 2.64899 0
14 8 1564.76 615.931 2.61789 3
14 18 291.972 282.177 2.60873 5
18 2 1692 508 2.66261 0
18 26 286.315 276.52 2.64532 5
22 42 52 732 2.62066 4
6 14 1428 420 2.71448 2
24 16 286.315 287.833 2.66344 5
26 24 280.658 282.177 2.65482 5
28 36 1666.59 491.48 2.65046 7
30 14 280.658 293.49 2.64546 5
30 6 82.6678 502.794 2.64742 3
