0 94 885.941 276.52 3.33148 7
0 6 20 732 3.2501 2
0 100 880.284 282.177 3.38348 7
0 120 314.599 542.392 3.32393 7
2 0 44 732 3.21148 4
8 90 891.598 282.177 3.38172 7
8 98 885.941 287.833 3.39861 7
8 126 314.599 553.706 3.29673 7
32 70 1196 20 3.70989 6
32 24 452 508 3.28779 0
32 104 1164 28 3.68264 6
34 54 1212 20 3.69121 6
34 58 1204 20 3.7125 6
36 88 1180 28 3.68319 6
36 120 1148 36 3.67557 6
38 128 260 660 3.22123 6
38 46 1220 20 3.65656 6
38 80 1188 28 3.65934 6
38 98 1284 20 3.6188 6
38 114 1156 36 3.67335 6
40 8 1428 420 3.23296 2
40 32 1236 20 3.61857 6
40 104 1164 36 3.65512 6
42 58 1212 28 3.6633 6
42 26 1244 20 3.64512 6
44 48 1220 28 3.61766 6
44 18 1252 20 3.57186 6
44 88 1180 36 3.67083 6
46 42 1228 28 3.6269 6
46 86 1292 28 3.66776 6
46 98 1284 28 3.69263 6
12 116 1148 12 3.6721 6
48 34 1236 28 3.6416 6
48 62 1196 36 3.6927 6
48 66 1204 36 3.68102 6
48 102 1164 44 3.54729 6
48 120 356 596 3.14107 2
50 90 1292 36 3.68329 6
50 26 1244 28 3.63445 6
52 52 1220 36 3.68987 6
52 18 1252 28 3.58121 6
54 128 43.0698 723.411 3.07998 3
54 10 1260 28 3.52944 6
54 44 1228 36 3.66418 6
54 76 1196 44 3.63977 6
54 6 1078.27 231.265 3.22461 3
14 62 914.225 270.863 3.3596 7
14 74 908.569 276.52 3.38829 7
14 108 1156 12 3.68648 6
56 0 1502.54 304.804 3.29577 7
56 36 1236 36 3.67721 6
56 74 1508 468 3.38567 6
58 60 1212 44 3.6781 6
58 68 1204 44 3.65457 6
58 88 201.462 395.314 3.13687 3
58 92 1172 52 3.43549 6
58 26 1244 36 3.61709 6
60 8 1072.62 225.608 3.27328 3
60 52 1220 44 3.68702 6
62 44 1228 44 3.68399 6
4 114 1148 4.00001 3.4443 6
16 68 1196 4.00001 3.55725 6
16 100 1164 12 3.68756 6
64 36 1236 44 3.68467 6
66 46 1228 52 3.59066 6
66 60 1212 52 3.62143 6
68 54 1220 52 3.64801 6
68 68 284 676 3.44907 6
68 24 258.03 429.255 3.29464 7
18 60 1204 4.00001 3.53349 6
18 92 1172 12 3.70003 6
18 122 1140 20 3.3235 6
20 54 1212 4.00001 3.44183 6
20 84 1180 12 3.70512 6
20 116 1148 20 3.68353 6
22 46 1220 4.00001 3.50326 6
22 76 1188 12 3.71021 6
22 110 1156 20 3.68849 6
6 58 36 724 3.18391 2
6 74 902.912 270.863 3.36867 7
6 84 897.255 276.52 3.40361 7
24 68 1196 12 3.70076 6
24 102 1164 20 3.70104 6
26 60 1204 12 3.6981 6
26 94 1172 20 3.69069 6
28 34 572 716 3.29984 6
28 52 1212 12 3.66963 6
28 86 1180 20 3.67583 6
28 118 1148 28 3.68848 6
28 122 1140 28 3.42529 6
30 46 1220 12 3.6684 6
30 78 1188 20 3.70303 6
30 110 1156 28 3.68379 6
