0 34 1542.14 570.676 2.71347 5
0 36 1700 220 2.74167 0
0 38 1089.59 208.638 2.68783 7
0 52 1508.2 310.461 2.70562 3
0 14 1388 11.9999 2.72906 2
0 14 1106.56 191.667 2.70711 7
0 18 1700 196 2.72807 0
0 22 1404 11.9999 2.75666 2
0 30 1700 212 2.72919 0
2 2 1508 292 2.64443 6
2 24 1604.36 372.686 2.715 5
2 30 139.236 593.304 2.68926 1
8 12 1112.22 197.324 2.65632 7
8 28 1412 3.99994 2.66021 2
34 0 1344.15 282.177 2.75806 1
34 6 524 436 2.72784 4
10 42 1479.91 440.569 2.71052 1
14 2 652 764 2.67263 4
14 24 829.373 446.225 2.66354 7
16 38 597.442 723.411 2.67505 1
16 46 603.098 729.068 2.68316 1
16 6 902.912 293.49 2.64716 5
18 0 320.256 536.735 2.73215 1
18 20 676.637 723.411 2.68319 1
20 28 682.294 729.068 2.67853 1
24 20 840.686 457.539 2.69552 7
26 18 682.294 717.754 2.68881 1
28 42 1485.57 299.147 2.69003 3
28 26 687.951 723.411 2.68108 1
30 0 857.657 451.882 2.78312 7
30 38 891.598 282.177 2.72906 3
30 30 885.941 287.833 2.69474 3
