0 0 476 532 2.80614 4
0 14 852 344.402 2.81916 3
0 18 857.657 338.745 2.77694 3
8 42 1129.19 123.785 2.6982 1
8 6 461.677 384 2.77094 3
32 46 1151.81 112.471 2.69642 1
10 12 218.432 491.48 2.67181 5
10 48 1134.84 129.442 2.66382 1
10 18 1117.87 101.157 2.79863 1
12 26 1123.53 106.814 2.8164 1
14 32 1129.19 112.471 2.82278 1
16 42 1134.84 118.128 2.79704 1
18 0 1556 92 2.61461 6
18 0 1247.98 197.324 2.6271 7
18 48 1140.5 123.785 2.74826 1
18 16 1123.53 95.5004 2.78955 1
20 24 1129.19 101.157 2.83532 1
22 32 1134.84 106.814 2.81254 1
6 8 468 524 2.78036 4
6 36 1123.53 118.128 2.80687 1
6 6 1516 356 2.77219 0
6 26 1117.87 112.471 2.77104 1
24 10 953.823 333.088 2.60362 3
24 40 1140.5 112.471 2.81957 1
24 48 1146.16 118.128 2.77999 1
26 14 1129.19 89.8436 2.64708 1
28 24 1134.84 95.5004 2.83148 1
30 38 1146.16 106.814 2.79427 1
30 16 1502.54 304.804 2.67358 7
30 18 1492 220 2.6297 0
