0 0 876 284 2.74356 0
0 0 1508 300 2.72885 6
0 0 1259.29 208.638 2.74128 5
0 8 1253.64 202.981 2.70893 5
0 32 1445.97 587.647 2.71737 5
0 34 892 276 2.75622 6
0 22 916 268 2.7587 6
0 22 337.226 485.823 2.66802 7
2 30 670.981 763.009 2.67381 1
8 32 1440.31 593.304 2.70252 5
8 22 916 276 2.69311 6
8 24 868.971 270.863 2.64164 3
32 16 1092 292 2.64425 6
32 24 1134.84 163.383 2.64657 3
34 0 420 620 2.69352 0
34 0 133.58 587.647 2.69172 3
34 34 44 732 2.60008 4
10 0 1508 308 2.68619 6
10 0 1253.64 214.294 2.70995 5
42 0 428 620 2.70312 0
42 0 365.511 683.813 2.73109 5
18 38 1612 380 2.67491 2
18 20 1092 276 2.64238 6
22 0 325.913 531.078 2.6914 1
22 8 365.511 389.657 2.65341 5
22 10 1100 284 2.64331 6
24 32 1604 372 2.67617 2
24 34 1140.5 202.981 2.63202 7
24 30 852 340 2.65038 0
24 30 956 524 2.65409 2
26 0 1327.18 457.539 2.69696 5
26 10 291.972 655.529 2.72738 5
30 14 428 636 2.68118 0
30 30 1078.27 412.284 2.64865 7
