0 0 44 724 2.53359 0
0 22 444 572 2.67206 4
0 22 1692 500 2.63458 2
2 36 1508 292 2.62639 4
12 12 1547.79 451.882 2.65058 3
14 8 1604 372 2.65611 6
14 10 428 588 2.66592 4
14 10 818.059 378.343 2.65134 5
14 22 1694.87 565.019 2.7711 5
14 30 1689.21 559.363 2.77029 5
18 2 1612 380 2.66543 6
20 14 1694.87 576.333 2.72152 5
22 22 1689.21 570.676 2.76249 5
22 30 1683.56 565.019 2.76321 5
28 14 1689.21 581.99 2.68075 5
28 22 1683.56 576.333 2.72308 5
30 2 161.864 457.539 2.66146 3
30 30 1677.9 570.676 2.72836 5
