0 0 110.952 712.098 2.72227 7
0 48 43.0699 734.725 2.64938 1
0 48 20 732 2.64465 2
0 18 1666.59 491.48 2.65804 1
2 8 140 324 2.6979 0
2 14 1072.62 225.608 2.66585 7
8 48 26.0993 729.068 2.67322 1
8 6 1100.9 61.5593 2.6759 3
32 18 252 412 2.61547 6
34 28 1380 348 2.63257 2
36 34 1388 348 2.70259 2
38 32 1321.52 395.314 2.68075 3
10 0 133.579 576.333 2.61118 1
42 0 28 732 2.63177 4
42 36 1327.18 389.657 2.67875 3
42 44 1332.83 384 2.67037 3
42 48 1366.77 395.314 2.673 7
12 38 900 276 2.68538 6
12 10 1364 372 2.7241 2
12 16 1372 372 2.72499 2
18 42 892 284 2.64046 6
18 14 1364 364 2.71069 2
20 32 1388 364 2.74644 2
20 18 1372 364 2.7292 2
20 26 1380 364 2.74743 2
6 2 1095.24 67.2162 2.69896 3
26 42 1404 364 2.67128 2
28 26 1380 356 2.74529 2
30 38 1396 356 2.75632 2
30 18 332 532 2.59497 2
