0 0 12 756 2.6529 0
0 0 1692 156 2.685 2
0 18 1684 124 2.66259 6
2 14 1660.93 485.823 2.62142 1
2 18 902.912 519.765 2.64446 5
2 22 1666.59 491.48 2.69593 1
8 2 1692 148 2.61033 2
8 20 1672.24 485.823 2.6496 1
32 34 876 284 2.65317 4
32 10 1491.22 293.49 2.62794 1
32 26 1564 76 2.614 0
32 26 1684 148 2.62178 6
32 26 876 292 2.6203 4
14 34 516 340 2.64471 2
16 20 1440.31 683.813 2.62948 7
18 12 1445.97 678.156 2.62544 7
20 2 1423.34 587.647 2.6141 1
24 8 1485.57 299.147 2.6474 1
26 2 902.912 270.863 2.60313 1
26 8 332 500 2.61687 2
26 34 1676 140 2.64135 6
26 30 1500 300 2.63762 2
30 10 348 596 2.60934 0
