0 34 884 284 2.67665 6
0 40 876 284 2.71663 6
8 8 892 252 2.65857 4
8 10 460 716 2.62266 2
8 10 1532 564 2.64437 6
10 32 286.315 140.755 2.69306 1
10 10 818.059 378.343 2.65434 5
10 24 280.658 135.098 2.70982 1
14 6 1692 124 2.65855 0
16 2 1540 572 2.65531 6
18 16 280.658 123.785 2.68299 1
18 26 286.315 129.442 2.71056 1
22 32 388 596 2.68616 4
6 40 161.864 457.539 2.63069 7
6 40 801.088 361.373 2.67338 5
6 14 818.059 367.029 2.65245 5
24 32 348 596 2.70713 2
24 32 914.225 270.863 2.72866 3
24 34 885.941 310.461 2.67147 7
24 36 1676 492 2.66512 6
24 26 908.569 276.52 2.71781 3
26 0 1596 556 2.6639 2
26 16 468 500 2.70355 0
26 22 885.941 287.833 2.71151 3
30 0 1620 548 2.66805 0
30 18 1084 412 2.68547 6
