0 0 876 284 2.75365 0
0 30 1672.24 497.137 2.65083 1
2 8 1457.28 485.823 2.67133 3
2 30 196 388 2.64561 6
8 0 884 284 2.7328 0
8 0 269.344 395.314 2.7031 5
32 10 840.686 400.971 2.69775 3
32 22 468 532 2.76081 2
32 22 953.823 287.833 2.70385 1
34 8 236 644 2.67057 0
34 6 460 508 2.69784 2
36 26 44 564 2.60185 0
42 24 1259.29 208.638 2.61918 1
12 22 863.314 412.284 2.71396 3
14 42 516 340 2.6254 2
14 30 868.971 406.627 2.72211 3
16 28 484 524 2.63966 2
18 20 857.657 406.627 2.72328 3
20 28 863.314 400.971 2.73063 3
22 8 846.343 417.941 2.68657 3
22 36 868.971 395.314 2.59842 3
6 42 36 740 2.61268 6
24 10 846.343 406.627 2.68282 3
26 42 20.4425 700.784 2.58808 7
26 42 823.716 406.627 2.59264 1
26 18 852 400.971 2.72342 3
26 22 468 540 2.74273 2
30 38 823.716 395.314 2.57986 1
30 6 460 516 2.65693 2
30 24 506.932 361.373 2.67554 1
