0 34 1655.27 16.3046 2.7586 7
0 14 164 388 2.69991 4
0 30 1660.93 10.6477 2.76063 7
8 36 1660.93 21.9614 2.67884 7
8 42 524 372 2.65123 6
32 48 20 724 2.60312 4
34 10 348.54 10.6476 2.81846 3
34 20 354.197 4.99084 2.78681 3
38 48 26.0993 729.068 2.59525 1
10 14 365.511 27.6183 2.69473 3
44 0 1620 548 2.68463 0
44 0 110.952 712.098 2.67444 1
12 38 382.481 10.6476 2.80923 3
12 22 371.167 21.9613 2.76464 3
12 30 376.824 16.3046 2.8127 3
14 0 1692 508 2.71826 0
18 46 823.716 406.627 2.63119 1
18 12 359.854 21.9613 2.82922 3
18 20 365.511 16.3046 2.82171 3
20 36 376.824 4.99084 2.77541 3
20 28 371.167 10.6476 2.81906 3
6 8 1684 516 2.71038 0
6 42 1440.31 593.304 2.70033 5
26 0 4 764 2.69849 0
26 34 428 588 2.66027 0
26 42 884 268 2.64715 0
26 12 354.197 16.3046 2.83474 3
26 20 359.854 10.6476 2.81989 3
26 28 365.511 4.99084 2.72571 3
