0 2 44 732 3.30963 4
0 40 761.49 627.245 3.26203 1
8 8 28 724 3.27785 4
32 56 788 540 3.74992 0
32 66 732 596 3.29878 0
34 0 1052 68 3.28351 4
34 78 732 604 3.31675 0
36 8 1036 68 3.28842 4
36 16 796 500 3.71551 0
38 40 796 524 3.74991 0
38 48 796 532 3.74627 0
38 30 796 516 3.73408 0
40 2 1044 68 3.31574 4
40 56 796 540 3.75146 0
40 64 796 548 3.72532 0
42 86 740 612 3.27934 0
44 14 804 500 3.75138 0
44 22 804 508 3.74578 0
46 38 804 524 3.76905 0
46 46 804 532 3.75117 0
46 74 796 564 3.50183 0
46 30 804 516 3.75263 0
12 26 772 508 3.66111 0
48 54 804 540 3.76037 0
48 62 804 548 3.75929 0
48 70 804 556 3.72543 0
50 78 804 564 3.71875 0
52 14 812 500 3.76138 0
52 82 804 572 3.3871 0
52 22 812 508 3.75944 0
52 6 812 492 3.44167 0
54 38 812 524 3.77262 0
54 46 812 532 3.76051 0
54 30 812 516 3.76195 0
14 34 772 516 3.70185 0
14 40 772 524 3.6955 0
14 48 804 652 3.25938 0
14 16 516 372 3.33609 0
56 54 812 540 3.76988 0
56 62 812 548 3.79596 0
56 70 812 556 3.78874 0
58 14 820 500 3.43054 0
58 78 812 564 3.75004 0
58 86 812 572 3.77273 0
60 22 820 508 3.70762 0
62 38 820 524 3.71068 0
62 44 820 532 3.70964 0
62 90 812 580 3.40381 0
62 30 820 516 3.70706 0
4 32 764 516 3.27204 0
64 54 820 540 3.72641 0
64 62 820 548 3.78442 0
64 70 820 556 3.7781 0
66 78 820 564 3.75592 0
66 86 820 572 3.76567 0
66 94 820 580 3.68724 0
68 98 820 588 3.24549 0
68 30 828 516 3.6614 0
70 36 828 524 3.69431 0
70 44 828 532 3.71947 0
18 0 20 732 3.29035 4
72 52 828 540 3.74515 0
72 60 828 548 3.78136 0
72 68 828 556 3.7747 0
74 34 546.53 434.912 3.25815 5
74 36 836 524 3.5692 0
74 76 828 564 3.78362 0
74 84 828 572 3.78743 0
74 92 828 580 3.72658 0
74 28 740 372 3.25831 2
76 22 1220 660 3.22303 0
78 44 836 532 3.7231 0
80 60 836 548 3.79125 0
80 68 836 556 3.7819 0
80 98 772.804 627.245 3.27364 7
82 76 836 564 3.78646 0
82 84 836 572 3.78665 0
82 92 836 580 3.7252 0
84 46 844 532 3.46868 0
86 38 748 364 3.25755 2
86 40 660 516 3.26242 4
86 52 844 540 3.71869 0
86 102 836 348 3.23786 0
22 32 780 516 3.75771 0
22 10 1513.85 632.902 3.29135 7
22 40 780 524 3.76741 0
22 46 732 468 3.26749 4
22 48 780 532 3.75572 0
22 56 772 628 3.31039 0
22 24 780 508 3.73268 0
88 60 844 548 3.74443 0
88 68 844 556 3.75038 0
88 76 844 564 3.73038 0
88 84 844 572 3.74219 0
88 102 563.5 451.882 3.22818 7
90 46 932 132 3.16511 6
90 54 852 540 3.26049 0
92 98 823.716 406.627 3.22514 1
6 16 508 372 3.27725 0
6 28 764 508 3.33438 0
96 66 852 556 3.66377 0
96 82 852 572 3.41508 0
96 98 1068 220 3.10658 4
98 74 852 564 3.6665 0
98 86 780 636 3.27406 6
26 62 1596 556 3.21421 6
26 66 708 572 3.24752 0
28 18 788 500 3.69106 0
28 24 788 508 3.73933 0
30 32 788 516 3.75836 0
30 40 788 524 3.76736 0
30 48 788 532 3.76149 0
30 62 716 572 3.30543 0
30 6 916 268 3.2746 0
