0 32 1672.24 497.137 2.61433 1
0 24 1666.59 491.48 2.66318 1
10 12 1361.12 299.147 2.72748 1
10 18 1366.77 304.804 2.77602 1
10 6 52 364 2.68293 0
14 32 1378.09 316.118 2.72647 1
14 34 416.422 666.843 2.69239 7
14 10 1492 300 2.68585 0
14 6 1496.88 299.147 2.71196 7
18 0 1508 308 2.75667 6
18 34 1383.74 310.461 2.85242 1
18 10 1366.77 293.49 2.83822 1
18 18 1372.43 299.147 2.83994 1
18 26 1378.09 304.804 2.85201 1
18 30 365.511 661.186 2.71664 7
24 34 1389.4 304.804 2.79982 1
24 10 1372.43 287.833 2.84471 1
24 6 1500 316 2.75778 6
26 18 1378.09 293.49 2.84871 1
26 26 1383.74 299.147 2.84631 1
