0 12 36 740 2.65784 0
0 18 1404 516 2.55692 0
2 28 1564.76 400.971 2.62691 5
2 30 1180.1 276.52 2.62319 1
32 12 1378.09 406.627 2.71771 5
32 18 1372.43 400.971 2.71701 5
34 2 314.599 553.706 2.67687 3
34 24 444.707 400.971 2.61606 5
34 24 1610.02 140.755 2.60328 1
10 10 44 740 2.67614 0
40 2 1378.09 417.941 2.68352 5
40 10 1372.43 412.284 2.70469 5
40 18 1366.77 406.628 2.63487 5
14 28 1378.09 384 2.68245 5
16 22 1383.74 389.657 2.68368 5
18 2 52 732 2.64606 0
20 28 1610.02 152.069 2.68628 5
6 6 44 732 2.66945 0
24 14 1383.74 400.971 2.67365 5
26 0 1191.41 468.853 2.65993 1
26 20 1378.09 395.314 2.67419 5
26 28 1372.43 389.657 2.68405 5
28 28 1615.68 146.412 2.65946 1
