0 0 44 732 2.70099 4
0 2 20 732 2.69794 2
0 42 932 300 2.63089 2
0 50 876 284 2.6408 6
2 30 818.059 367.029 2.61516 5
8 36 1180 580 2.67435 0
8 10 28 724 2.69746 2
32 32 1204 580 2.80725 0
34 40 1204 588 2.77072 0
34 14 1212 564 2.81932 0
34 6 1212 556 2.65997 0
36 22 1212 572 2.82559 0
38 30 1212 580 2.80933 0
10 18 700 636 2.58083 2
10 24 48.7268 457.539 2.6035 5
40 38 1212 588 2.75168 0
42 0 12 756 2.65064 2
42 8 20 756 2.66102 2
42 34 1429 627.245 2.58821 3
42 22 1220 572 2.70383 0
44 30 1220 580 2.72543 0
46 42 1434.66 587.647 2.60676 3
48 14 1666.59 491.48 2.64737 5
48 18 48.7267 4.99078 2.60854 1
48 6 36 740 2.66029 2
14 44 1197.07 598.961 2.6228 7
16 42 1188 588 2.8179 0
18 34 1188 580 2.80563 0
20 26 1196 572 2.73833 0
22 18 1196 564 2.71076 0
6 26 1524 348 2.6356 0
26 0 1684 508 2.59905 0
26 42 1196 588 2.77898 0
26 12 1188 564 2.67593 0
26 16 1204 564 2.81313 0
28 24 1204 572 2.81143 0
