0 0 20 732 2.66822 4
0 0 28 732 2.66371 2
0 10 26.0992 729.068 2.65718 3
0 42 1116 76 2.7145 6
0 46 1259.29 208.638 2.72982 3
0 30 284 404 2.67248 2
2 32 1500 316 2.67659 4
8 34 284 396 2.73747 2
8 18 36 380 2.60278 0
34 0 1684 516 2.64759 2
38 0 1508.2 310.461 2.63858 7
38 32 1660 492 2.66427 6
38 34 908.569 265.206 2.65089 3
38 22 60.0405 355.716 2.67458 3
38 26 1668 492 2.7011 6
38 26 902.912 270.863 2.7028 3
10 0 14.7856 729.068 2.62986 3
10 40 292 396 2.69456 2
14 22 1151.81 259.549 2.58444 3
16 32 284 388 2.81896 2
16 40 452 436 2.59019 0
16 40 292 388 2.81094 2
16 12 44 372 2.61739 0
16 24 276 388 2.82309 2
18 26 1451.63 344.402 2.67147 1
22 16 268 380 2.82241 2
22 18 1445.97 338.745 2.67161 1
24 32 284 380 2.81766 2
24 24 276 380 2.82887 2
26 28 472.991 474.51 2.69831 3
28 34 1660 484 2.65481 6
30 10 260 372 2.63833 2
30 16 268 372 2.76468 2
