0 0 884 276 2.78841 0
2 30 908 268 2.73921 6
8 0 892 276 2.77369 0
8 22 1519.51 638.558 2.68913 5
32 34 1516 636 2.71851 2
32 26 1508 636 2.70007 2
34 34 868 284 2.67335 0
34 34 914.225 270.863 2.74605 3
34 26 908.569 276.52 2.73012 3
36 24 1684 492 2.69063 6
38 0 748 364 2.67805 2
38 20 885.941 287.833 2.68357 3
10 10 916 276 2.69408 0
10 26 1036 67.9999 2.6835 2
42 18 1692 500 2.65834 6
42 24 1508 628 2.70638 2
42 26 902.912 270.863 2.74647 3
14 8 772.804 627.245 2.69563 3
14 36 1502.54 632.902 2.69794 5
18 0 444.707 570.676 2.70626 5
20 8 767.147 621.588 2.68829 3
22 0 755.833 621.588 2.69211 3
6 6 1677.9 491.48 2.71135 3
24 8 433.393 570.676 2.68315 5
28 22 1684 740 2.67436 6
