0 12 12 516 2.67473 0
0 14 820 348 2.69151 2
0 14 1610.02 378.343 2.67753 5
0 22 1598.7 367.03 2.71762 5
2 28 1444 348 2.86511 2
32 38 1460 324 2.85211 2
32 14 1462.94 412.284 2.6413 1
32 30 1452 324 2.86038 2
36 38 156 596 2.70334 6
38 50 884 284 2.74755 4
10 32 275.001 672.5 2.83243 1
10 40 940 292 2.81259 2
10 42 280.658 678.156 2.8205 1
42 0 884 276 2.67144 2
42 8 892 276 2.66705 2
12 12 1428 340 2.66078 2
12 18 1436 340 2.85148 2
14 26 1444 340 2.87478 2
4 22 1436 348 2.86815 2
18 34 1452 340 2.84353 2
18 40 1460 340 2.83956 2
18 30 291.971 666.843 2.8334 1
20 10 1428 332 2.68817 2
20 16 1436 332 2.86758 2
22 24 1444 332 2.87041 2
6 54 26.0993 729.068 2.65679 1
24 32 1452 332 2.86826 2
24 32 297.628 661.186 2.80347 1
24 40 1460 332 2.8704 2
26 8 1428 324 2.76201 2
26 42 303.285 666.843 2.81881 1
26 48 1476 332 2.75752 2
26 48 365.511 661.186 2.78674 1
30 16 1436 324 2.8655 2
