0 2 876 284 2.76059 0
0 10 876 292 2.73234 0
0 20 670.981 763.009 2.68957 1
0 22 60 356 2.64913 6
32 8 1068 404 2.61677 4
32 8 1146.16 50.2457 2.6127 5
34 32 388.138 604.617 2.73258 5
34 38 670.981 763.009 2.72914 7
34 16 1429 480.167 2.58626 5
38 34 52 364 2.67846 4
38 30 1513.85 429.255 2.6094 3
10 0 1666.59 491.48 2.67571 3
10 10 916 276 2.69149 0
42 34 382.481 610.274 2.74842 5
12 0 916 268 2.72703 0
12 34 1652 764 2.64154 0
14 38 1676 524 2.65476 6
14 18 396 52 2.71613 6
20 10 404 60 2.6734 6
22 18 396 60 2.70311 6
22 24 388 60 2.7398 6
6 26 748 364 2.63038 6
24 0 884 260 2.67076 6
24 32 380 60 2.72857 6
26 6 818.059 378.343 2.66218 7
28 18 396 68 2.65949 6
30 8 876 268 2.65163 6
30 24 388 68 2.75641 6
