0 2 884 276 2.54795 4
0 32 1372.43 321.775 2.69047 1
2 18 603.098 740.382 2.68798 3
2 22 1564 564 2.68454 2
32 0 948.167 338.745 2.64468 3
34 10 461.677 406.627 2.59233 1
34 22 1556 532 2.71597 2
36 32 173.177 333.088 2.62003 1
10 18 1556 556 2.69042 2
10 24 1564 556 2.68164 2
10 30 54.3835 451.882 2.67574 1
40 18 953.823 321.775 2.60552 3
40 6 20 748 2.62842 2
12 10 428 596 2.72165 4
14 10 580.471 729.068 2.70246 3
18 0 574.814 734.725 2.70946 3
18 0 139.236 333.088 2.71831 1
18 18 1556 548 2.69844 2
18 26 1564 548 2.71865 2
26 22 1556 540 2.707 2
28 26 1564 540 2.6704 2
30 14 412 580 2.69101 4
