0 0 156.207 451.882 2.7454 1
0 0 948 228 2.70789 4
0 20 439.05 576.333 2.70577 3
0 24 852 436 2.74145 4
0 30 908 268 2.72151 6
8 34 908 276 2.70505 6
8 34 1083.93 384 2.64866 5
8 6 167.521 451.882 2.67643 1
34 0 476 508 2.72363 6
34 6 897.255 299.147 2.69607 5
36 16 580 692 2.77584 6
38 0 880.284 282.177 2.70441 1
10 26 564 668 2.7152 6
40 8 342.883 525.421 2.67941 1
40 38 44 732 2.67013 4
40 30 44 740 2.65817 4
42 20 1666.59 84.1869 2.58887 7
42 6 891.598 282.177 2.69368 1
12 12 580 668 2.76448 6
12 18 572 668 2.75037 6
48 36 36 732 2.61298 4
48 30 36 740 2.66769 4
18 28 564 676 2.77983 6
20 12 580 676 2.7661 6
20 20 572 676 2.77271 6
20 26 260 436 2.64264 4
22 0 1655.27 16.3044 2.74224 1
6 30 1124 35.9999 2.71471 2
26 22 572 684 2.76998 6
26 30 564 684 2.73777 6
28 0 1660.93 10.6476 2.74406 1
28 14 580 684 2.77791 6
