0 0 252 252 2.71468 2
0 26 1700 196 2.65303 0
2 38 269.344 395.314 2.74991 3
2 30 263.687 400.971 2.65369 3
32 34 1436 428 2.6427 6
32 14 524 364 2.63819 2
32 14 235.403 372.686 2.63563 3
32 30 1676 492 2.64912 6
10 12 1445.97 746.039 2.70387 5
12 20 1440.31 740.382 2.69915 5
14 36 1429 729.068 2.75019 5
14 28 1434.66 734.725 2.7363 5
16 2 818.059 367.029 2.62867 7
20 18 1434.66 746.039 2.69841 5
22 34 1423.34 734.725 2.69372 5
22 28 1429 740.382 2.75152 5
6 8 868 276 2.66646 4
6 10 260 244 2.64758 2
6 30 1440.31 729.068 2.73568 5
24 10 818.059 378.343 2.6512 7
26 36 1570.42 338.745 2.64121 3
26 10 1676 132 2.61868 2
26 10 1434.66 587.647 2.57838 1
26 30 1564.76 344.402 2.60856 3
