0 38 20 732 2.7042 2
0 54 44 732 2.70887 2
8 8 1684 516 2.65278 0
32 2 1259.29 208.638 2.64963 7
32 38 276 652 2.73282 6
34 20 218.432 661.186 2.8274 7
34 28 212.776 666.843 2.85264 7
36 34 207.119 672.499 2.86403 7
36 42 201.462 678.156 2.85607 7
38 42 1596 364 2.63697 2
10 46 28 724 2.69469 2
10 22 20 532 2.67719 6
10 22 201.462 644.215 2.78669 7
10 6 682.294 763.009 2.65644 3
40 40 276 660 2.75295 6
40 20 224.089 666.843 2.72948 7
42 26 348.54 621.588 2.62916 3
42 26 218.432 672.499 2.84088 7
44 34 212.776 678.156 2.86341 7
44 42 207.119 683.813 2.86954 7
12 14 320.256 378.343 2.68195 7
48 42 492 484 2.67158 0
48 20 44 564 2.61876 6
48 26 44 556 2.63704 6
48 28 224.089 678.156 2.72264 7
52 32 218.432 683.813 2.85435 7
52 40 212.776 689.47 2.85338 7
54 48 1604.36 157.726 2.67265 7
14 36 1676 492 2.60229 0
14 46 20.4424 723.411 2.60513 1
14 6 892 284 2.69525 0
4 20 291.971 384 2.65164 7
16 0 1692 508 2.70757 0
16 0 670.981 763.009 2.7082 3
18 36 1684 492 2.63545 0
18 12 212.776 644.215 2.85057 7
18 14 900 300 2.70063 0
18 20 207.119 649.872 2.85508 7
18 28 201.462 655.529 2.83397 7
26 0 133.58 587.647 2.66251 3
26 10 478.648 457.539 2.64549 1
26 12 218.432 649.872 2.85259 7
26 20 212.776 655.529 2.8485 7
26 28 207.119 661.186 2.84991 7
28 34 201.462 666.843 2.80722 7
