0 0 43.0699 723.411 2.63209 7
0 34 51.9999 12.0001 2.62902 4
0 24 1692 500 2.61464 2
2 18 628 540 2.57365 2
32 30 897.255 27.6182 2.67292 7
34 10 342.883 593.304 2.68989 1
34 10 1677.9 491.48 2.71818 5
34 40 1214.04 208.638 2.67395 5
34 18 1615.68 553.706 2.70469 1
34 24 916 276 2.69954 2
38 8 908 268 2.74236 2
38 16 916 268 2.75408 2
10 16 628 532 2.56501 2
40 34 1676 132 2.64109 4
12 18 897.255 4.99072 2.60085 7
14 32 885.941 16.3044 2.65158 7
14 24 891.598 10.6476 2.65674 7
18 34 936.853 123.785 2.64957 1
20 40 320.256 536.735 2.67351 5
20 16 902.912 10.6476 2.64686 7
22 24 897.255 16.3044 2.68709 7
6 40 43.9999 4.00006 2.66875 4
24 32 891.598 21.9613 2.69104 7
26 40 314.599 542.392 2.66925 5
26 22 924 276 2.6724 2
28 2 876 292 2.6931 2
28 8 884 292 2.67953 2
30 22 902.912 21.9613 2.69008 7
