0 0 52 4.00002 2.73879 6
0 0 65.6973 350.059 2.72531 7
0 0 1100.9 50.2456 2.72011 3
0 8 1123.53 38.932 2.65395 3
0 34 852 436 2.66381 4
0 34 916 268 2.74419 6
0 34 1451.63 729.068 2.69815 5
0 42 908 268 2.74138 6
2 48 876 284 2.72229 6
8 32 916 276 2.69149 6
8 44 1684 516 2.70199 6
8 22 161.864 140.755 2.61425 1
10 48 876 292 2.70787 6
16 0 1236 644 2.66949 4
18 28 173.177 140.755 2.61824 1
22 8 1228 636 2.64609 4
22 46 1676 140 2.65997 6
6 30 868.971 270.863 2.6172 3
6 30 1530.82 434.912 2.64583 5
24 42 1428 628 2.66319 6
24 22 1116 36 2.62217 6
26 36 1524 564 2.63131 2
30 38 1676 524 2.61918 4
30 38 620.069 712.098 2.64619 3
30 40 77.011 508.451 2.65604 5
30 42 884 268 2.67707 0
