0 0 28 740 2.6617 0
0 38 1500 324 2.72249 2
0 38 1151.81 157.726 2.70158 5
2 38 269.344 678.156 2.69223 1
2 14 972 292 2.66323 2
2 20 700 764 2.61329 2
8 38 1502.54 304.804 2.68984 3
10 18 1276.26 440.569 2.74106 1
10 26 1281.92 446.225 2.73951 1
14 0 1692 508 2.65273 0
16 18 1281.92 434.912 2.73737 1
18 20 484.305 33.275 2.63351 5
18 24 1287.58 440.569 2.71087 1
22 32 892 284 2.73655 4
24 34 1677.9 491.48 2.73031 7
26 34 884 284 2.74479 4
26 16 1287.58 429.255 2.68886 1
30 0 1060 564 2.65605 0
30 38 1378.09 395.314 2.70624 3
