0 50 884 276 2.73185 2
0 18 1660.93 10.6477 2.70867 7
2 0 452 580 2.71196 4
2 12 897.255 276.52 2.68246 7
32 34 308.942 253.892 2.77486 5
34 50 1068 404 2.68725 6
36 12 1123.53 38.9319 2.64515 5
38 32 750.177 367.029 2.65864 3
10 38 325.913 236.922 2.72407 5
10 46 868 284 2.69465 2
42 44 902.912 270.863 2.71753 3
42 18 1444 660 2.65415 4
12 0 914.225 270.863 2.6769 7
12 20 331.57 253.892 2.77352 5
14 14 337.226 259.549 2.71675 5
14 28 325.913 248.235 2.789 5
16 36 320.256 242.579 2.78951 5
18 10 331.57 265.206 2.73759 5
18 44 846.343 440.569 2.69992 3
20 18 325.913 259.549 2.76913 5
22 26 320.256 253.892 2.78864 5
6 42 876 268 2.71187 2
24 34 314.599 248.235 2.78563 5
24 42 308.942 242.579 2.75581 5
26 2 452 564 2.68527 6
30 10 1684 492 2.65941 4
30 18 320.256 265.206 2.75704 5
30 26 314.599 259.549 2.77161 5
