0 0 1440.31 581.99 2.73029 7
0 8 876 292 2.69066 0
0 22 263.687 672.5 2.63051 1
0 26 932 300 2.69564 2
8 0 1445.97 587.647 2.69374 7
36 0 1388 692 2.59874 0
10 34 348.54 395.314 2.67068 1
10 36 940 292 2.69404 2
10 30 354.197 389.657 2.604 1
14 8 105.295 751.695 2.69471 7
14 16 99.6383 757.352 2.67997 7
16 0 1457.28 236.922 2.62764 1
16 24 93.9816 763.009 2.68322 7
20 10 1100 36 2.50623 4
22 8 110.952 757.352 2.68547 7
22 32 20.4425 700.784 2.60602 7
6 30 484 660 2.63327 4
24 16 105.295 763.009 2.65869 7
30 0 1428 628 2.58778 4
