0 32 77.011 497.137 2.64788 7
0 22 818.059 367.029 2.65277 5
2 14 884 268 2.65088 4
8 14 212.775 598.96 2.62291 7
32 0 1084 412 2.67707 4
34 0 857.657 451.882 2.68476 7
34 12 1260 524 2.69878 0
34 20 1260 532 2.6769 0
10 24 1236 540 2.62116 0
16 34 1244 548 2.69859 0
16 26 1244 540 2.73218 0
18 32 4 412 2.60377 6
18 18 1244 532 2.73311 0
20 10 1244 524 2.63345 0
22 42 1252 556 2.58121 0
6 38 31.7561 700.784 2.66772 1
24 34 1236 548 2.56709 0
24 28 1252 540 2.72776 0
26 12 1252 524 2.70918 0
26 20 1252 532 2.73867 0
