0 0 884 276 2.76944 0
0 0 1672.24 497.137 2.73949 3
0 8 1677.9 491.48 2.71974 3
0 8 1434.66 587.647 2.70132 7
2 22 467.334 412.284 2.65096 3
8 0 196 388 2.73291 0
32 14 1089.59 581.99 2.79951 3
32 16 586.128 734.725 2.80308 3
34 18 404 484 2.74854 4
38 2 12 524 2.76814 2
40 14 580.471 729.068 2.79169 3
44 22 44 524 2.67755 2
48 2 1516 348 2.6964 2
14 20 456.02 400.971 2.74654 3
18 0 902.912 519.765 2.70106 7
22 10 1089.59 593.304 2.75765 3
22 16 1095.24 587.647 2.79053 3
24 10 1078.27 593.304 2.7798 3
26 16 1083.93 587.647 2.77967 3
