0 0 876 284 2.7446 0
0 2 308.942 548.049 2.71242 1
0 8 1236 644 2.7193 2
0 8 314.599 553.706 2.71831 1
0 32 676.638 768.666 2.64755 1
0 26 1445.97 587.647 2.669 5
2 24 670.981 763.009 2.70716 1
8 32 1540 572 2.6469 4
32 0 60.0404 355.716 2.68308 1
32 34 1197.07 214.294 2.63027 7
34 0 65.6973 451.882 2.7025 3
36 14 188 124 2.69003 6
38 26 65.6974 440.568 2.69805 5
12 14 188 100 2.77579 6
12 22 180 100 2.79268 6
14 38 201.462 598.96 2.60466 5
18 0 320.256 536.735 2.70985 1
20 14 188 108 2.78943 6
20 22 180 108 2.79768 6
20 30 172 108 2.75756 6
28 14 188 116 2.72789 6
28 22 180 116 2.73389 6
