0 0 876 284 2.73819 0
0 0 1508.2 310.461 2.74459 5
2 20 1491.22 293.49 2.68597 5
8 0 1692 508 2.68801 0
32 10 919.882 299.147 2.6375 5
34 14 908.568 276.52 2.74463 1
10 18 1076 404 2.67167 0
10 22 348 596 2.681 4
10 22 914.226 270.863 2.74273 5
12 0 1502.54 316.118 2.71247 5
14 24 891.598 282.177 2.72916 5
14 26 1532 428 2.68098 4
16 30 902.912 270.863 2.73319 5
18 0 476 500 2.66518 6
18 2 818.059 367.029 2.66657 7
6 0 314.599 542.392 2.72555 1
6 8 320.256 548.049 2.64679 1
24 20 1524 436 2.60564 4
26 12 902.912 282.177 2.70238 1
26 26 846.343 440.569 2.65935 3
26 30 1524 428 2.67457 4
28 4 897.255 276.52 2.75314 1
