0 0 52 4.00002 2.66972 6
0 0 1117.87 44.5887 2.70485 3
0 38 43.0699 734.725 2.65316 1
0 30 14.7856 729.068 2.63868 1
2 18 670.981 763.009 2.62745 1
8 38 26.0993 729.068 2.66657 1
32 10 914.225 270.863 2.74057 1
34 32 1129.19 33.275 2.63929 7
34 34 884 292 2.66605 4
38 34 161.864 457.539 2.6815 5
10 26 412 580 2.63091 6
40 34 876 292 2.69887 4
40 16 1228 636 2.63898 4
14 2 1140.5 33.2751 2.63407 5
14 8 902.912 282.177 2.68571 1
16 30 1519.51 457.539 2.68298 1
16 30 260 412 2.67555 2
18 0 1692 500 2.71381 4
18 0 897.255 276.52 2.74565 1
22 8 1620 556 2.69386 0
22 8 908.568 276.52 2.73423 1
22 34 1524 564 2.68248 4
22 34 1525.17 451.882 2.66918 1
22 34 260 404 2.6768 2
6 22 1434.66 587.647 2.62601 5
26 10 857.657 463.196 2.64209 7
26 16 44 532 2.61168 0
28 8 348 596 2.71494 0
