0 0 1500 324 2.79966 4
0 0 359.854 406.627 2.7729 3
0 10 608.755 746.039 2.72863 3
8 2 1157.47 163.383 2.72537 7
32 10 48.7267 400.971 2.79127 3
34 0 1068 228 2.67689 2
34 18 54.3835 395.314 2.79782 3
36 0 1338.49 287.833 2.71628 1
10 8 932 292 2.74474 4
10 10 461.677 519.764 2.73834 5
10 20 885.941 287.833 2.73247 5
10 6 467.334 525.421 2.71967 5
42 18 48.7267 389.657 2.72322 3
42 6 428 596 2.71818 6
46 0 876 284 2.73336 2
46 0 71.3541 502.794 2.75019 3
14 28 880.284 282.177 2.73766 5
18 12 60.0404 412.284 2.73413 3
20 18 65.6973 406.627 2.70873 3
6 10 1492 316 2.76014 4
6 20 891.598 282.177 2.72233 5
26 12 54.3835 406.627 2.77113 3
26 18 60.0404 400.971 2.77607 3
