0 0 484 652 2.71498 6
0 0 275.001 389.657 2.68639 5
0 0 156.207 451.882 2.69163 1
32 26 1460 52 2.62579 6
34 0 902.912 270.863 2.73415 1
34 32 1078.27 72.873 2.68061 7
34 26 1083.93 67.2162 2.68271 7
36 2 65.6973 451.882 2.69813 3
36 32 1684 492 2.64165 6
42 24 1089.59 72.873 2.7121 7
12 8 908.569 287.834 2.61484 5
14 0 164 372 2.64398 6
4 34 44 732 2.57126 6
16 34 1228 636 2.64562 0
16 14 478.648 299.147 2.64425 3
18 0 716.236 581.99 2.68223 3
18 0 1655.27 16.3044 2.74265 1
18 34 48.7267 197.324 2.59608 1
18 22 484.304 293.49 2.65826 3
18 30 1666.59 38.9319 2.56538 1
22 0 476 500 2.70739 6
22 40 1236 644 2.63328 0
6 8 806.745 367.029 2.62669 7
6 22 682.294 763.009 2.63862 1
6 26 1660.93 44.5887 2.62436 1
24 12 472.991 293.49 2.64717 3
26 0 1666.59 4.99072 2.72217 1
26 20 478.648 287.833 2.64113 3
28 2 140 324 2.68379 2
28 28 484.304 282.177 2.58816 3
