0 58 324 572 3.21316 2
0 72 535.216 672.5 3.26912 5
0 94 44 724 3.27006 6
8 98 44 732 3.27343 6
32 44 756 588 3.46719 0
32 70 764 612 3.42237 0
34 38 756 580 3.45528 0
34 90 772 628 3.39963 0
34 96 1044 67.9999 3.31286 2
34 104 780 644 3.25741 0
36 62 764 604 3.43761 0
36 80 772 620 3.44168 0
36 96 325.913 678.156 3.37184 1
36 98 467.334 514.108 3.2859 3
38 14 852 446.225 3.19109 5
38 74 772 612 3.46528 0
38 78 772.804 615.931 3.40002 1
38 98 780 636 3.37875 0
38 110 823.716 361.373 3.13204 3
38 30 756 572 3.40706 0
10 54 738.863 604.617 3.25266 1
10 56 744.52 610.274 3.29484 1
10 62 740 612 3.2965 0
10 66 1052 67.9999 3.23359 2
40 42 764 580 3.42295 0
40 48 764 588 3.42159 0
40 90 780 628 3.39712 0
40 90 331.57 627.245 3.23082 5
40 96 908 292 3.22059 2
40 102 948 516 3.16874 4
42 0 884 268 3.16335 4
42 66 772 604 3.46805 0
42 86 778.461 621.588 3.35268 1
42 24 756 564 3.34049 0
44 84 780 620 3.3768 0
44 6 1692 124 3.15173 0
46 58 772 596 3.47427 0
46 76 780 612 3.4767 0
46 20 761.49 559.362 3.31548 1
48 50 772 588 3.48347 0
48 68 780 604 3.47234 0
48 26 764 564 3.38696 0
50 44 772 580 3.42104 0
50 20 764 556 3.2868 0
50 96 1151.81 169.04 3.13969 3
52 36 772 572 3.37578 0
52 62 780 596 3.46327 0
52 98 235.403 372.686 3.13815 5
54 34 772.804 570.676 3.3656 1
54 80 788 612 3.40787 0
14 44 461.677 384 3.20129 3
14 58 388.138 604.617 3.25406 7
14 90 1076 75.9999 3.31831 2
56 42 778.461 576.333 3.42712 1
56 54 780 588 3.42465 0
56 78 789.775 610.274 3.36916 1
56 24 772 564 3.34821 0
58 20 772 556 3.28449 0
60 4 1684 516 3.20542 2
60 64 788 596 3.47756 0
62 32 778.461 565.019 3.40362 1
62 10 892 284 3.24011 2
62 56 788 588 3.46298 0
16 98 1084 75.9999 3.34771 2
64 38 784.118 570.676 3.43143 1
64 74 796 604 3.40041 0
66 46 789.775 576.333 3.43466 1
66 14 269.344 395.314 3.18141 7
66 4 1684 508 3.18673 2
66 66 795.432 593.304 3.33502 1
66 18 331.569 502.794 3.18416 3
66 82 1055.65 593.304 3.22973 3
68 14 900 276 3.26272 2
68 66 796 596 3.46065 0
70 58 796 588 3.40588 0
70 24 1140 36 3.19307 6
70 30 439.05 576.333 3.20686 7
18 58 748 604 3.42218 0
18 66 748 612 3.42357 0
18 78 748 620 3.42026 0
18 82 756 628 3.43012 0
18 100 342.883 593.304 3.33977 5
18 106 1092 75.9999 3.32448 2
18 106 337.226 587.647 3.28658 5
72 18 1148 36 3.11153 6
74 46 1496.88 683.813 3.25383 5
74 60 801.088 587.647 3.32343 1
74 78 823.716 395.314 3.19861 1
80 52 1496.88 627.245 3.26423 1
80 70 268 404 3.17493 0
22 0 20 732 3.26921 4
22 32 884 260 3.18488 4
22 34 818.059 378.343 3.18523 5
22 50 748 596 3.45162 0
6 48 65.6973 451.882 3.18854 1
24 68 756 612 3.45561 0
24 94 764 636 3.36319 0
24 106 1092 67.9999 3.3532 2
26 10 20 724 3.23307 4
26 42 748 588 3.44789 0
26 102 1084 67.9999 3.3079 2
28 60 756 604 3.38618 0
28 104 772 644 3.29498 0
30 34 750.177 129.442 3.20289 7
30 38 750.177 581.99 3.29016 1
30 52 756 596 3.45076 0
30 88 314.599 678.156 3.36273 1
30 6 12 724 3.21928 4
30 24 876 268 3.17966 4
30 96 772 636 3.38375 0
