0 34 1044 67.9999 2.63131 2
0 40 1440.31 265.206 2.64773 7
0 40 495.618 678.156 2.63643 5
0 18 1692 500 2.62925 2
32 24 116 116 2.69635 6
34 32 108 116 2.64724 6
38 40 1434.66 587.647 2.59713 3
10 20 1655.27 310.461 2.59104 3
10 30 116 92 2.62823 6
40 14 684 612 2.66118 4
40 14 1116 44 2.64852 6
40 18 1692 508 2.67609 2
40 28 836 452 2.62128 0
12 34 772.804 627.245 2.6247 5
12 6 1684 516 2.65404 0
12 28 778.461 632.902 2.62693 5
4 18 190.148 395.314 2.61767 7
18 36 108 100 2.69714 6
18 26 772.804 638.558 2.6382 5
18 28 116 100 2.70383 6
20 0 1451.63 593.304 2.68584 7
20 36 767.147 632.902 2.6196 5
22 12 132 108 2.71204 6
22 18 124 108 2.69385 6
6 10 876 276 2.59361 4
6 20 1684 524 2.62524 0
24 26 116 108 2.72491 6
26 0 676 764 2.72879 4
26 8 676 756 2.67392 4
26 34 108 108 2.69491 6
28 12 132 116 2.6997 6
30 2 44 4 2.67307 0
30 18 124 116 2.71433 6
