0 0 26.0993 740.382 2.60936 7
0 20 1556 91.9999 2.58155 4
32 32 54.3835 463.196 2.58703 1
32 10 1668 172 2.67058 4
34 38 44 732 2.60611 4
34 42 44 724 2.60733 4
38 0 1610.02 163.383 2.78864 5
38 8 1604.36 157.726 2.76517 5
38 10 77.011 474.51 2.67361 3
38 26 54.3835 451.882 2.60174 1
10 0 1668 492 2.55423 2
10 36 236 644 2.63006 4
10 38 1123.53 163.383 2.62722 1
10 18 1108 388 2.61155 0
10 22 76 548 2.65965 4
10 24 412 476 2.66058 6
10 24 308.942 389.657 2.63807 5
10 26 572 700 2.63826 0
16 30 436 572 2.62895 6
18 32 376.824 683.813 2.6081 5
20 10 1148 540 2.63639 0
20 16 68 556 2.64381 4
20 24 614.412 751.695 2.62233 5
22 2 1148 532 2.6664 0
22 16 1576.08 174.696 2.63909 1
24 24 376.824 695.127 2.55088 5
26 10 1460 51.9999 2.67458 4
26 14 1581.73 169.039 2.68231 1
26 6 1576.08 163.383 2.68788 1
30 0 1615.68 157.726 2.74865 5
30 8 1610.02 152.069 2.76323 5
