0 0 1180 220 1.93192 4
0 0 275.001 389.657 1.92852 5
0 0 1530.82 423.598 1.9558 7
0 8 1525.17 429.255 1.92204 7
0 8 1655.27 38.9319 1.91414 3
0 16 77.011 497.137 1.90875 7
0 24 71.3542 502.794 1.94168 7
2 8 740 372 1.91774 0
8 0 529.559 440.568 1.88729 3
8 24 65.6973 451.882 1.93035 7
34 0 876 284 1.92242 6
10 18 518.246 372.686 1.89863 5
14 18 388 604 1.89943 6
18 0 897.255 276.52 1.91599 1
18 12 1468.6 440.569 1.91477 1
20 2 676 764 1.91001 4
20 16 331.57 615.931 1.90151 5
26 2 1108 83.9999 1.90079 2
30 24 26.0994 197.324 1.88895 7
