0 0 43.0699 723.411 2.59011 7
0 48 876 284 2.7235 6
0 26 420 620 2.72617 6
0 28 1338.49 287.834 2.70909 7
2 42 812.402 361.373 2.68783 5
8 8 902.912 270.863 2.66694 7
8 32 1084 404 2.68905 2
8 48 876 292 2.7018 6
8 18 919.882 299.147 2.66553 3
34 0 268 404 2.68161 6
38 34 1492 324 2.61517 0
38 48 20 724 2.61872 4
38 20 212.776 112.471 2.74867 5
42 10 1677.9 491.48 2.71726 5
46 46 20 732 2.62981 6
46 14 900 276 2.73335 2
46 16 670.981 763.009 2.69042 5
14 8 1684 516 2.71756 0
14 36 218.432 84.1866 2.81557 5
14 10 436 580 2.69069 4
14 28 224.089 89.8435 2.81519 5
22 0 1692 508 2.73113 0
22 0 900 308 2.67732 4
22 36 212.776 89.8435 2.80512 5
22 46 20.4425 700.784 2.60431 7
22 12 229.746 106.814 2.77477 5
22 20 224.089 101.157 2.78517 5
22 28 218.432 95.5004 2.81441 5
6 16 897.255 276.52 2.70262 7
6 26 1076 404 2.71079 2
24 42 48.7268 197.324 2.61338 7
30 32 354.197 4.99084 2.61444 3
30 12 224.089 112.471 2.77812 5
30 20 218.432 106.814 2.77674 5
30 28 212.776 101.157 2.71809 5
