2 32 1228 588 2.83068 0
2 16 1228 572 2.84097 0
2 24 1228 580 2.85697 0
8 34 1581.73 157.726 2.6986 1
10 8 1236 564 2.86891 0
10 32 1236 588 2.86734 0
10 16 1236 572 2.86924 0
10 24 1236 580 2.86744 0
16 0 1236 644 2.65027 4
16 8 1244 564 2.81244 0
16 32 1244 588 2.80746 0
16 24 1244 580 2.82049 0
16 28 518.246 338.745 2.60719 5
18 0 77.011 508.451 2.67679 3
18 16 1244 572 2.85597 0
6 0 1612 468 2.58616 4
6 10 1228 564 2.83257 0
24 0 876 284 2.67988 2
24 34 105.295 367.029 2.6163 1
24 34 88.3247 350.059 2.59708 3
24 40 1361.12 16.3046 2.57965 7
24 6 724 748 2.63235 0
