0 0 60.0404 446.225 2.75745 1
0 32 908.569 265.206 2.77731 5
8 30 1564 75.9999 2.68096 2
32 6 897.255 276.52 2.76914 1
36 26 388 180 2.62051 2
38 16 902.912 282.177 2.70247 1
10 8 1500 356 2.67187 6
40 14 908.568 276.52 2.75115 1
48 0 43.0698 723.411 2.56 1
18 32 1084 412 2.67178 0
22 0 140 316 2.66694 2
22 14 380 196 2.63787 2
6 8 71.3541 446.225 2.71815 1
24 8 1540 436 2.6673 0
26 8 857.657 463.196 2.63796 7
28 24 388 188 2.61182 2
30 8 914.225 270.863 2.75465 1
30 30 919.882 287.833 2.56233 1
