0 26 1666.59 491.48 2.68933 1
2 0 876 284 2.71994 0
2 10 876 292 2.69032 0
8 2 884 284 2.69048 0
8 8 884 292 2.63985 0
32 8 65.6973 440.569 2.65618 3
32 32 1157.47 27.6183 2.60662 5
32 30 428 588 2.6118 6
32 30 1525.17 451.882 2.63778 5
32 30 840.686 412.284 2.66564 7
10 2 670.981 763.009 2.66762 3
10 34 1677.9 491.48 2.67407 1
10 16 269.344 350.059 2.66273 1
10 30 1672.24 485.823 2.67608 1
14 34 140 588 2.65616 0
4 24 132 580 2.66988 0
18 14 275.001 344.402 2.62587 1
22 22 280.658 350.059 2.65321 1
24 0 65.6973 451.882 2.65823 3
24 10 280.658 338.745 2.60651 1
26 8 71.3541 446.225 2.6216 3
26 18 286.315 344.402 2.58932 1
26 24 840.686 400.971 2.6312 7
