0 42 28 732 3.23764 2
0 54 36 732 3.194 2
0 70 268 404 3.28932 4
0 22 12 732 3.24803 2
0 108 43.0699 734.725 3.15321 1
0 30 20 732 3.27926 2
2 0 44 732 3.20958 4
2 84 348.54 395.314 3.2544 1
8 50 36 724 3.21357 2
8 64 260 412 3.24871 4
8 74 324 460 3.34179 0
32 78 348 460 3.57633 0
34 42 1530.82 638.558 3.17919 7
34 62 348 444 3.53765 0
34 70 348 452 3.58314 0
36 54 348 436 3.55219 0
36 94 356 476 3.59327 0
38 34 948 348 3.09231 2
38 38 348 420 3.41534 0
38 46 348 428 3.47122 0
38 80 356 460 3.57144 0
38 102 356 484 3.21805 0
10 46 28 724 3.25852 2
10 62 818.059 378.343 3.26476 5
40 72 356 452 3.5401 0
40 84 608.755 712.098 3.21088 7
40 104 54.3835 463.196 3.1894 1
42 64 682.294 118.128 3.1386 1
44 32 308.942 536.735 3.11416 1
44 56 356 436 3.54534 0
46 40 356 420 3.48589 0
46 48 356 428 3.51967 0
46 26 12 756 3.17634 0
48 38 1364 11.9999 3.23966 4
48 48 1364 3.99994 3.21734 4
48 80 364 460 3.49229 0
48 82 43.0698 451.882 3.25016 1
48 94 77.011 508.451 3.16213 5
50 36 1444 412 3.18509 0
50 64 364 444 3.54966 0
50 72 364 452 3.48996 0
52 56 364 436 3.53593 0
52 26 20 756 3.15833 0
54 50 364 428 3.53946 0
54 76 43.0699 440.569 3.25705 1
54 22 1610.02 50.2457 3.04643 5
54 90 460 556 3.20707 0
14 82 332 468 3.61232 0
14 90 332 476 3.55396 0
14 94 348 556 3.18948 2
56 34 364 412 3.4532 0
56 42 364 420 3.53307 0
56 88 1660.93 157.726 3.03001 7
58 38 1530.82 559.363 3.26473 7
58 66 372 444 3.53668 0
58 82 900 244 3.14126 0
60 50 372 428 3.53341 0
60 58 372 436 3.5324 0
62 18 1434.66 417.941 3.15025 7
16 74 332 460 3.60077 0
66 34 372 412 3.45526 0
66 58 380 436 3.28473 0
66 22 348 620 3.15703 4
66 22 364 396 3.4372 0
66 26 364 404 3.46303 0
70 10 31.7562 519.764 3.23033 7
70 44 380 420 3.48769 0
70 52 380 428 3.48492 0
70 62 190.148 395.314 3.15732 3
70 66 195.805 389.657 3.17074 3
18 66 332 452 3.58822 0
72 36 380 412 3.47443 0
74 36 492 492 3.30839 2
74 36 439.05 610.274 3.30535 1
74 18 26.0993 536.735 3.37172 7
74 22 433.393 593.304 3.39193 1
74 28 380 404 3.50318 0
76 20 380 396 3.51607 0
78 0 1242.32 191.667 3.27902 7
78 46 388 420 3.22258 0
78 48 1684 492 3.14622 6
78 14 380 388 3.51479 0
20 92 340 476 3.60082 0
20 98 340 484 3.40748 0
80 30 388 404 3.50313 0
82 22 388 396 3.51516 0
84 40 852 364 3.16197 0
84 50 1684 500 3.1307 6
84 14 388 388 3.51702 0
86 0 1253.64 202.981 3.24778 7
22 48 1513.85 632.902 3.2206 7
22 62 332 444 3.35764 0
22 84 340 468 3.60895 0
22 98 161.864 457.539 3.1908 1
88 12 468 476 3.29271 2
88 16 43.0699 553.705 3.329 7
90 16 396 388 3.32058 0
90 26 1236.67 219.951 3.23807 7
94 2 1491.22 293.49 3.26811 1
94 32 348 588 3.0649 2
6 90 356 564 3.2022 2
24 68 340 452 3.59984 0
24 76 340 460 3.60674 0
26 60 340 444 3.51252 0
28 54 340 436 3.40281 0
28 94 348 476 3.58608 0
28 100 348 484 3.43276 0
30 46 340 428 3.32394 0
30 86 348 468 3.57472 0
