0 0 876 284 2.72707 0
0 0 1151.81 157.726 2.70011 7
8 0 884 284 2.70471 0
8 2 1228 636 2.63928 2
34 6 460 556 2.62736 6
36 16 1570.42 338.745 2.67699 1
38 32 1508.2 310.461 2.73439 1
38 12 1491.22 293.49 2.68898 1
38 26 1372.43 400.971 2.69902 3
10 10 642.696 723.411 2.62599 7
12 26 324 564 2.70044 0
14 24 439.05 644.215 2.67407 3
4 22 1524 348 2.669 6
16 22 1148 44 2.66925 0
18 12 648.353 729.068 2.68168 7
18 18 642.696 734.725 2.71155 7
20 30 439.05 632.902 2.73617 3
22 0 140 316 2.65387 2
22 26 461.677 531.078 2.71544 1
6 8 884 292 2.65525 0
6 30 1516 348 2.65805 6
30 8 180 364 2.66236 6
30 32 433.393 627.245 2.72306 3
30 12 1485.57 299.147 2.67856 1
30 24 654.01 746.039 2.71561 7
