0 0 876 284 1.96161 0
0 8 65.6973 451.882 1.93089 1
0 34 1588 356 1.9015 4
0 34 1078.27 106.814 1.87692 7
0 10 876 292 1.92591 0
0 10 60.0405 355.716 1.91531 7
2 8 44 4.00002 1.92101 6
10 0 884 284 1.93742 0
14 18 820 668 1.88114 2
14 18 835.03 384 1.85584 5
14 30 148 492 1.88828 4
14 30 1440.31 593.304 1.91129 3
16 18 812 660 1.89779 2
16 28 388.138 604.617 1.88136 5
18 34 382.481 598.96 1.9253 5
20 30 1677.9 491.48 1.91065 7
22 30 140 596 1.93039 6
22 30 500 380 1.95279 4
24 0 376.824 604.617 1.89834 3
24 6 201.462 712.098 1.88448 5
24 26 1484 572 1.87813 6
