0 0 876 284 2.69294 0
0 34 868 708 2.63082 0
0 10 876 292 2.65665 0
0 22 420 4 2.61245 0
0 30 812.402 361.373 2.63215 5
8 2 884 284 2.67685 0
8 22 1700 91.9999 2.59799 2
10 24 428 4 2.58944 0
14 0 925.539 248.235 2.66202 1
18 10 468 516 2.68136 2
18 22 1146.16 152.069 2.56864 5
22 10 1452 60 2.65378 0
22 10 908.568 299.147 2.6561 1
6 30 82.6679 502.794 2.60115 7
24 34 892 260 2.55333 0
24 22 44 564 2.55894 0
26 0 1524 156 2.71223 4
26 8 1524 148 2.68575 4
26 24 892 252 2.55151 0
26 26 644 548 2.53591 6
