0 40 1610.02 163.383 2.66152 1
2 34 1604.36 157.726 2.63557 1
8 34 1225.35 627.245 2.62597 7
8 40 1219.7 632.902 2.63469 7
8 22 268 388 2.60532 4
10 8 892 252 2.61616 4
10 40 506.932 372.686 2.6222 5
14 40 636 540 2.58714 0
14 26 1372.43 695.127 2.53121 5
16 8 65.6973 361.372 2.55466 7
16 34 828 276 2.56624 2
18 6 1684 140 2.62425 2
20 40 332 588 2.60633 4
22 26 148 244 2.51806 2
6 18 268 396 2.64086 4
6 18 902.912 304.804 2.57968 3
6 18 54.3836 361.372 2.59492 7
24 8 892 524 2.59971 0
24 34 348 340 2.55703 0
26 0 1197.07 214.294 2.65889 5
26 8 12 572 2.57141 4
26 8 1191.41 208.638 2.59989 5
26 30 876 700 2.55238 6
30 0 900 516 2.68492 0
30 0 1180.1 321.775 2.68604 1
30 34 324 596 2.59795 4
30 10 652 4.00001 2.56694 6
30 40 324 588 2.60891 4
30 18 948 156 2.53304 4
30 30 20.4425 191.667 2.57188 7
