0 50 364 684 3.34877 2
0 18 44 732 3.21237 2
2 72 1655.27 570.676 3.39229 5
8 54 1666.59 581.99 3.59165 5
8 54 1095.24 214.294 3.29344 7
32 62 1649.62 598.961 3.69066 5
128 48 1615.68 689.47 3.70022 5
130 40 1621.33 695.127 3.68699 5
130 12 1027.36 78.5299 3.29239 5
132 32 1626.99 700.784 3.69109 5
134 56 1604.36 689.47 3.38631 5
134 24 1632.65 706.441 3.65184 5
34 52 1100.9 729.068 3.28018 1
34 80 1632.65 593.304 3.59741 5
34 88 789.775 644.215 3.25354 7
34 30 1677.9 615.931 3.66328 5
136 52 1610.02 695.127 3.61897 5
136 18 744.52 372.686 3.30752 1
138 42 1615.68 700.784 3.63132 5
138 66 1666.59 491.48 3.21704 7
140 36 1621.33 706.441 3.61578 5
140 56 1700 764 3.26376 0
142 50 1700 756 3.25256 0
142 22 1632.65 717.755 3.37158 5
142 6 36 724 3.23136 4
142 28 1626.99 712.098 3.61237 5
36 22 1683.56 621.588 3.62142 5
144 44 1610.02 706.441 3.60794 5
148 38 1615.68 712.098 3.61222 5
148 30 1621.33 717.755 3.51537 5
150 0 20 732 3.28687 4
38 38 1666.59 615.931 3.6805 5
38 48 1660.93 610.274 3.66489 5
38 14 1689.21 627.245 3.66109 5
38 72 1638.3 598.961 3.63274 5
38 88 828 428 3.31303 2
152 8 20 724 3.2547 4
154 48 1604.36 712.098 3.28543 5
158 0 12 732 3.24814 4
10 34 1225.35 627.245 3.26825 1
42 32 1672.24 621.588 3.66278 5
42 14 1689.21 638.558 3.53472 5
42 56 1649.62 610.274 3.6782 5
42 80 1626.99 598.961 3.41994 5
44 50 1655.27 615.931 3.68666 5
44 24 1677.9 627.245 3.63725 5
46 0 767.147 632.902 3.39235 3
46 8 772.804 627.245 3.39819 3
46 42 1660.93 621.588 3.6854 5
46 16 1683.56 632.902 3.64049 5
46 66 1638.3 610.274 3.65801 5
46 74 1632.65 604.617 3.6421 5
12 74 1649.62 576.333 3.62646 5
50 0 761.49 627.245 3.4054 3
50 34 1666.59 627.245 3.65324 5
50 60 1643.96 615.931 3.67187 5
52 52 1649.62 621.588 3.67676 5
52 18 1677.9 638.559 3.62137 5
52 26 1672.24 632.902 3.62064 5
54 10 1683.56 644.215 3.58293 5
54 44 1655.27 627.245 3.65968 5
54 76 1626.99 610.274 3.64204 5
14 40 1677.9 593.304 3.52222 5
14 80 692 620 3.22664 0
56 36 1660.93 632.902 3.68414 5
56 60 1638.3 621.588 3.65535 5
56 70 1632.65 615.931 3.64283 5
58 82 885.941 514.108 3.37053 3
58 6 1689.21 649.872 3.42051 5
58 26 1666.59 638.559 3.6431 5
60 54 1643.96 627.245 3.64687 5
60 20 1672.24 644.215 3.65837 5
62 46 1649.62 632.902 3.6926 5
64 38 1655.27 638.559 3.69993 5
66 64 1632.65 627.245 3.65908 5
66 80 820 396 3.33073 2
66 80 778.461 632.901 3.34663 7
66 6 1683.56 655.529 3.61504 5
66 30 1660.93 644.215 3.66649 5
68 56 1638.3 632.902 3.64714 5
70 48 1643.96 638.559 3.69258 5
70 14 1672.24 655.529 3.65033 5
70 72 1621.33 627.245 3.61981 5
18 58 1660.93 587.647 3.63864 5
18 26 1689.21 604.617 3.46254 5
72 40 1649.62 644.215 3.70491 5
74 8 1677.9 661.186 3.58433 5
74 32 1655.27 649.872 3.66682 5
74 58 1632.65 638.558 3.61991 5
74 66 1626.99 632.902 3.61384 5
76 24 1660.93 655.529 3.66515 5
78 0 716.236 581.99 3.32826 3
78 50 1638.3 644.215 3.67573 5
78 16 1666.59 661.186 3.63173 5
78 74 1615.68 632.902 3.35849 5
20 42 1672.24 598.961 3.63856 5
20 50 1666.59 593.304 3.63703 5
20 16 1502.54 632.902 3.25888 7
20 76 1643.96 581.99 3.59597 5
80 10 1672.24 666.843 3.64672 5
80 68 1621.33 638.559 3.62268 5
80 80 68 452 3.23337 6
82 0 1593.05 553.706 3.31968 1
82 36 1649.62 655.529 3.66128 5
82 60 1626.99 644.215 3.62567 5
82 26 1655.27 661.186 3.65102 5
86 54 1632.65 649.872 3.61849 5
86 20 1660.93 666.843 3.66972 5
22 34 1677.9 604.617 3.62111 5
22 68 1649.62 587.647 3.65114 5
88 12 1666.59 672.5 3.67447 5
88 58 1621.33 649.872 3.63288 5
88 68 1615.68 644.215 3.55851 5
90 0 1049.99 67.2162 3.36452 5
90 38 1643.96 661.186 3.6305 5
92 54 1626.99 655.529 3.64241 5
92 30 1649.62 666.843 3.64558 5
94 72 1598.7 649.872 3.35509 5
94 22 1655.27 672.5 3.67616 5
6 36 1676 492 3.28067 2
6 74 844 348 3.31942 2
6 74 472.991 508.451 3.28092 3
6 28 1668 492 3.266 2
24 60 1655.27 593.304 3.64349 5
96 14 1660.93 678.156 3.67511 5
98 40 1638.3 666.843 3.66818 5
98 64 1615.68 655.529 3.61236 5
98 30 750.177 140.755 3.25488 1
100 58 1621.33 661.186 3.61718 5
102 2 744.52 361.373 3.32515 1
102 36 761.49 140.755 3.26957 1
102 50 1626.99 666.843 3.6667 5
102 24 1649.62 678.156 3.69962 5
26 52 1660.93 598.961 3.62219 5
26 88 228 236 3.23629 0
26 88 546.53 344.402 3.24143 5
26 28 1683.56 610.274 3.63319 5
104 42 1632.65 672.5 3.66763 5
104 16 1655.27 683.813 3.69275 5
106 8 1516 636 3.32063 0
106 14 1655.27 695.127 3.36473 5
108 34 1638.3 678.156 3.64785 5
108 60 1615.68 666.843 3.55139 5
110 52 1621.33 672.5 3.63895 5
110 26 1643.96 683.813 3.70079 5
28 44 1666.59 604.617 3.61321 5
28 78 1638.3 587.647 3.632 5
28 20 1689.21 615.931 3.63388 5
112 10 755.833 361.373 3.29934 1
112 44 1626.99 678.156 3.65913 5
112 18 1649.62 689.47 3.68616 5
114 36 1632.65 683.813 3.62655 5
114 70 1587.39 661.186 3.25066 5
116 60 1610.02 672.5 3.52771 5
118 54 1615.68 678.156 3.69415 5
118 14 1508 636 3.27916 0
118 28 1638.3 689.47 3.66319 5
30 10 331.569 502.794 3.29004 1
30 14 1694.87 621.588 3.30866 5
30 70 1643.96 593.304 3.64095 5
120 46 1621.33 683.813 3.69524 5
120 22 1643.96 695.127 3.65287 5
122 38 1626.99 689.47 3.67923 5
122 12 1033.02 72.873 3.30647 5
124 30 1632.65 695.127 3.664 5
126 56 1610.02 683.813 3.68933 5
