0 46 1692 500 3.24168 2
2 0 44 732 3.27962 4
2 58 529.559 440.569 3.21395 1
8 60 755.834 361.373 3.29776 5
8 62 1492 684 3.24597 0
32 52 1293.23 740.382 3.5417 3
34 46 1287.58 746.039 3.57984 3
34 72 738.863 367.029 3.31578 5
36 38 1281.92 751.696 3.58272 3
36 20 916 276 3.32048 0
38 62 1293.23 729.068 3.5639 3
38 68 1060 596 3.31747 4
38 30 1276.26 757.352 3.56713 3
40 56 1287.58 734.725 3.61118 3
40 70 914.226 270.863 3.34089 5
40 22 1270.61 763.009 3.52182 3
42 48 1281.92 740.382 3.64035 3
44 40 1276.26 746.039 3.63363 3
46 32 1270.61 751.696 3.60573 3
46 64 1287.58 723.411 3.53876 3
48 8 908 276 3.34587 0
48 16 1259.29 763.009 3.51466 3
48 24 1264.95 757.352 3.54537 3
50 42 1270.61 740.382 3.63989 3
50 50 1276.26 734.725 3.61958 3
54 0 916 268 3.35323 0
54 0 1626.99 553.706 3.2963 7
54 34 1264.95 746.039 3.60279 3
54 60 1276.26 723.411 3.63393 3
54 66 1281.92 717.754 3.60326 3
14 56 1310.21 746.039 3.48764 3
56 52 1270.61 729.068 3.60021 3
58 44 1264.95 734.725 3.62615 3
58 12 1247.98 763.009 3.43964 3
58 18 1253.64 757.352 3.55455 3
60 36 1259.29 740.382 3.58829 3
62 62 1270.61 717.754 3.61704 3
62 68 1276.26 712.098 3.61085 3
62 28 1253.64 746.039 3.59758 3
16 34 884 516 3.19944 6
16 50 1304.55 751.696 3.49377 3
64 54 1264.95 723.411 3.62422 3
64 14 1242.32 757.352 3.40603 3
64 20 1247.98 751.695 3.59364 3
66 46 1259.29 729.068 3.63113 3
66 72 1281.92 706.441 3.3515 3
68 38 1253.64 734.725 3.62017 3
68 70 1270.61 706.441 3.63795 3
70 62 1264.95 712.098 3.63279 3
70 86 902.912 270.863 3.34969 5
70 30 1247.98 740.382 3.582 3
18 42 1298.89 757.352 3.47848 3
72 10 190.148 395.314 3.20765 1
72 56 1259.29 717.754 3.6718 3
72 22 1242.32 746.039 3.60035 3
74 48 1253.64 723.411 3.67943 3
76 40 1247.98 729.068 3.61405 3
78 32 1242.32 734.725 3.61507 3
78 14 823.716 406.627 3.23233 7
78 66 1259.29 706.441 3.65271 3
78 72 1264.95 700.784 3.65272 3
78 86 897.255 276.52 3.36144 5
78 26 1236.67 740.382 3.52238 3
80 56 1253.64 712.098 3.66461 3
80 20 684 540 3.27799 4
80 82 1516 636 3.32481 4
82 50 1247.98 717.754 3.67621 3
84 42 1242.32 723.411 3.58991 3
84 76 1259.29 695.127 3.64404 3
86 34 1236.67 729.068 3.60467 3
86 68 1253.64 700.784 3.6412 3
86 26 1632.65 751.696 3.23536 5
22 0 20 732 3.30006 4
22 34 1293.23 763.009 3.33077 3
22 58 1304.55 740.382 3.51189 3
22 28 546.53 434.912 3.17783 3
88 60 1247.98 706.441 3.64525 3
88 22 1212 652 3.21723 0
88 24 682.294 593.304 3.25336 3
90 52 1242.32 712.098 3.66216 3
90 84 1061.3 55.9025 3.29977 1
90 22 884 188 3.19654 6
92 38 1231.01 723.411 3.47549 3
92 44 1236.67 717.754 3.56071 3
92 76 1253.64 689.47 3.61967 3
94 32 37.4131 197.324 3.17269 5
94 34 676 532 3.26396 4
94 68 1247.98 695.127 3.61072 3
24 52 1298.89 746.039 3.55013 3
24 66 648.353 502.794 3.33368 7
24 70 744.52 361.373 3.34702 5
24 20 1044 68 3.28516 4
96 62 1242.32 700.784 3.63667 3
98 38 767.147 361.373 3.21144 1
98 46 1231.01 712.098 3.43023 3
98 54 1236.67 706.441 3.66487 3
98 84 1253.64 678.156 3.32841 3
100 78 1247.98 683.813 3.6281 3
102 70 1242.32 689.47 3.62919 3
26 44 1293.23 751.696 3.56345 3
26 70 532 444 3.24738 0
104 56 1231.01 700.784 3.63255 3
106 82 1242.32 678.156 3.5475 3
108 74 1236.67 683.813 3.53154 3
110 66 1231.01 689.47 3.51081 3
28 36 1287.58 757.352 3.5306 3
114 82 1236.67 672.5 3.41075 3
116 50 1220 660 3.21417 0
116 74 1231.01 678.156 3.38521 3
30 60 1298.89 734.725 3.50531 3
30 28 1281.92 763.009 3.41327 3
