0 54 44 724 3.25227 6
0 58 20 732 3.23556 2
2 20 892 724 3.29537 0
8 40 303.285 689.47 3.29696 1
8 20 900 724 3.5723 0
32 2 924 708 3.56404 0
32 12 924 716 3.83499 0
32 20 924 724 3.81651 0
34 72 1021.71 84.1867 3.26463 1
36 52 932 756 3.86075 0
36 60 932 764 3.78253 0
38 36 932 740 3.86629 0
38 44 932 748 3.85384 0
38 28 932 732 3.87085 0
10 34 297.628 683.813 3.3335 1
10 62 28 724 3.22757 2
40 2 932 708 3.49064 0
40 12 932 716 3.82432 0
44 60 940 764 3.79628 0
46 38 940 740 3.84031 0
46 46 940 748 3.80578 0
46 54 940 756 3.79027 0
46 72 308 540 3.31959 6
46 28 940 732 3.80937 0
12 58 36 740 3.26531 6
48 2 940 708 3.43884 0
48 14 940 716 3.81847 0
52 54 948 756 3.84703 0
52 60 948 764 3.71147 0
54 38 948 740 3.87234 0
54 46 948 748 3.86023 0
54 22 948 724 3.8069 0
54 30 948 732 3.86155 0
14 34 908 740 3.76924 0
14 14 908 716 3.51059 0
14 26 908 732 3.77853 0
56 14 948 716 3.83136 0
56 66 416.422 463.196 3.42122 1
58 2 948 708 3.50258 0
60 54 956 756 3.85886 0
62 38 956 740 3.87849 0
62 46 956 748 3.85582 0
62 22 956 724 3.83012 0
62 30 956 732 3.87057 0
16 48 314.599 689.47 3.28736 1
16 54 342.883 593.304 3.27152 5
16 60 337.226 587.647 3.23588 5
16 30 303.285 678.156 3.35198 1
64 14 956 716 3.83458 0
64 72 857.657 338.745 3.36775 1
66 2 956 708 3.50108 0
68 54 964 756 3.8296 0
70 38 964 740 3.8698 0
70 46 964 748 3.82825 0
70 66 44 196 3.35833 0
70 22 964 724 3.79456 0
70 30 964 732 3.8653 0
72 8 604 740 3.46232 4
72 14 964 716 3.80593 0
74 16 612 724 3.32992 4
76 54 972 756 3.82342 0
78 32 972 732 3.84799 0
78 40 972 740 3.84747 0
78 66 540 436 3.35341 0
78 30 1276 732 3.26465 0
20 0 1052 68 3.36112 4
20 6 269.344 395.314 3.33911 5
80 16 972 716 3.80695 0
82 2 972 708 3.51371 0
84 56 980 756 3.8518 0
86 32 980 732 3.87296 0
86 40 980 740 3.86983 0
86 48 980 748 3.8553 0
86 24 980 724 3.82648 0
22 8 1502.54 632.902 3.30082 7
22 36 916 740 3.84291 0
22 44 916 748 3.82478 0
22 56 908 764 3.30048 0
22 20 916 724 3.82107 0
22 28 916 732 3.82024 0
88 16 980 716 3.83672 0
90 72 914.225 157.726 3.31751 1
92 56 988 756 3.84947 0
92 64 988 764 3.80124 0
94 32 988 732 3.86399 0
94 10 988 708 3.42938 0
94 40 988 740 3.87387 0
94 48 988 748 3.85211 0
94 24 988 724 3.82367 0
6 36 371.167 610.274 3.29411 5
6 42 359.854 598.96 3.29228 5
24 12 916 716 3.82394 0
96 16 988 716 3.83022 0
100 58 996 756 3.83471 0
100 64 996 764 3.78826 0
102 32 996 732 3.85827 0
102 40 996 740 3.86285 0
102 48 996 748 3.83579 0
102 14 996 708 3.5743 0
102 24 996 724 3.78576 0
26 38 314.599 678.156 3.3506 1
104 16 996 716 3.80406 0
104 6 410.766 468.853 3.40121 5
106 72 846.343 689.47 3.23138 7
108 58 1004 756 3.82195 0
110 34 1004 732 3.86518 0
110 42 1004 740 3.85934 0
110 48 1004 748 3.82875 0
28 2 1044 68 3.37972 4
28 52 924 756 3.85065 0
112 0 744.52 361.373 3.33542 1
112 12 1004 708 3.56634 0
112 18 1004 716 3.81203 0
112 26 1004 724 3.78491 0
114 44 1012 740 3.60902 0
114 72 761.49 355.716 3.20882 3
118 34 1012 732 3.63313 0
118 64 919.882 265.206 3.24022 3
30 36 924 740 3.87757 0
30 44 924 748 3.86267 0
30 60 924 764 3.72612 0
30 70 308 524 3.23582 6
30 28 924 732 3.87574 0
120 34 885.941 287.833 3.35045 3
120 12 1012 708 3.43907 0
120 58 857.657 451.882 3.26568 1
120 66 863.314 457.539 3.20188 1
120 18 1012 716 3.74258 0
126 0 476 532 3.33829 6
126 54 885.941 276.52 3.27027 3
126 30 897.255 276.52 3.35017 3
