0 0 1496.88 197.324 3.26821 7
0 8 1677.9 491.48 3.22256 3
0 34 1404 11.9999 3.41526 2
0 46 1380 11.9999 3.45002 2
0 90 1420 11.9999 3.46033 2
0 98 1428 11.9999 3.49317 2
0 98 258.03 417.941 3.36877 3
0 104 1066.96 219.951 3.28543 7
2 52 1388 11.9999 3.45353 2
8 104 1524 380 3.25868 0
32 40 708 572 3.44486 4
32 84 724 532 3.4324 4
32 104 732 516 3.4881 4
34 66 716 548 3.50136 4
34 24 700 588 3.44176 4
36 22 699.265 587.647 3.37178 3
36 92 724 524 3.46213 4
38 32 700 580 3.47206 4
38 42 704.922 570.676 3.42514 3
38 12 892 252 3.26036 6
38 50 704.922 559.362 3.42236 3
38 56 708 556 3.47854 4
38 100 724 516 3.46344 4
10 0 382.481 598.96 3.26542 1
10 90 1420 3.99994 3.45926 2
40 32 699.265 576.333 3.41596 3
40 38 700 572 3.45259 4
40 94 721.892 519.765 3.39917 3
40 110 748 364 3.25479 4
42 0 44 732 3.17677 4
42 52 708 564 3.41965 4
42 64 708 548 3.48977 4
42 70 710.579 542.392 3.48619 3
42 18 682.294 593.304 3.33697 3
42 82 716 532 3.50386 4
42 24 687.951 587.647 3.37405 3
44 90 716 524 3.35279 4
46 62 704.922 548.049 3.43273 3
46 80 710.579 531.078 3.49097 3
12 32 724 588 3.35296 4
12 40 727.549 581.99 3.35877 3
12 50 732 572 3.47556 4
12 22 721.892 598.96 3.335 3
12 104 755.833 531.078 3.31994 3
48 24 682.294 581.99 3.34441 3
48 24 846.343 429.255 3.29272 7
48 96 716.235 514.108 3.33094 3
48 102 652 508 3.27683 6
50 42 692 564 3.35709 4
50 56 699.265 553.706 3.40334 3
50 72 704.922 536.735 3.4614 3
50 86 708 524 3.39834 4
50 22 852 434.912 3.24517 7
50 90 710.579 519.765 3.35289 3
50 26 1049.99 89.8436 3.28347 5
54 0 20 732 3.25007 4
54 40 687.951 565.019 3.3464 3
54 50 692 556 3.37728 4
54 66 699.265 542.392 3.45693 3
54 82 704.922 525.421 3.37195 3
54 30 684 580 3.32984 4
14 40 724 580 3.37522 4
14 14 716.235 604.617 3.37361 3
14 58 732 564 3.50451 4
14 58 733.206 565.019 3.4387 3
14 74 740 548 3.45532 4
14 102 748 524 3.43217 4
56 58 693.608 548.049 3.36937 3
56 96 1638.3 757.352 3.23816 7
58 42 682.294 559.362 3.27146 3
58 18 900 260 3.11899 6
58 82 700 524 3.32064 4
62 34 676 580 3.32722 4
62 48 684 556 3.42169 4
62 66 692 540 3.41301 4
62 72 692 532 3.43615 4
16 82 740 540 3.5002 4
64 38 772 668 3.18863 4
64 42 676 572 3.3352 4
66 58 1500 628 3.29299 0
68 72 687.951 531.078 3.36269 3
70 38 857.657 406.627 3.17099 7
70 46 852 412.284 3.24044 7
70 70 684 532 3.4403 4
18 8 710.579 610.274 3.22022 3
18 48 724 572 3.52112 4
18 66 732 556 3.49315 4
18 90 740 532 3.49047 4
18 24 716.235 593.304 3.35846 3
18 104 750.177 525.421 3.31652 3
72 50 668 564 3.29271 4
72 66 1508 636 3.30138 0
72 82 1496.88 627.245 3.20029 3
74 46 852 400.971 3.23588 7
74 62 844 244 3.29193 6
76 66 755.833 361.373 3.25292 1
78 78 65.6974 440.568 3.09678 5
20 56 724 564 3.50157 4
20 16 710.579 598.96 3.37948 3
20 74 732 548 3.50594 4
20 30 716 588 3.36392 4
80 74 1676 132 3.15145 4
22 98 740 524 3.50521 4
6 70 778.461 632.902 3.37187 1
6 104 269.344 395.314 3.31211 3
24 10 704.922 604.617 3.29084 3
24 106 740 516 3.45733 4
26 42 812 660 3.40469 4
26 62 724 556 3.47353 4
26 70 724 548 3.489 4
26 106 738.863 514.108 3.31917 3
26 28 710.579 587.647 3.38023 3
28 18 704.922 593.304 3.36404 3
28 26 708 588 3.44625 4
30 34 708 580 3.44513 4
30 52 716 564 3.47368 4
30 78 724 540 3.47963 4
30 94 732 524 3.47786 4
