0 72 44 732 3.19195 6
0 6 20 732 3.21721 2
2 42 812 340 3.35074 0
2 66 1666.59 491.48 3.17949 1
8 10 28 724 3.19939 2
8 72 1677.9 491.48 3.17818 1
32 56 844 356 3.86068 0
32 64 844 364 3.87158 0
32 72 844 372 3.89171 0
34 32 844 332 3.86943 0
34 40 844 340 3.88915 0
34 48 844 348 3.89046 0
34 24 844 324 3.86078 0
36 16 844 316 3.86158 0
38 78 1276 28 3.37078 6
10 46 820 348 3.80779 0
10 54 820 356 3.79081 0
10 6 20 724 3.18321 2
10 30 820 332 3.39343 0
40 56 852 356 3.87613 0
40 64 852 364 3.89699 0
40 72 852 372 3.89817 0
42 32 852 332 3.89453 0
42 40 852 340 3.89777 0
42 48 852 348 3.89039 0
44 10 852 308 3.69344 0
44 16 852 316 3.87656 0
44 24 852 324 3.87163 0
46 0 852 300 3.46758 0
12 38 820 340 3.77012 0
12 12 902.912 270.863 3.20166 7
12 62 820 364 3.70994 0
12 18 897.255 276.52 3.22558 7
12 28 489.961 683.813 3.28369 7
48 64 860 364 3.86761 0
48 72 860 372 3.87956 0
48 80 860 380 3.78148 0
50 34 860 332 3.89212 0
50 40 860 340 3.89632 0
50 48 860 348 3.87598 0
50 56 860 356 3.87254 0
50 24 860 324 3.83598 0
52 0 860 300 3.49001 0
52 10 860 308 3.77085 0
52 16 860 316 3.85477 0
56 0 1404 11.9999 3.41627 4
56 58 868 356 3.82884 0
56 66 868 364 3.86082 0
56 72 868 372 3.85992 0
56 80 868 380 3.78311 0
56 88 1525.17 191.667 3.17347 7
58 34 868 332 3.86192 0
58 42 868 340 3.88481 0
58 48 868 348 3.83094 0
60 10 868 308 3.76034 0
60 16 868 316 3.84247 0
60 26 868 324 3.8562 0
16 42 433.393 581.99 3.52778 1
16 12 1676 492 3.25945 2
16 62 828 364 3.87956 0
16 70 828 372 3.85697 0
16 18 1684 492 3.26402 2
16 74 828 380 3.46628 0
16 82 548 764 3.17825 0
64 66 876 364 3.87888 0
64 74 876 372 3.87999 0
64 82 876 380 3.77707 0
66 34 876 332 3.88411 0
66 42 876 340 3.89115 0
66 50 876 348 3.86891 0
66 58 876 356 3.86901 0
68 10 876 308 3.78029 0
68 18 876 316 3.89812 0
68 26 876 324 3.8959 0
70 0 439.05 531.078 3.39712 1
70 86 1468.6 485.823 3.21795 7
18 38 828 340 3.8885 0
18 46 828 348 3.90676 0
18 54 828 356 3.90619 0
18 60 492 492 3.36754 2
18 62 489.961 389.657 3.45587 1
72 66 884 364 3.87608 0
72 74 884 372 3.86504 0
74 2 444.707 525.421 3.36183 1
74 34 884 332 3.8909 0
74 42 884 340 3.88731 0
74 50 884 348 3.87572 0
74 58 884 356 3.86151 0
76 10 884 308 3.82685 0
76 18 884 316 3.89895 0
76 26 884 324 3.89103 0
78 78 1479.91 485.823 3.22362 7
20 30 828 332 3.85558 0
80 60 892 356 3.78607 0
80 66 892 364 3.68065 0
80 74 892 372 3.45785 0
80 78 127.923 604.617 3.14526 3
82 36 892 332 3.84744 0
82 42 892 340 3.84673 0
82 50 892 348 3.83229 0
82 72 780 636 3.15428 6
84 2 908 276 3.32379 0
84 10 892 308 3.84995 0
84 18 892 316 3.87949 0
84 26 892 324 3.87795 0
22 22 828 324 3.80073 0
88 56 900 356 3.52275 0
90 36 900 332 3.82597 0
90 44 900 340 3.83872 0
90 52 900 348 3.75034 0
92 12 900 308 3.8526 0
92 20 900 316 3.85466 0
92 28 900 324 3.83762 0
6 46 461.677 384 3.39867 1
6 62 478.648 400.971 3.35575 1
6 82 36 740 3.16593 6
24 62 836 364 3.84394 0
24 72 836 372 3.87481 0
96 44 908 340 3.79393 0
98 0 108 348 3.23303 0
98 36 908 332 3.81995 0
98 10 931.196 502.794 3.25664 5
98 12 908 308 3.83759 0
100 20 908 316 3.84038 0
100 28 908 324 3.81569 0
102 0 1491.22 293.49 3.1728 1
102 50 924 340 3.19214 0
102 78 37.413 729.068 3.16614 7
26 38 836 340 3.88491 0
26 46 836 348 3.90561 0
26 54 836 356 3.89788 0
104 22 916 316 3.57381 0
106 40 924 332 3.37892 0
106 28 916 324 3.64642 0
28 2 1428 11.9999 3.37488 4
28 14 836 316 3.85366 0
28 22 836 324 3.86108 0
28 30 836 332 3.85507 0
112 78 43.0699 734.725 3.17378 7
30 8 1260 28 3.33774 4
