0 34 1208.38 214.294 3.22723 7
0 14 1660.93 10.6477 3.32586 7
0 56 43.0699 734.725 3.07734 1
0 22 1655.27 16.3046 3.31402 7
2 0 1378.09 395.314 3.3561 7
32 20 161.864 434.912 3.65431 7
34 12 167.521 429.255 3.64984 7
38 40 156.207 451.882 3.63813 7
38 30 161.864 446.225 3.64377 7
10 16 144.893 417.941 3.51747 7
10 30 133.58 429.255 3.39787 7
40 22 167.521 440.568 3.65918 7
42 14 173.177 434.912 3.65292 7
44 38 1146.16 197.324 3.41599 1
44 48 156.207 463.196 3.63452 7
46 0 1412 11.9999 3.3115 4
46 50 1157.47 208.638 3.25522 1
12 8 150.55 412.284 3.55445 7
48 24 173.177 446.225 3.64345 7
50 16 178.834 440.568 3.64799 7
52 10 184.491 434.912 3.59376 7
52 48 161.864 468.853 3.65042 7
54 0 1236 20 3.36317 4
54 34 173.177 457.539 3.64946 7
54 40 167.521 463.196 3.66433 7
54 56 580 748 3.4511 0
14 32 139.236 434.911 3.63604 7
14 40 1485.57 299.147 3.26469 5
56 26 178.834 451.882 3.63462 7
58 56 572 748 3.44977 0
58 18 184.491 446.225 3.63197 7
60 10 190.148 440.568 3.64135 7
60 40 173.177 468.853 3.66525 7
60 50 167.521 474.51 3.65023 7
62 0 1228 20 3.36225 4
62 34 178.834 463.196 3.65882 7
16 26 144.893 429.255 3.61678 7
64 28 184.491 457.539 3.66511 7
66 12 195.805 446.225 3.61169 7
66 20 190.148 451.882 3.61289 7
68 44 178.834 474.51 3.58745 7
70 36 184.491 468.853 3.68777 7
70 50 173.177 480.166 3.52326 7
18 2 1502.54 327.432 3.33568 5
18 8 156.207 417.941 3.62195 7
18 48 900 244 3.14592 2
18 16 150.55 423.598 3.62173 7
72 0 325.913 531.078 3.35688 1
72 28 190.148 463.196 3.67058 7
74 12 201.462 451.882 3.64621 7
74 48 1564.76 106.814 3.30184 1
74 20 195.805 457.539 3.65501 7
76 46 184.491 480.166 3.61122 7
78 0 1388 11.9999 3.36095 4
78 38 190.148 474.51 3.66499 7
80 30 195.805 468.853 3.66865 7
82 48 190.148 485.823 3.49594 7
82 14 207.119 457.539 3.6704 7
82 56 836 324 3.32681 4
82 22 201.462 463.196 3.67257 7
86 34 201.462 474.51 3.67913 7
86 40 195.805 480.166 3.6845 7
22 34 144.893 440.568 3.65523 7
22 56 324 500 3.11204 6
90 24 207.119 468.853 3.67638 7
92 10 218.432 457.539 3.59046 7
92 42 201.462 485.823 3.66704 7
92 16 212.776 463.196 3.65668 7
94 34 207.119 480.166 3.68357 7
94 50 31.7561 519.765 3.28552 3
6 38 1491.22 293.49 3.20028 5
6 24 1660.93 21.9614 3.25653 7
24 26 150.55 434.911 3.64515 7
96 40 959.48 350.059 3.26937 5
96 6 1348 36 3.38057 6
98 48 207.119 502.794 3.26019 7
98 14 532 732 3.44038 6
98 26 212.776 474.51 3.66656 7
100 10 224.089 463.196 3.58318 7
100 4 229.746 457.539 3.3825 7
100 18 218.432 468.853 3.67652 7
26 10 161.864 423.598 3.62373 7
26 56 224.089 384 3.25595 5
26 18 156.207 429.255 3.61415 7
28 42 144.893 451.882 3.59298 7
30 36 150.55 446.225 3.63501 7
30 56 548 676 3.24241 4
