0 48 1652 764 3.31941 0
0 62 12 732 3.21822 2
0 70 20 732 3.24522 2
2 30 818.059 367.029 3.232 5
8 24 818.059 378.343 3.24811 5
32 36 940 36 3.85838 0
32 20 940 20 3.85103 0
32 28 940 28 3.8654 0
34 0 857.657 485.823 3.28731 7
34 12 940 12 3.86409 0
38 44 948 44 3.77106 0
38 52 948 52 3.77362 0
38 60 948 60 3.70906 0
10 34 916 36 3.45904 0
10 70 20 724 3.2062 2
40 36 948 36 3.84736 0
40 12 948 12 3.85721 0
40 20 948 20 3.86264 0
40 28 948 28 3.86136 0
46 0 427.736 463.196 3.44986 5
46 46 956 44 3.75478 0
46 54 956 52 3.75693 0
46 60 956 60 3.69957 0
48 38 956 36 3.81519 0
48 20 956 20 3.83289 0
48 30 956 28 3.85407 0
50 14 956 12 3.83143 0
54 46 964 44 3.76771 0
54 54 964 52 3.77178 0
54 62 964 60 3.73749 0
14 42 924 44 3.7353 0
14 50 924 52 3.73742 0
56 38 964 36 3.85005 0
56 66 964 68 3.42414 0
56 22 964 20 3.83882 0
56 30 964 28 3.86779 0
58 0 422.079 468.853 3.4564 5
58 14 964 12 3.84878 0
62 46 972 44 3.74524 0
62 54 972 52 3.75912 0
62 62 972 60 3.72811 0
16 34 924 36 3.76624 0
16 26 924 28 3.76211 0
64 38 972 36 3.85061 0
64 22 972 20 3.84492 0
64 30 972 28 3.86583 0
66 14 972 12 3.84035 0
66 76 523.903 367.029 3.35809 5
70 54 980 52 3.77804 0
70 62 980 60 3.72401 0
70 70 980 68 3.69866 0
70 76 1516 636 3.42168 4
18 62 1676 492 3.25911 0
72 32 980 28 3.85558 0
72 40 980 36 3.85775 0
72 24 980 20 3.82852 0
74 8 704.922 559.362 3.4008 3
74 16 980 12 3.85841 0
76 42 1692 756 3.33117 4
76 72 988 68 3.73285 0
76 6 648.353 502.794 3.40047 3
78 48 988 44 3.78959 0
78 56 988 52 3.79616 0
78 64 988 60 3.75694 0
20 22 924 20 3.52808 0
80 32 988 28 3.87805 0
80 40 988 36 3.86601 0
80 24 988 20 3.8569 0
82 16 988 12 3.86521 0
82 6 642.696 497.137 3.39039 3
84 72 996 68 3.77214 0
86 48 996 44 3.77664 0
86 56 996 52 3.78127 0
86 64 996 60 3.76231 0
22 2 1089.59 593.304 3.22368 7
22 44 932 44 3.69484 0
22 52 932 52 3.733 0
22 14 924 12 3.35608 0
88 32 996 28 3.86883 0
88 40 996 36 3.85805 0
88 6 631.383 485.823 3.32726 3
88 24 996 20 3.85555 0
90 16 996 12 3.85002 0
90 82 529.559 440.568 3.33667 7
90 6 468 524 3.31606 6
90 6 1219.7 666.843 3.28782 7
92 66 1004 60 3.75603 0
92 72 1004 68 3.71396 0
94 50 1004 44 3.76003 0
94 58 1004 52 3.78087 0
6 74 28 724 3.22486 2
24 34 932 36 3.80591 0
24 18 932 20 3.76404 0
24 26 932 28 3.82298 0
96 34 1004 28 3.8107 0
96 42 1004 36 3.79843 0
96 82 1036 76 3.33614 0
96 26 1004 20 3.75165 0
100 16 660 516 3.3367 4
100 66 1012 60 3.72661 0
100 6 1516 348 3.08409 2
102 50 1012 44 3.75689 0
102 58 1012 52 3.76599 0
26 12 932 12 3.6859 0
104 34 1012 28 3.77114 0
104 42 1012 36 3.76281 0
104 72 1638.3 757.352 3.24698 7
104 30 1012 20 3.5142 0
106 22 652 508 3.36608 4
30 44 940 44 3.75835 0
30 52 940 52 3.77595 0
30 58 940 60 3.47878 0
