2 0 44 732 3.23547 4
32 68 1519.51 219.951 3.67273 7
32 76 1513.85 225.608 3.661 7
32 110 1485.57 242.579 3.70392 7
34 58 1332 372 3.17104 0
34 84 1508.2 231.265 3.71198 7
34 116 1479.91 248.236 3.63561 7
36 44 1542.14 208.638 3.57277 7
36 92 1502.54 236.922 3.71656 7
38 32 260 396 3.0735 4
38 38 1547.79 202.981 3.34173 7
38 38 1400.71 576.333 3.12019 1
38 42 1404 572 3.13741 2
38 52 1536.48 214.295 3.6126 7
38 22 1049.99 67.2162 3.0271 3
38 100 1496.88 242.579 3.71681 7
10 74 1491.22 293.49 3.21787 7
10 82 1496.88 208.638 3.55857 7
10 90 1491.22 214.294 3.63343 7
10 106 188 532 3.11684 6
10 106 467.334 525.421 3.20267 3
10 110 241.06 525.421 3.187 5
40 34 1553.45 208.638 3.61808 7
40 60 1530.82 219.951 3.68334 7
40 68 1525.17 225.608 3.68613 7
40 76 1519.51 231.265 3.65887 7
40 20 1072.62 259.549 3.10734 1
40 108 1491.22 248.236 3.71231 7
42 42 1547.79 214.295 3.68071 7
42 18 844 244 3.09778 4
42 82 1513.85 236.922 3.69645 7
42 116 1485.57 253.892 3.67064 7
44 8 31.7562 700.784 3.26662 3
44 32 1340 340 3.17102 0
44 50 1542.14 219.951 3.67428 7
44 90 1508.2 242.579 3.7194 7
46 98 1502.54 248.236 3.7205 7
46 26 1559.11 202.981 3.31105 7
12 96 1485.57 219.951 3.66871 7
48 32 1559.11 214.295 3.67701 7
48 66 1530.82 231.265 3.67429 7
48 72 1525.17 236.922 3.6523 7
48 114 1491.22 259.549 3.65264 7
50 0 20.4424 700.784 3.28817 3
50 8 26.0993 695.127 3.27174 3
50 40 1553.45 219.951 3.67993 7
52 48 1547.79 225.608 3.66509 7
52 56 1542.14 231.265 3.66203 7
52 82 1519.51 242.579 3.63985 7
52 90 1513.85 248.236 3.65662 7
52 96 1508.2 253.892 3.63131 7
54 22 1570.42 214.294 3.64611 7
54 104 1502.54 259.549 3.62995 7
14 104 1479.91 225.608 3.63722 7
56 38 1559.11 225.608 3.7017 7
56 72 1530.82 242.579 3.67663 7
56 30 1564.76 219.951 3.6758 7
58 80 1525.17 248.236 3.6556 7
60 46 1553.45 231.265 3.68737 7
60 54 1547.79 236.922 3.68452 7
60 88 1519.51 253.892 3.63947 7
60 102 1502.54 270.863 3.36631 7
60 110 1496.88 276.52 3.22296 7
60 114 65.6974 451.882 3.12167 5
62 62 1542.14 242.579 3.70109 7
62 22 1576.08 219.951 3.63245 7
4 90 1485.57 208.638 3.35064 7
64 36 1564.76 231.265 3.6888 7
64 70 1536.48 248.236 3.68523 7
64 6 258.03 632.901 3.18646 5
64 28 1570.42 225.608 3.66864 7
66 44 1559.11 236.922 3.67729 7
66 18 380 644 3.17511 6
66 78 1530.82 253.892 3.60697 7
66 84 1525.17 259.549 3.52696 7
66 106 492 660 3.05833 2
68 52 1553.45 242.579 3.68734 7
70 62 1547.79 248.236 3.70813 7
18 70 1508.2 208.638 3.65901 7
72 32 1559.11 508.451 3.27156 5
72 42 1564.76 242.579 3.5098 7
72 68 1542.14 253.892 3.7123 7
72 76 1536.48 259.549 3.64127 7
72 82 1530.82 265.206 3.47434 7
74 88 823.716 406.627 3.16196 1
76 52 1559.11 248.236 3.57509 7
78 40 1547.79 508.451 3.28391 5
78 60 1553.45 253.892 3.65167 7
78 18 36 724 3.23748 6
20 96 1491.22 225.608 3.72783 7
80 34 1553.45 514.108 3.25542 5
80 44 1530.82 502.794 3.29759 5
80 66 1547.79 259.549 3.6199 7
80 80 764 628 3.11 6
82 78 823.716 395.314 3.16776 1
86 34 12 732 3.27997 6
86 14 36 732 3.23354 6
86 56 884 348 3.18681 6
86 22 28 732 3.24156 6
86 26 20 732 3.30413 6
22 86 1496.88 219.951 3.74081 7
22 114 1468.6 236.922 3.23602 7
6 98 1479.91 214.294 3.40739 7
6 112 676.638 768.666 3.03706 1
24 78 1508.2 219.951 3.67973 7
24 110 1479.91 236.922 3.69757 7
26 50 1525.17 202.981 3.44576 7
26 70 1513.85 214.294 3.69131 7
26 118 1474.25 242.579 3.54892 7
28 86 1502.54 225.608 3.74233 7
28 94 1496.88 231.265 3.73154 7
30 38 1055.65 61.5593 3.07322 3
30 60 1525.17 214.295 3.65155 7
30 102 1491.22 236.922 3.71944 7
