0 0 884 276 3.22426 4
0 46 20 732 3.27511 2
2 66 44 732 3.28871 2
2 26 1076 75.9999 3.2444 2
8 54 28 724 3.27122 2
32 60 467.334 638.558 3.66262 5
36 12 495.618 678.156 3.77896 5
36 20 489.961 672.5 3.77546 5
38 36 478.648 661.186 3.79776 5
38 44 472.991 655.529 3.75991 5
38 12 416.422 666.843 3.33548 1
38 30 484.305 666.843 3.78314 5
40 52 467.334 649.872 3.74816 5
40 60 461.677 644.215 3.68313 5
42 0 476 508 3.27827 6
44 12 489.961 683.813 3.75612 5
44 20 484.305 678.156 3.78155 5
46 36 472.991 666.843 3.79393 5
46 44 467.334 661.186 3.75711 5
46 28 478.648 672.5 3.78648 5
12 14 512.589 661.186 3.77963 5
12 22 506.932 655.529 3.77862 5
50 6 468 516 3.28128 6
52 20 478.648 683.813 3.71218 5
54 36 467.334 672.5 3.77925 5
54 44 461.677 666.843 3.76728 5
54 52 456.02 661.186 3.76123 5
54 14 484.305 689.47 3.56809 5
54 62 1677.9 491.48 3.20945 7
54 28 472.991 678.156 3.76719 5
14 30 501.275 649.872 3.77038 5
56 60 868.971 282.177 3.18342 1
62 34 461.677 678.156 3.74336 5
62 42 456.02 672.5 3.7314 5
62 50 450.364 666.843 3.70709 5
62 14 478.648 695.127 3.6678 5
62 4 133.58 587.647 3.22511 3
62 20 472.991 689.47 3.70691 5
62 28 467.334 683.813 3.7363 5
16 50 342.883 593.304 3.30227 5
16 56 337.226 587.647 3.27179 5
16 6 523.903 672.5 3.34408 5
64 58 444 404 3.15819 4
68 14 472.991 700.784 3.67983 5
68 18 467.334 695.127 3.73675 5
70 34 456.02 683.813 3.75996 5
70 42 450.364 678.156 3.76131 5
70 48 444.707 672.5 3.61658 5
70 26 461.677 689.47 3.74323 5
72 46 204 492 3.16132 0
72 56 68 452 3.15368 6
76 18 461.677 700.784 3.73461 5
78 34 450.364 689.47 3.76196 5
78 42 444.707 683.813 3.76356 5
78 14 467.334 706.441 3.68635 5
78 26 456.02 695.127 3.76155 5
20 14 506.932 666.843 3.77734 5
20 20 501.275 661.186 3.7701 5
80 14 932 284 3.32587 6
82 8 1202.72 118.128 3.24219 3
82 50 325.913 565.019 3.13506 7
84 18 456.02 706.441 3.75315 5
86 34 444.707 695.127 3.76823 5
86 40 439.05 689.47 3.72286 5
86 16 372 396 3.37276 6
86 26 450.364 700.784 3.76043 5
22 38 489.961 649.872 3.80105 5
22 46 484.305 644.215 3.65703 5
22 30 495.618 655.529 3.79673 5
88 48 9.12891 531.078 3.12266 5
90 42 268 596 3.33833 2
90 6 1068 220 3.13677 2
92 18 450.364 712.098 3.72651 5
94 34 439.05 700.784 3.76818 5
94 26 444.707 706.441 3.75473 5
6 10 884 292 3.1881 0
24 58 331.57 593.304 3.28792 5
96 40 1460 460 3.24236 6
100 18 444.707 717.754 3.5944 5
100 24 439.05 712.098 3.67957 5
102 32 433.393 706.441 3.67054 5
102 10 852 344.402 3.12407 5
104 22 260 572 3.30454 2
108 24 433.393 717.754 3.4685 5
110 38 44 740 3.15953 4
28 14 501.275 672.5 3.74421 5
114 0 43.0698 723.411 3.11413 1
30 38 484.305 655.529 3.80038 5
30 44 478.648 649.872 3.75799 5
30 52 472.991 644.215 3.72915 5
30 22 495.618 666.843 3.76059 5
30 30 489.961 661.186 3.79863 5
