0 0 806.745 355.716 3.33223 7
0 14 1380 11.9999 3.33472 2
0 62 1404 11.9999 3.32085 2
0 78 1428 11.9999 3.36209 2
0 22 1655.27 16.3046 3.33439 7
0 30 1412 11.9999 3.34047 2
2 98 1610.02 378.343 3.27455 5
2 104 14.7856 514.108 3.26769 7
8 102 258.03 689.47 3.4256 7
32 100 275.001 695.127 3.39913 7
32 106 1436 28 3.228 0
34 12 823.716 395.314 3.17773 7
34 74 572 740 3.5667 0
34 84 286.315 683.813 3.46207 7
34 106 88.3247 395.314 3.20004 1
36 54 372 668 3.60525 0
36 90 572 748 3.50347 0
38 34 308.942 638.558 3.55271 7
38 78 478.648 729.068 3.49478 7
38 110 1214.04 219.951 3.22249 5
10 0 1692 508 3.25256 0
10 40 280.658 632.901 3.52511 7
10 14 291.971 610.274 3.42604 7
10 58 269.344 644.215 3.51184 7
10 22 286.315 615.931 3.36544 7
10 88 644 756 3.3018 4
10 94 263.687 683.813 3.42624 7
40 70 364 676 3.59168 0
40 74 364 684 3.58226 0
42 46 291.971 655.529 3.5786 7
42 96 580 756 3.49719 0
42 108 1564 76 3.18191 0
46 0 28 732 3.149 4
46 10 28 724 3.1768 4
46 46 380 652 3.58948 0
46 78 484.304 734.725 3.48363 7
50 52 380 660 3.5681 0
50 90 297.628 695.127 3.3839 7
50 96 1324 468 3.22592 0
52 102 654.01 768.666 3.13388 7
54 66 380 668 3.60074 0
54 72 380 676 3.58337 0
54 82 303.285 689.47 3.42584 7
14 54 348 668 3.58576 0
14 74 548 740 3.54705 0
14 88 532 748 3.4675 0
14 102 260 692 3.43152 0
14 30 286.315 627.245 3.53711 7
56 38 1496.88 299.147 3.26642 1
56 44 258.03 644.215 3.26183 7
58 0 20 732 3.21484 4
58 70 280.658 678.156 3.54025 7
60 64 388 668 3.57147 0
4 6 1684 516 3.27938 0
16 50 280.658 644.215 3.55708 7
16 82 532 740 3.53214 0
18 2 818.059 367.029 3.23676 7
18 34 291.971 632.901 3.52766 7
18 12 300 612 3.28978 0
18 18 297.628 615.931 3.43124 7
18 104 263.687 695.127 3.39856 7
20 76 556 740 3.5734 0
22 42 356 652 3.54596 0
22 70 556 732 3.54779 0
22 106 268 700 3.31198 0
22 28 297.628 627.245 3.52799 7
6 34 1420 3.99994 3.33721 2
6 114 1491.22 293.49 3.26072 5
24 8 818.059 378.343 3.28931 7
26 2 823.716 372.686 3.24989 7
26 38 297.628 638.558 3.55941 7
26 46 356 660 3.58582 0
26 58 364 668 3.6004 0
26 18 303.285 621.588 3.4195 7
28 70 356 676 3.56846 0
30 78 356 684 3.5741 0
30 22 308 620 3.28628 0
30 90 564 748 3.50147 0
30 98 564 756 3.5265 0
30 30 303.285 632.901 3.53795 7
