0 0 44 732 3.23217 4
0 34 20 732 3.30754 2
0 50 36 732 3.22572 2
0 76 880.284 282.177 3.31392 7
0 78 1540 428 3.34587 6
0 86 1532 428 3.37212 6
0 26 12 732 3.27632 2
8 38 28 724 3.29585 2
8 84 659.667 548.049 3.64704 5
8 92 654.01 542.392 3.7086 5
32 36 676.638 598.96 3.84937 5
32 44 670.981 593.304 3.84508 5
32 52 665.324 587.647 3.84348 5
32 60 659.667 581.99 3.84385 5
32 68 654.01 576.333 3.84743 5
32 76 648.353 570.676 3.84693 5
32 20 687.951 610.274 3.83885 5
32 84 642.697 565.019 3.82376 5
32 92 637.04 559.362 3.73043 5
32 28 682.294 604.617 3.84959 5
34 14 693.608 615.931 3.59145 5
34 100 1445.97 440.569 3.15649 5
38 18 932 492 3.31228 4
38 94 428 476 3.20878 4
10 70 670.981 559.362 3.48517 5
10 76 665.324 553.706 3.55788 5
10 30 12 724 3.26227 2
40 36 670.981 604.617 3.84525 5
40 44 665.324 598.96 3.84773 5
40 52 659.667 593.304 3.84443 5
40 14 687.951 621.588 3.74698 5
40 60 654.01 587.647 3.84517 5
40 68 648.353 581.99 3.84114 5
40 76 642.697 576.333 3.8332 5
40 20 682.294 615.931 3.84834 5
40 84 637.04 570.676 3.78958 5
40 96 1185.75 214.294 3.09256 7
40 28 676.638 610.274 3.84685 5
42 2 196 388 3.24311 0
42 82 1612 172 3.1734 6
12 58 1436 420 3.27447 2
48 36 665.324 610.274 3.84418 5
48 44 659.667 604.617 3.84549 5
48 12 682.294 627.245 3.80703 5
48 52 654.01 598.96 3.84131 5
48 60 648.353 593.304 3.84454 5
48 68 642.697 587.647 3.83669 5
48 76 637.04 581.99 3.82417 5
48 20 676.638 621.588 3.84161 5
48 88 644 500 3.16377 6
48 28 670.981 615.931 3.83737 5
50 78 652 500 3.1189 6
14 48 1668 148 3.24205 6
14 106 1445.97 417.941 3.28442 5
14 110 1564.76 118.128 3.28327 7
56 36 659.667 615.931 3.84515 5
56 44 654.01 610.274 3.84534 5
56 12 676.638 632.902 3.81591 5
56 52 648.353 604.617 3.84302 5
56 60 642.697 598.96 3.81767 5
56 20 670.981 627.245 3.84027 5
56 28 665.324 621.588 3.84052 5
58 74 412 492 3.14951 4
16 62 670.981 570.676 3.76121 5
16 68 665.324 565.019 3.78547 5
16 76 659.667 559.362 3.80354 5
16 84 654.01 553.706 3.80548 5
16 92 648.353 548.049 3.77816 5
16 98 642.697 542.392 3.67065 5
16 102 1188 36 3.41912 6
64 36 654.01 621.588 3.80407 5
64 44 648.353 615.931 3.77963 5
64 12 670.981 638.558 3.80349 5
64 48 625.726 604.617 3.19811 5
64 76 908.569 265.206 3.14753 3
64 20 665.324 632.902 3.80216 5
64 6 676.638 644.215 3.39052 5
64 28 659.667 627.245 3.80337 5
68 50 1055.65 61.5593 3.17105 7
18 54 676.638 576.333 3.58239 5
18 110 1434.66 417.941 3.23657 5
72 48 936.853 327.432 3.16127 7
72 28 654.01 632.902 3.71193 5
20 104 1570.42 123.785 3.27302 7
22 44 682.294 581.99 3.5348 5
22 18 1532 148 3.23969 6
22 30 1564 124 3.27083 0
6 46 36 724 3.25885 2
6 70 891.598 282.177 3.29402 7
6 102 1564.76 95.5005 3.26023 7
6 104 1451.63 412.284 3.24322 5
24 44 676.638 587.647 3.82949 5
24 52 670.981 581.99 3.84119 5
24 60 665.324 576.333 3.83828 5
24 68 659.667 570.676 3.84663 5
24 18 948 492 3.27712 4
24 76 654.01 565.019 3.8453 5
24 84 648.353 559.362 3.82516 5
24 92 642.697 553.706 3.77757 5
24 24 948 484 3.29076 4
24 100 637.04 548.049 3.6547 5
26 34 682.294 593.304 3.76041 5
26 40 1516 156 3.28957 6
26 16 452 508 3.29437 0
26 20 693.608 604.617 3.44183 5
26 106 372 612 3.11512 2
26 28 687.951 598.96 3.65722 5
28 30 1524 156 3.31298 6
30 12 1540 156 3.22902 6
