0 52 44 732 3.18711 2
0 30 20 732 3.17746 2
2 14 964 364 3.28661 0
32 40 484 540 3.17552 2
32 14 456.02 695.127 3.34611 7
34 12 996 364 3.77027 0
34 20 996 372 3.76937 0
34 28 996 380 3.64987 0
10 38 28 724 3.16965 2
10 14 972 364 3.56638 0
40 40 308 692 3.36132 0
40 4 1204 4 3.34364 0
42 12 1004 364 3.81 0
42 20 1004 372 3.8106 0
44 34 1004 388 3.71824 0
44 28 1004 380 3.76903 0
46 8 460 508 3.40229 2
46 4 452 516 3.39861 2
12 0 1372 11.9999 3.30474 4
12 28 972 380 3.4868 0
50 34 450.363 712.098 3.42457 7
50 10 1012 364 3.80613 0
50 18 1012 372 3.81415 0
50 26 1012 380 3.77467 0
52 34 1012 388 3.7577 0
14 20 972 372 3.4942 0
58 10 1020 364 3.81097 0
58 44 532 676 3.28053 4
58 18 1020 372 3.81594 0
60 34 1020 388 3.79765 0
60 42 1020 396 3.67383 0
60 26 1020 380 3.79714 0
62 0 452 500 3.4698 2
66 10 1028 364 3.80991 0
66 18 1028 372 3.81528 0
66 26 1028 380 3.77508 0
68 34 1028 388 3.7877 0
68 42 1028 396 3.70729 0
70 0 452 492 3.45113 2
18 14 980 364 3.58866 0
18 20 980 372 3.57201 0
74 10 1036 364 3.77468 0
74 16 1036 372 3.78442 0
74 24 1036 380 3.74884 0
76 32 1036 388 3.73474 0
76 40 1036 396 3.70201 0
76 48 1036 404 3.43493 0
82 8 1044 364 3.71478 0
82 16 1044 372 3.77583 0
82 24 1044 380 3.78554 0
84 32 1044 388 3.78144 0
84 40 1044 396 3.71675 0
84 48 1044 404 3.3951 0
22 30 980 380 3.6022 0
90 8 1052 364 3.74419 0
90 16 1052 372 3.76474 0
90 24 1052 380 3.78391 0
92 32 1052 388 3.78506 0
94 0 54.3835 361.373 3.25153 1
6 0 314.599 542.392 3.31269 1
98 0 897.255 276.52 3.28618 1
98 38 1060 396 3.61683 0
98 42 1060 404 3.1949 0
98 14 1060 372 3.74779 0
98 30 1060 388 3.74596 0
100 22 1060 380 3.73967 0
26 42 43.0698 723.411 3.08397 1
26 12 988 364 3.72624 0
26 20 988 372 3.72947 0
26 28 988 380 3.64052 0
104 2 1491.22 293.49 3.32962 1
104 30 1068 388 3.50084 0
106 36 1372.43 400.971 3.14199 3
106 42 1530.82 525.421 3.08682 3
106 14 1068 372 3.70276 0
106 22 1068 380 3.68132 0
108 36 77.011 485.823 3.14037 5
114 10 1076 372 3.41327 0
116 26 12 516 3.16918 4
30 34 268 676 3.54819 0
