0 32 902.912 519.765 3.33455 5
0 66 20 732 3.2381 2
0 82 44 732 3.24333 2
2 24 744.52 610.274 3.2999 1
32 56 897.255 604.617 3.64359 1
34 6 1519.51 559.363 3.32556 7
36 14 874.627 570.676 3.69636 1
36 22 880.284 576.333 3.71787 1
38 2 433.393 593.304 3.38549 5
38 38 891.598 587.647 3.73045 1
38 46 897.255 593.304 3.67049 1
38 68 908.568 615.931 3.29698 1
10 66 28 724 3.226 2
40 54 902.912 598.961 3.66569 1
40 62 908.568 604.617 3.6278 1
42 70 914.225 610.274 3.46372 1
44 14 880.284 565.019 3.74229 1
44 82 258.031 587.647 3.24799 5
44 22 885.941 570.676 3.75692 1
46 2 427.736 598.96 3.39409 5
46 38 897.255 581.99 3.74896 1
46 46 902.912 587.647 3.72532 1
46 78 755.834 361.373 3.34276 5
46 30 891.598 576.333 3.73985 1
12 34 868.971 598.96 3.70972 1
12 18 857.657 587.647 3.70683 1
12 26 863.314 593.304 3.71592 1
48 54 908.568 593.304 3.72869 1
48 62 914.225 598.96 3.72986 1
50 12 885.941 559.362 3.74103 1
50 70 919.882 604.617 3.73759 1
52 22 891.598 565.019 3.75254 1
52 30 897.255 570.676 3.70392 1
54 2 422.079 604.617 3.36066 5
54 38 902.912 576.333 3.70053 1
54 46 908.568 581.99 3.70145 1
54 74 931.196 604.617 3.53308 1
14 10 844 428 3.31089 6
14 42 874.627 604.617 3.68986 1
56 0 902.912 169.04 3.37501 5
56 54 914.225 587.647 3.72496 1
56 60 919.882 593.304 3.69876 1
58 70 925.539 598.96 3.72484 1
60 12 891.598 553.706 3.73245 1
60 20 897.255 559.362 3.76031 1
62 36 908.568 570.676 3.73896 1
62 44 914.225 576.333 3.73915 1
62 28 902.912 565.019 3.70759 1
64 52 919.882 581.99 3.73811 1
64 60 925.539 587.647 3.71135 1
66 68 931.196 593.304 3.69995 1
66 76 936.853 598.96 3.60464 1
68 10 897.255 548.049 3.74924 1
68 20 902.912 553.706 3.75385 1
68 28 908.568 559.362 3.71181 1
70 36 914.225 565.019 3.72122 1
70 44 919.882 570.676 3.72319 1
18 58 1652 764 3.28617 0
72 52 925.539 576.333 3.73394 1
72 58 931.196 581.99 3.69039 1
72 66 936.853 587.647 3.60557 1
74 2 796 364 3.30034 0
76 10 902.912 542.392 3.7377 1
76 42 925.539 565.019 3.49351 1
76 18 908.568 548.049 3.74821 1
76 26 914.225 553.706 3.71901 1
78 34 919.882 559.362 3.71721 1
78 50 908.569 276.52 3.30428 3
20 32 874.627 593.304 3.72649 1
20 24 868.971 587.647 3.71642 1
82 0 972 540 3.26594 0
82 34 704.922 559.362 3.33188 5
82 38 518.246 372.686 3.36903 3
82 48 523.902 367.029 3.36911 3
82 16 914.225 542.392 3.44533 1
82 66 1668 492 3.19277 6
82 28 710.579 565.019 3.33615 5
86 40 897.255 276.52 3.34597 3
22 40 880.284 598.96 3.74477 1
22 48 885.941 604.617 3.68635 1
22 16 863.314 581.99 3.6977 1
88 0 1344.15 282.177 3.27488 1
88 8 524 436 3.24597 4
88 50 885.941 276.52 3.28228 3
88 18 829.373 434.912 3.26459 1
88 26 716.236 581.99 3.30729 5
6 42 885.941 514.108 3.30732 5
24 8 456.02 548.049 3.31363 5
24 72 36 740 3.09028 6
24 76 43.0698 723.411 3.09437 1
26 58 1660 764 3.25389 0
28 16 868.971 576.333 3.72198 1
28 68 682.294 593.304 3.13112 7
28 24 874.627 581.99 3.73512 1
30 32 880.284 587.647 3.73325 1
30 40 885.941 593.304 3.74967 1
30 48 891.598 598.96 3.66945 1
