0 70 20 732 3.258 2
2 2 44 732 3.26457 4
8 24 68 452 3.18317 2
32 58 727.549 276.52 3.60983 1
34 26 699.265 259.549 3.61732 1
36 52 721.892 270.863 3.575 1
38 34 710.579 259.549 3.5917 1
38 44 716.235 265.206 3.58015 1
38 70 738.863 276.52 3.62949 1
38 20 693.608 253.892 3.5418 1
38 90 652 508 3.28747 0
40 62 733.206 270.863 3.6319 1
42 54 727.549 265.206 3.62343 1
42 90 532 364 3.34326 6
42 94 1028 75.9999 3.31136 2
42 98 524 364 3.36862 6
42 98 1020 83.9999 3.24939 2
42 30 704.922 253.892 3.6324 1
44 20 699.265 248.236 3.59635 1
44 80 750.177 276.52 3.63985 1
46 38 716.235 253.892 3.63506 1
46 72 744.52 270.863 3.64099 1
48 64 738.863 265.206 3.64909 1
48 22 795.432 231.265 3.28122 5
48 88 761.49 276.52 3.6366 1
50 56 733.206 259.549 3.64535 1
50 30 710.579 248.236 3.60323 1
52 48 727.549 253.892 3.63734 1
52 82 755.833 270.863 3.663 1
52 102 1036 67.9999 3.30402 2
54 2 835.03 270.863 3.26277 5
54 14 772.804 84.1867 3.27844 5
54 16 699.265 236.922 3.57665 1
54 74 750.177 265.206 3.6503 1
14 38 699.265 282.177 3.49905 1
14 46 704.922 287.833 3.38054 1
56 10 693.608 231.265 3.36031 1
56 66 744.52 259.549 3.67892 1
56 90 767.147 270.863 3.66363 1
58 32 716.235 242.579 3.60438 1
58 58 738.863 253.892 3.67478 1
60 52 733.206 248.235 3.62309 1
60 84 761.49 265.206 3.64023 1
60 26 710.579 236.922 3.60976 1
62 42 727.549 242.579 3.68043 1
62 18 704.922 231.265 3.6132 1
62 76 755.833 259.549 3.67661 1
62 102 778.461 270.863 3.57772 1
16 30 693.608 276.52 3.5082 1
64 34 721.892 236.922 3.67817 1
64 10 699.265 225.608 3.48037 1
64 94 772.804 265.206 3.67834 1
66 60 744.52 248.235 3.67598 1
66 86 767.147 259.549 3.68378 1
66 28 716.235 231.265 3.65859 1
68 52 738.863 242.579 3.6719 1
68 78 761.49 253.892 3.65376 1
70 10 1643.96 751.696 3.28608 5
70 46 733.206 236.922 3.67034 1
70 70 755.833 248.235 3.66072 1
70 20 710.579 225.608 3.59846 1
70 102 784.118 265.206 3.5435 1
70 108 764 620 3.22371 6
72 38 727.549 231.265 3.67654 1
72 62 750.177 242.579 3.67183 1
72 96 778.461 259.549 3.67099 1
74 14 331.569 4.99078 3.27027 1
74 68 778.461 135.098 3.31146 1
74 88 772.804 253.892 3.67774 1
74 30 721.892 225.608 3.64281 1
76 80 767.147 248.236 3.68551 1
76 22 716.235 219.951 3.58398 1
78 48 738.863 231.265 3.65038 1
78 72 761.49 242.579 3.66575 1
20 10 28 724 3.24341 4
20 48 710.579 282.177 3.55856 1
80 40 733.206 225.608 3.66902 1
80 66 755.833 236.922 3.63627 1
80 18 552.187 440.569 3.30795 5
82 32 727.549 219.951 3.6389 1
82 16 1540 572 3.26145 0
82 88 778.461 248.236 3.64651 1
82 24 342.883 4.99078 3.29792 1
84 58 750.177 231.265 3.66368 1
84 82 772.804 242.579 3.64318 1
84 102 823.716 395.314 3.23451 1
86 50 744.52 225.608 3.66498 1
86 74 767.147 236.922 3.60143 1
86 22 721.892 214.294 3.34435 1
86 94 908 156 3.23016 0
22 40 704.922 276.52 3.57726 1
88 34 733.206 214.294 3.47038 1
88 42 738.863 219.951 3.66799 1
88 66 761.49 231.265 3.62894 1
88 24 342.883 593.304 3.27133 1
88 96 31.7562 700.784 3.19467 7
88 26 748 364 3.2767 2
90 60 755.833 225.608 3.62672 1
90 26 1100 68 3.2343 6
92 52 750.177 219.951 3.60719 1
94 32 900 276 3.28241 2
94 70 252.374 174.696 3.27616 5
94 76 772.804 231.265 3.5969 1
6 14 44 724 3.19639 4
24 32 699.265 270.863 3.53535 1
24 70 1530.82 638.558 3.32231 5
24 20 1593.05 655.529 3.21772 1
96 70 767.147 225.608 3.61584 1
96 88 708 572 3.21217 6
96 28 354.197 593.304 3.2213 1
98 54 755.833 214.294 3.35494 1
98 62 761.49 219.951 3.58803 1
100 82 823.716 406.627 3.24143 1
102 46 1496.88 627.245 3.31001 1
102 50 516 372 3.31393 2
26 48 716.235 276.52 3.60722 1
26 58 721.892 282.177 3.5372 1
26 26 693.608 265.206 3.49549 1
28 74 1072.62 598.96 3.30981 5
28 20 840.686 242.579 3.24501 5
28 82 1066.96 593.304 3.28992 5
30 42 710.579 270.863 3.59479 1
30 78 744.52 293.49 3.36981 1
