0 2 884 276 3.21751 4
0 14 740 372 3.23878 0
0 58 12 732 3.28327 2
0 66 20 732 3.31449 2
0 24 1044 67.9999 3.23683 2
0 114 44 732 3.24147 2
8 70 28 724 3.29362 2
8 18 603.098 536.735 3.58186 7
32 70 574.814 587.647 3.74276 7
32 78 569.157 593.304 3.75626 7
32 20 614.412 559.362 3.68009 7
34 8 229.746 514.108 3.22543 7
34 36 603.098 570.676 3.73042 7
34 86 563.5 598.96 3.74468 7
34 28 608.755 565.019 3.73454 7
36 44 597.442 576.333 3.74092 7
36 52 591.785 581.99 3.74569 7
36 92 557.844 604.617 3.68439 7
38 10 258.03 587.647 3.17437 1
38 60 586.128 587.647 3.76455 7
38 96 880.284 440.569 3.18076 1
38 98 552.187 610.274 3.53223 7
10 42 204 396 3.22001 6
10 78 36 724 3.23915 2
10 24 597.442 542.392 3.60502 7
40 68 580.471 593.304 3.73868 7
40 76 574.814 598.96 3.75954 7
42 36 608.755 576.333 3.73811 7
42 44 603.098 581.99 3.7313 7
42 84 569.157 604.617 3.75186 7
42 92 563.5 610.274 3.70121 7
42 28 614.412 570.676 3.67481 7
44 52 597.442 587.647 3.71625 7
44 100 557.844 615.931 3.62344 7
46 58 591.785 593.304 3.75277 7
46 20 625.726 570.676 3.31273 7
46 106 552.187 621.588 3.37907 7
48 76 580.471 604.617 3.75086 7
48 30 631.383 576.333 3.19909 7
50 34 614.412 581.99 3.73961 7
50 82 574.814 610.274 3.75124 7
50 90 569.157 615.931 3.65414 7
50 98 563.5 621.588 3.47649 7
52 42 608.755 587.647 3.74973 7
52 50 603.098 593.304 3.72132 7
54 58 597.442 598.96 3.75738 7
54 66 591.785 604.617 3.7466 7
54 102 857.657 463.196 3.20665 1
54 104 1516 636 3.21665 2
54 110 31.7562 700.784 3.26151 7
14 34 586.128 553.706 3.50052 7
14 52 1485.57 627.245 3.262 5
14 60 1479.91 621.588 3.24996 5
56 36 620.069 587.647 3.44332 7
56 38 603.098 95.5004 3.19684 3
56 74 586.128 610.274 3.76469 7
56 90 574.814 621.588 3.49172 7
58 42 614.412 593.304 3.57797 7
58 82 580.471 615.931 3.75654 7
60 48 608.755 598.96 3.60855 7
60 58 603.098 604.617 3.67164 7
62 66 597.442 610.274 3.67139 7
62 90 852 446.225 3.20027 1
62 96 857.657 451.882 3.19928 1
62 96 195.805 389.657 3.19484 3
16 14 608.755 542.392 3.61506 7
64 46 778.461 632.902 3.39864 5
64 56 772.804 627.245 3.38301 5
64 72 591.785 615.931 3.669 7
64 88 1612 500 3.2005 2
66 38 846.343 248.235 3.16873 7
70 56 416.422 474.51 3.37549 7
70 82 1049.99 67.2162 3.26052 7
70 114 43.0699 734.725 3.22573 7
18 38 591.785 559.362 3.66825 7
18 30 597.442 553.706 3.67873 7
20 46 586.128 565.019 3.65459 7
20 70 348.54 598.96 3.23612 5
20 78 1513.85 632.902 3.23107 5
22 50 546.53 627.245 3.26813 3
22 54 580.471 570.676 3.64508 7
22 14 644 564 3.19357 6
22 60 574.814 576.333 3.57779 7
6 32 1124 35.9999 3.227 2
6 38 204 388 3.22665 6
24 22 608.755 553.706 3.68651 7
26 0 229.746 502.794 3.21773 7
26 38 597.442 565.019 3.74808 7
26 70 569.157 581.99 3.48227 7
26 90 1310.21 259.549 3.19461 3
26 98 1315.86 253.892 3.15057 3
26 98 1683.56 497.137 3.13598 1
26 30 603.098 559.362 3.74366 7
28 46 591.785 570.676 3.7414 7
28 54 586.128 576.333 3.73987 7
28 88 1502.54 632.902 3.22641 5
28 90 1496.88 683.813 3.20714 1
30 14 620.069 553.706 3.48316 7
30 62 580.471 581.99 3.76133 7
30 78 563.5 587.647 3.36417 7
