0 2 44 732 3.24977 4
0 46 1140 35.9999 3.32892 2
0 46 439.05 700.784 3.23 1
0 58 1252 35.9999 3.42317 2
2 14 44 724 3.20042 4
8 80 1164 43.9999 3.26314 2
8 28 1356 3.99994 3.19194 2
32 84 1536.48 644.215 3.61219 5
34 36 1576.08 672.5 3.6313 5
34 44 1570.42 666.843 3.59125 5
34 76 1542.14 649.872 3.62112 5
34 26 1581.73 678.156 3.61491 5
36 60 1553.45 661.186 3.57629 5
36 68 1547.79 655.529 3.59604 5
36 20 1587.39 683.813 3.56714 5
38 52 1559.11 666.843 3.61189 5
38 6 1683.56 497.137 3.25085 3
10 38 1587.39 649.872 3.40889 5
10 30 1593.05 655.529 3.43704 5
40 44 1564.76 672.5 3.61213 5
40 86 1530.82 649.872 3.55465 5
42 38 1570.42 678.156 3.63666 5
42 78 1536.48 655.529 3.57549 5
42 28 1576.08 683.813 3.60996 5
44 62 1547.79 666.843 3.51176 5
44 70 1542.14 661.186 3.54818 5
44 20 1581.73 689.47 3.58644 5
46 8 908 276 3.29397 0
46 54 1553.45 672.5 3.56678 5
46 14 1587.39 695.127 3.42376 5
12 64 1564.76 638.559 3.60994 5
12 72 1559.11 632.902 3.33022 5
12 82 1553.45 627.245 3.29385 5
48 0 1666.59 491.48 3.29249 3
48 46 1559.11 678.156 3.59573 5
48 94 914.225 270.863 3.27336 3
50 38 1564.76 683.813 3.60265 5
50 60 1542.14 672.5 3.34777 5
50 30 1570.42 689.47 3.60435 5
52 74 1500 684 3.2611 6
52 80 1492 684 3.25614 6
52 22 1576.08 695.127 3.60176 5
54 48 1553.45 683.813 3.47996 5
54 14 1581.73 700.784 3.48583 5
54 82 897.255 276.52 3.26965 3
14 48 1576.08 649.872 3.60285 5
14 56 1570.42 644.215 3.5908 5
56 0 150.55 299.147 3.22159 1
56 8 1587.39 706.441 3.33907 5
58 32 1564.76 695.127 3.45292 5
58 24 1570.42 700.784 3.41605 5
60 48 891.598 282.177 3.33085 3
60 16 1576.08 706.441 3.40903 5
60 90 28 724 3.23538 6
62 38 1033.02 72.873 3.33117 7
62 18 68 196 3.26521 6
16 8 12 724 3.17654 4
16 40 1581.73 655.529 3.63559 5
18 0 20 732 3.2367 4
18 32 1587.39 661.186 3.62741 5
18 82 1547.79 632.902 3.52611 5
18 94 1068 220 3.1597 6
18 26 1593.05 666.843 3.50949 5
20 64 1559.11 644.215 3.59751 5
20 78 1553.45 638.559 3.55009 5
22 50 1570.42 655.529 3.6343 5
22 58 1564.76 649.872 3.59901 5
6 64 1268 27.9999 3.4248 2
6 78 1204 35.9999 3.30244 2
6 88 36 740 3.19863 6
24 42 1576.08 661.186 3.62698 5
24 82 1542.14 638.559 3.59298 5
26 34 1581.73 666.843 3.60023 5
26 74 1547.79 644.215 3.60939 5
26 84 836 452 3.24059 4
26 26 1587.39 672.5 3.57333 5
28 60 1559.11 655.529 3.57704 5
28 66 1553.45 649.872 3.60184 5
28 92 670.981 763.009 3.21142 1
30 52 1564.76 661.186 3.6159 5
30 20 1593.05 678.156 3.51341 5
30 90 1530.82 638.558 3.46431 5
