0 8 876 292 3.30522 0
0 10 314.599 553.706 3.27257 1
0 16 1242.32 191.667 3.24416 5
2 0 1684 508 3.30416 0
8 0 1692 508 3.30694 0
32 2 140 476 3.38725 6
34 34 354.197 559.362 3.35165 3
34 38 1525.17 350.059 3.33612 7
34 42 1519.51 355.716 3.30253 7
34 28 116 484 3.49521 6
36 20 124 484 3.50713 6
38 12 132 484 3.4882 6
38 50 1519.51 367.03 3.24257 7
10 26 1516 148 3.16818 0
40 38 108 492 3.55278 6
42 46 100 492 3.35096 6
42 30 116 492 3.53363 6
46 0 320.256 570.676 3.31695 3
46 48 100 500 3.47998 6
46 58 1540 380 3.18437 0
46 16 132 492 3.54481 6
12 14 124 460 3.45192 6
12 16 167.521 519.764 3.20252 7
48 32 116 500 3.53291 6
48 10 548 724 3.33936 2
48 14 140 492 3.50188 6
52 48 100 508 3.47254 6
52 26 124 500 3.52259 6
54 0 133.58 587.647 3.34946 3
54 42 108 508 3.5426 6
54 18 132 500 3.56674 6
56 12 140 500 3.41974 6
58 36 116 508 3.54225 6
58 60 92 516 3.37322 6
58 6 885.941 287.833 3.35005 1
60 52 100 516 3.49288 6
60 28 124 508 3.55421 6
62 0 127.923 581.99 3.33464 3
62 44 108 516 3.55088 6
62 66 964 540 3.15453 2
62 66 84 516 3.35807 6
62 20 132 508 3.53664 6
16 34 892 252 3.14291 2
64 36 116 516 3.53911 6
64 66 608.755 712.098 3.29671 3
64 70 84 524 3.45306 6
66 62 92 524 3.48297 6
66 28 124 516 3.52713 6
68 8 891.598 282.177 3.34595 1
68 22 132 516 3.53385 6
70 48 108 524 3.5527 6
70 74 12 532 3.17256 6
72 6 1668 492 3.25847 4
74 56 100 532 3.55078 6
76 32 124 524 3.52373 6
76 24 132 524 3.55107 6
78 50 108 532 3.54943 6
78 68 92 540 3.51965 6
78 74 84 540 3.51528 6
78 84 308.942 514.108 3.09974 5
20 16 124 468 3.51086 6
80 42 116 532 3.50029 6
80 74 1220 236 3.20254 0
82 34 124 532 3.55035 6
82 58 100 540 3.53954 6
82 80 1220 244 3.17887 0
82 26 132 532 3.43895 6
86 0 20 732 3.27656 4
86 8 28 724 3.24595 4
86 50 108 540 3.57503 6
86 78 320.256 412.284 3.23886 7
86 82 308.942 412.284 3.22769 7
22 8 132 468 3.45334 6
22 26 914.225 316.118 3.24908 3
88 36 124 540 3.56518 6
88 42 116 540 3.57369 6
88 68 92 548 3.53071 6
88 18 195.805 389.657 3.12608 1
88 76 84 548 3.53774 6
90 30 132 540 3.41015 6
92 62 100 548 3.55548 6
94 0 12 732 3.23783 4
94 10 12 724 3.2239 4
94 50 108 548 3.5559 6
24 2 140 468 3.33239 6
96 36 124 548 3.54748 6
96 70 92 556 3.51602 6
98 88 1252 244 3.18517 0
100 56 108 556 3.51199 6
102 48 116 556 3.50324 6
102 82 84 564 3.42915 6
26 36 314.599 531.078 3.18567 7
26 26 116 476 3.52239 6
104 74 92 564 3.5186 6
106 42 124 556 3.4609 6
106 66 100 564 3.52222 6
108 58 108 564 3.5136 6
108 88 76 572 3.31758 6
110 36 77.011 485.823 3.14001 3
110 52 116 564 3.45975 6
110 54 940 292 3.27006 0
110 82 84 572 3.46937 6
28 18 124 476 3.52365 6
112 76 92 572 3.51551 6
114 36 1556 92 3.13008 6
114 62 108 572 3.51891 6
114 68 100 572 3.50458 6
118 44 948 516 3.12426 2
118 54 116 572 3.42089 6
118 86 84 580 3.5027 6
30 34 556 748 3.29744 2
30 10 132 476 3.48061 6
30 44 1324 460 3.28065 2
30 46 308.942 536.735 3.23351 7
122 38 71.3541 480.167 3.09258 3
122 70 100 580 3.49586 6
122 86 1236.67 197.324 3.22755 3
122 94 201.462 712.097 3.19134 7
124 54 116 580 3.44023 6
124 62 108 580 3.48971 6
126 80 92 588 3.39308 6
