0 38 20 732 3.25723 2
0 14 44 732 3.18365 2
0 30 12 732 3.226 2
2 82 476 524 3.23062 4
2 94 1196 284 3.34685 6
2 98 1188 284 3.27954 6
34 46 1244 316 3.70922 6
34 52 1236 316 3.6876 6
34 62 1228 316 3.68714 6
34 78 1212 316 3.67332 6
34 84 1204 316 3.55639 6
34 92 1196 316 3.40732 6
36 38 1252 316 3.70564 6
36 68 1220 316 3.70483 6
38 14 1276 316 3.45383 6
38 16 201.462 598.96 3.31542 7
38 16 919.882 299.147 3.21676 3
38 30 1260 316 3.45857 6
10 42 20 724 3.2181 2
10 50 28 724 3.24396 2
10 84 1204 292 3.47618 6
10 92 1196 292 3.51808 6
10 100 1188 292 3.50694 6
40 86 1204 324 3.53097 6
42 54 1236 324 3.71599 6
42 14 1276 324 3.58161 6
42 62 1228 324 3.69219 6
42 70 1220 324 3.69811 6
42 78 1212 324 3.70196 6
44 38 1252 324 3.71159 6
44 46 1244 324 3.6849 6
44 22 1268 324 3.66526 6
44 6 884 284 3.41798 0
44 30 1260 324 3.6647 6
12 66 897.255 276.52 3.21184 7
48 0 908 268 3.42666 0
50 54 1236 332 3.72168 6
50 62 1228 332 3.72772 6
50 70 1220 332 3.74026 6
50 78 1212 332 3.71563 6
52 38 1252 332 3.72093 6
52 46 1244 332 3.72675 6
52 14 1276 332 3.70838 6
52 22 1268 332 3.73857 6
52 30 1260 332 3.73148 6
56 0 916 268 3.43372 0
56 74 1212 340 3.68177 6
58 44 348 580 3.26901 0
58 54 1236 340 3.73301 6
58 62 1228 340 3.74696 6
58 70 1220 340 3.74606 6
60 38 1252 340 3.72377 6
60 46 1244 340 3.73316 6
60 14 1276 340 3.71429 6
60 22 1268 340 3.74201 6
60 6 1284 340 3.39344 6
60 30 1260 340 3.7389 6
62 88 884 276 3.16707 4
62 6 1684 532 3.28327 2
16 98 1188 300 3.50182 6
64 50 1244 348 3.4436 6
64 56 1236 348 3.51868 6
64 66 1228 348 3.56495 6
68 14 1276 348 3.7141 6
68 72 1540 156 3.1904 2
68 22 1268 348 3.71204 6
70 6 1684 524 3.26048 2
70 28 1260 348 3.5966 6
18 84 1204 300 3.57571 6
18 92 1196 300 3.53864 6
20 54 1236 300 3.23342 6
22 66 1220 300 3.4577 6
6 78 110.952 372.686 3.16409 5
24 98 1188 308 3.47083 6
26 40 857.657 463.196 3.12596 5
26 62 1228 308 3.64012 6
26 84 1204 308 3.55827 6
26 92 1196 308 3.52573 6
28 34 1268 308 3.20003 6
28 54 1236 308 3.60742 6
28 68 1220 308 3.65308 6
28 76 1212 308 3.63807 6
28 30 1572 556 3.20682 6
30 44 1244 308 3.44888 6
