2 0 44 732 3.25449 4
2 46 1502.54 304.804 3.21905 5
2 50 1496.88 299.147 3.25634 5
2 58 1491.22 293.49 3.25436 5
34 42 428 540 3.39444 6
34 62 1436 484 3.2706 0
36 50 420 540 3.45044 6
36 64 1066.96 84.1868 3.27873 1
38 0 20 732 3.26228 4
38 34 620 716 3.37117 4
38 56 412 540 3.4303 6
10 50 428 516 3.25438 6
10 64 1420 484 3.21065 0
42 10 20 724 3.2279 4
42 40 428 548 3.47585 6
42 48 420 548 3.48861 6
42 64 1072.62 78.5299 3.28677 1
44 56 412 548 3.47875 6
46 66 1420 52 3.3524 0
50 6 12 724 3.21524 4
52 46 420 556 3.49252 6
54 38 452 500 3.50454 6
54 54 412 556 3.46714 6
54 14 518.246 350.059 3.35683 5
54 60 404 556 3.41371 6
14 6 28 724 3.23329 4
56 14 1502.54 316.118 3.43978 5
58 12 557.844 683.813 3.27601 7
58 66 1284 28 3.40975 0
60 50 412 564 3.51151 6
62 36 452 516 3.5226 6
62 58 404 564 3.51094 6
62 18 596 732 3.56033 4
62 18 476 500 3.56518 6
62 24 364 660 3.52614 4
62 26 468 500 3.55126 6
16 46 428 524 3.34697 6
66 18 588 732 3.55634 4
68 48 412 572 3.48665 6
70 42 444 524 3.48557 6
70 18 936.853 293.49 3.53384 5
70 24 468 508 3.59583 6
70 24 931.196 287.833 3.53646 5
18 44 1556 116 3.1817 2
18 46 1204 332 3.22746 0
18 52 1204 340 3.25185 0
18 54 420 524 3.32775 6
72 38 420 580 3.52093 6
72 18 276 676 3.54129 4
74 22 468 516 3.61382 6
78 46 412 580 3.51649 6
78 60 396 580 3.50309 6
78 18 931.196 299.147 3.52648 5
78 26 572 732 3.56726 4
80 34 420 588 3.51765 6
80 10 444 596 3.47834 6
80 54 404 580 3.49076 6
82 44 412 588 3.50683 6
86 16 476 524 3.5754 6
86 6 444 604 3.47853 6
86 24 468 524 3.60397 6
86 24 902.912 304.804 3.52419 5
86 26 564 732 3.56408 4
22 10 31.7561 723.411 3.02093 3
88 58 396 588 3.48824 6
88 18 948.167 293.49 3.49358 5
90 40 412 596 3.52695 6
90 14 436 604 3.50603 6
92 48 404 596 3.51896 6
92 6 476 540 3.32218 6
24 46 428 532 3.39439 6
24 64 1061.3 89.8436 3.2859 1
96 0 476 556 3.28407 6
96 56 396 596 3.47286 6
96 66 1316 28 3.39934 0
96 22 276 660 3.53347 4
96 24 897.255 310.461 3.52319 5
98 34 276 652 3.54492 4
98 10 964 364 3.22312 4
98 28 460 540 3.55245 6
100 46 404 604 3.51533 6
100 22 1445.97 350.059 3.44514 5
102 2 36 740 3.18448 2
102 52 396 604 3.53834 6
104 16 9.12872 531.078 3.30422 3
104 26 268 660 3.52376 4
106 34 412 612 3.53836 6
106 22 260 660 3.33121 4
108 42 404 612 3.50702 6
110 50 396 612 3.5242 6
110 58 388 612 3.33742 6
110 64 382.481 598.96 3.32465 5
110 22 337.226 576.333 3.39117 5
110 30 331.57 570.676 3.41351 5
28 52 420 532 3.35803 6
