0 0 44 732 3.26647 4
0 14 12 732 3.27963 2
0 64 902.912 270.863 3.2586 7
0 22 20 732 3.31085 2
8 56 891.598 282.177 3.29178 7
32 12 1092 500 3.56816 0
32 54 1084 540 3.57022 0
32 20 1092 508 3.63346 0
34 60 1084 548 3.56147 0
34 68 1084 556 3.52655 0
34 74 1084 564 3.36441 0
34 28 1092 516 3.64502 0
36 36 1092 524 3.59905 0
38 44 1092 532 3.60839 0
38 6 77.011 474.51 3.09834 7
10 16 12 724 3.26517 2
10 74 1060 556 3.54254 0
40 52 1092 540 3.54082 0
40 60 1092 548 3.48871 0
40 18 1100 508 3.63454 0
40 80 1485.57 457.539 3.09588 7
42 66 1092 556 3.50818 0
42 78 172 540 3.10801 4
42 26 1100 516 3.64011 0
44 34 1100 524 3.61988 0
46 42 1100 532 3.60872 0
46 14 1108 508 3.61556 0
46 64 116.609 559.362 3.20439 3
46 74 1116 572 3.20132 0
12 66 1060 548 3.37884 0
12 80 1060 564 3.55948 0
48 10 1108 500 3.49245 0
48 50 1100 540 3.5231 0
48 58 1100 548 3.46637 0
48 58 110.952 565.019 3.15348 3
50 70 1451.63 412.284 3.0859 3
50 72 1440.31 412.284 3.11673 3
50 24 1108 516 3.61286 0
52 32 1108 524 3.61542 0
54 40 1108 532 3.62851 0
14 38 1444 484 3.14623 2
14 58 1060 540 3.33266 0
14 88 1060 572 3.38995 0
56 48 1108 540 3.54996 0
56 14 1116 508 3.60533 0
58 22 1116 516 3.6097 0
60 42 1116 540 3.33185 0
60 54 1636 36 3.06796 6
60 30 1116 524 3.59675 0
62 38 1116 532 3.61671 0
62 56 1491.22 293.49 3.05924 3
4 62 897.255 276.52 3.26986 7
16 56 1068 540 3.54679 0
64 20 1124 516 3.55696 0
66 14 1124 508 3.5185 0
68 36 1124 532 3.54553 0
68 42 1124 540 3.206 0
70 10 444 580 3.31944 6
70 30 1124 524 3.55719 0
18 48 1068 532 3.48416 0
18 64 1068 548 3.53146 0
18 80 516 684 3.18817 4
72 16 436 580 3.34127 6
72 18 1132 516 3.46291 0
74 32 716 756 3.08535 0
74 14 835.03 350.059 3.22748 5
78 18 823.716 350.059 3.23985 5
20 38 1076 524 3.49506 0
20 72 1068 556 3.56705 0
20 80 1068 564 3.58123 0
22 46 1076 532 3.49773 0
22 78 500 684 3.21032 4
6 54 133.58 587.647 3.18456 1
6 26 28 724 3.30029 2
24 12 356 4.00002 3.11553 6
24 54 1076 540 3.57408 0
24 14 1084 500 3.15881 0
26 62 1076 548 3.57239 0
26 22 1084 508 3.6043 0
26 30 1084 516 3.60891 0
28 36 1084 524 3.56238 0
28 44 1084 532 3.54752 0
28 70 1076 556 3.5149 0
28 78 1076 564 3.42283 0
30 0 1372 11.9999 3.08976 4
30 80 492 684 3.15777 4
