0 10 28 732 3.2261 2
0 46 1692 500 3.28774 2
0 48 420 620 3.27713 6
0 66 1445.97 666.843 3.25984 1
0 70 1626.99 553.706 3.25534 5
0 72 1588 556 3.31625 6
0 80 1148 35.9999 3.27882 2
0 82 767.147 632.902 3.26181 1
0 90 891.598 259.549 3.17833 3
8 40 919.882 299.147 3.24089 3
8 46 1620 556 3.25162 6
8 92 1156 27.9999 3.16047 2
32 74 1044 604 3.74135 4
32 82 1044 596 3.73784 4
34 10 1036 668 3.27517 4
34 18 1036 660 3.63522 4
34 90 1044 588 3.72858 4
34 98 1044 580 3.6699 4
34 26 1036 652 3.69845 4
36 34 1036 644 3.7424 4
36 42 1036 636 3.72882 4
38 50 1036 628 3.72874 4
38 58 1036 620 3.74613 4
38 66 1036 612 3.73 4
10 0 20 732 3.26555 4
10 38 1684 492 3.27392 2
10 14 28 724 3.24788 2
10 76 1068 604 3.31568 4
10 84 1068 596 3.51244 4
40 10 1028 668 3.34023 4
40 74 1036 604 3.73821 4
40 82 1036 596 3.73995 4
42 18 1028 660 3.55531 4
42 90 1036 588 3.73323 4
42 96 1036 580 3.59542 4
42 26 1028 652 3.60699 4
44 34 1028 644 3.70032 4
44 40 1028 636 3.70392 4
46 2 1502.54 304.804 3.16346 7
46 48 1028 628 3.69988 4
46 56 1028 620 3.72884 4
46 64 1028 612 3.70937 4
12 22 1668 492 3.26272 2
12 28 1676 492 3.29641 2
48 74 1028 604 3.71386 4
48 20 1020 660 3.39883 4
48 80 1028 596 3.6902 4
48 96 1028 580 3.41844 4
50 32 1020 644 3.66111 4
50 10 1677.9 491.48 3.2143 5
50 88 1028 588 3.67407 4
50 98 1404 260 3.12677 6
50 26 1020 652 3.46069 4
52 40 1020 636 3.71736 4
54 48 1020 628 3.706 4
54 56 1020 620 3.73248 4
14 36 1060 644 3.38042 4
14 10 20 724 3.22947 4
14 44 1060 636 3.58277 4
14 52 1060 628 3.71865 4
14 60 1060 620 3.72313 4
14 68 1060 612 3.72392 4
14 88 1420 12 3.25644 0
14 92 1068 588 3.36865 4
14 98 356 604 3.2173 4
56 12 892 276 3.21513 2
56 64 1020 612 3.71062 4
56 72 1020 604 3.72713 4
58 12 1672.24 497.137 3.14744 5
58 56 1012 620 3.43221 4
62 46 852 444 3.29325 0
62 74 868 276 3.22324 0
62 80 852 446.225 3.28973 1
16 76 1060 604 3.74361 4
66 42 631.383 542.392 3.24183 5
66 102 43.0698 723.411 3.13381 3
18 84 1060 596 3.75639 4
18 92 1060 588 3.74879 4
20 36 1052 644 3.64422 4
20 44 1052 636 3.65766 4
20 92 512.589 367.029 3.28188 5
22 52 1052 628 3.6982 4
22 14 252 420 3.17264 4
22 60 1052 620 3.70999 4
22 68 1052 612 3.72226 4
22 18 260 404 3.18717 4
22 22 1668 484 3.23132 2
22 96 1060 580 3.40244 4
22 30 1052 652 3.28008 4
6 56 721.892 576.333 3.23495 1
24 74 1052 604 3.7281 4
24 84 1052 596 3.73593 4
24 92 1052 588 3.73366 4
28 34 1044 644 3.73858 4
28 42 1044 636 3.73755 4
28 20 1044 660 3.49052 4
28 98 1052 580 3.59845 4
28 26 1044 652 3.69281 4
30 2 1491.22 293.49 3.17026 7
30 50 1044 628 3.72521 4
30 58 1044 620 3.73211 4
30 66 1044 612 3.7185 4
