0 2 750.177 355.716 3.32349 7
0 34 710.579 576.333 3.36874 1
0 20 1660.93 10.6477 3.39584 7
0 30 1655.27 16.3046 3.39566 7
32 0 501.275 378.343 3.29293 1
32 14 572 12 3.81028 0
32 22 572 20 3.80555 0
34 56 580 52 3.81406 0
36 48 580 44 3.81568 0
38 32 580 28 3.82714 0
38 40 580 36 3.78194 0
38 24 580 20 3.79788 0
10 10 548 12 3.48641 0
40 8 580 4 3.6131 0
40 16 580 12 3.80727 0
42 56 588 52 3.81866 0
44 40 588 36 3.81485 0
44 48 588 44 3.81945 0
44 60 654.01 497.137 3.3505 7
46 32 588 28 3.82638 0
12 36 556 36 3.79219 0
12 44 556 44 3.78776 0
48 16 588 12 3.80826 0
48 24 588 20 3.80925 0
50 10 588 4 3.60302 0
50 58 596 52 3.81299 0
50 6 1010.39 84.1867 3.26306 5
52 42 596 36 3.82695 0
52 50 596 44 3.81403 0
54 34 596 28 3.8341 0
14 44 710.579 497.137 3.28664 3
14 50 556 52 3.65376 0
14 28 556 28 3.81847 0
56 10 596 4 3.62152 0
56 18 596 12 3.82381 0
56 26 596 20 3.81467 0
58 58 604 52 3.77678 0
60 50 604 44 3.77808 0
62 34 604 28 3.80854 0
62 42 604 36 3.79082 0
16 12 556 12 3.82523 0
16 4 556 4 3.43035 0
16 20 556 20 3.82852 0
64 20 604 12 3.76245 0
66 12 604 4 3.61939 0
66 60 612 52 3.79264 0
68 44 612 36 3.81767 0
68 52 612 44 3.79267 0
70 36 612 28 3.81073 0
70 28 612 20 3.82019 0
18 52 564 52 3.77324 0
72 12 612 4 3.55985 0
72 20 612 12 3.82563 0
74 52 620 44 3.76769 0
74 60 620 52 3.77289 0
76 44 620 36 3.79918 0
78 38 620 28 3.81387 0
20 36 564 36 3.79461 0
20 44 564 44 3.79039 0
80 14 620 4 3.56154 0
80 22 620 12 3.81158 0
82 58 628 52 3.64322 0
82 62 823.716 666.843 3.30338 7
84 46 628 36 3.82865 0
84 54 628 44 3.7783 0
86 38 628 28 3.82315 0
86 30 628 20 3.81884 0
22 60 564 60 3.48981 0
22 30 564 28 3.78847 0
88 22 628 12 3.80638 0
94 32 636 20 3.7979 0
94 40 636 28 3.77412 0
6 10 704.922 559.362 3.35501 1
24 14 564 12 3.81791 0
24 22 564 20 3.82284 0
96 50 780 636 3.22493 6
96 50 919.882 299.147 3.24078 7
96 16 636 4 3.57348 0
96 24 636 12 3.80654 0
98 46 1055.65 61.5593 3.23759 7
100 32 644 20 3.50226 0
100 50 1078.27 593.304 3.19047 3
102 0 20 732 3.24281 4
102 42 540 676 3.21061 2
102 6 43.0699 734.725 3.20131 1
26 54 572 52 3.82493 0
26 60 572 60 3.50082 0
104 18 644 4 3.41524 0
106 34 818.059 378.343 3.2563 1
106 16 987.765 95.5004 3.16607 5
28 38 572 36 3.81319 0
28 46 572 44 3.81647 0
112 0 43.0698 723.411 3.22611 1
112 6 12 724 3.19687 4
112 24 316 548 3.15661 4
30 30 572 28 3.82418 0
