0 14 60.0405 570.676 3.32284 3
2 20 65.6973 565.019 3.31679 3
32 10 37.413 548.049 3.73204 3
34 16 43.0698 542.392 3.72618 3
36 32 54.3835 531.078 3.70157 3
36 24 48.7267 536.735 3.72812 3
38 2 26.0993 548.049 3.52203 3
10 32 1208.38 497.137 3.14414 1
10 12 54.3836 565.019 3.58414 3
10 20 60.0404 559.363 3.6525 3
42 38 60.0404 525.421 3.59516 3
42 14 37.413 536.735 3.7246 3
44 22 43.0698 531.078 3.72026 3
46 30 48.7267 525.421 3.72369 3
12 28 65.6973 553.706 3.53967 3
48 38 54.3835 519.765 3.57755 3
50 14 31.7561 531.078 3.69733 3
50 22 37.413 525.421 3.67827 3
54 8 468 508 3.35203 6
54 28 43.0698 519.765 3.69355 3
14 2 1259.29 208.638 3.27526 5
14 32 844 324 3.18592 4
58 14 26.0992 525.421 3.61011 3
58 20 31.7561 519.765 3.68976 3
60 28 37.413 514.108 3.68335 3
62 36 43.0698 508.451 3.66739 3
62 6 133.58 587.647 3.32786 3
64 14 20.4424 519.765 3.57655 3
68 18 26.0992 514.108 3.68313 3
68 26 31.7561 508.451 3.66802 3
70 34 37.413 502.794 3.67664 3
18 0 552.187 678.156 3.40204 7
18 10 48.7267 559.363 3.7183 3
18 20 54.3835 553.706 3.71148 3
18 6 43.0699 565.019 3.54505 3
74 18 20.4424 508.451 3.62217 3
76 24 26.0992 502.794 3.63665 3
78 34 31.7561 497.137 3.67757 3
20 26 60.0404 548.049 3.71513 3
80 42 37.413 491.48 3.64571 3
82 14 14.7856 502.794 3.30678 3
84 24 20.4425 497.137 3.59109 3
86 32 26.0993 491.48 3.60611 3
86 22 9.12878 497.137 3.23903 3
86 6 28 724 3.22215 4
22 34 65.6973 542.392 3.67352 3
90 18 3.47192 502.794 3.27446 3
94 0 20 732 3.24922 4
94 38 26.0993 480.167 3.50803 3
94 30 20.4424 485.823 3.5499 3
6 32 1491.22 293.49 3.17115 5
96 10 20 724 3.21787 4
96 22 3.47192 491.48 3.22162 3
100 32 14.7856 480.167 3.1397 3
102 40 20.4424 474.51 3.17572 3
26 10 43.0699 553.706 3.73493 3
26 18 48.7267 548.049 3.70466 3
26 6 37.413 559.363 3.57016 3
28 34 60.0404 536.735 3.71727 3
28 24 54.3835 542.392 3.68444 3
