0 72 44 732 3.21193 2
2 22 1676 492 3.27257 2
32 36 1100.9 16.3045 3.46914 5
34 2 422.079 468.853 3.49644 5
34 44 1095.24 10.6476 3.43701 5
36 58 897.255 276.52 3.33969 5
36 26 1100.9 27.6182 3.43484 5
38 6 588 732 3.60232 4
10 42 914.226 270.863 3.34055 5
40 34 1095.24 21.9614 3.48073 5
40 10 476 492 3.41253 6
42 42 1089.59 16.3045 3.48265 5
42 58 460 540 3.34364 2
42 16 1100.9 38.9319 3.40176 5
44 50 1083.93 10.6476 3.44481 5
44 24 1095.24 33.2751 3.45869 5
46 10 588 740 3.57725 4
12 26 1123.53 16.3045 3.33341 5
50 2 588 748 3.60941 4
50 40 1083.93 21.9614 3.49953 5
50 14 580 724 3.58792 4
52 48 1078.27 16.3045 3.50271 5
54 56 1072.62 10.6476 3.44153 5
54 64 891.598 282.177 3.35761 5
54 72 885.941 276.52 3.3089 5
54 30 1083.93 33.2751 3.51783 5
14 8 269.344 395.314 3.28674 5
14 34 1117.87 10.6477 3.30548 5
14 46 1532 428 3.23029 4
56 0 556 748 3.60067 4
58 36 1078.27 27.6182 3.51029 5
58 10 580 740 3.5846 4
58 72 902.912 270.863 3.35158 5
60 44 1072.62 21.9613 3.46643 5
60 66 1684 492 3.32825 0
62 52 1066.96 16.3045 3.51898 5
62 66 908.569 276.52 3.33934 5
64 34 1072.62 33.2751 3.51805 5
64 60 1061.3 10.6477 3.53969 5
64 26 1078.27 38.9319 3.49391 5
66 42 1066.96 27.6182 3.53242 5
70 50 1061.3 21.9613 3.56275 5
18 16 1123.53 27.6182 3.40819 5
72 58 1055.65 16.3045 3.57917 5
74 32 1066.96 38.9319 3.50913 5
74 10 548 732 3.50163 4
74 40 1061.3 33.2751 3.53699 5
74 16 548 724 3.51618 4
74 66 1049.99 10.6477 3.42947 5
78 0 540 748 3.45709 4
78 48 1055.65 27.6182 3.5457 5
78 70 1530.82 638.558 3.37759 3
78 22 1066.96 50.2456 3.4494 5
20 24 1117.87 21.9614 3.44373 5
80 56 1049.99 21.9614 3.57772 5
80 30 1061.3 44.5888 3.52162 5
82 38 1055.65 38.9319 3.555 5
82 64 1519.51 638.558 3.36493 3
84 72 1525.17 632.902 3.37678 3
86 44 1049.99 33.2751 3.56468 5
86 20 1061.3 55.9025 3.48418 5
22 32 1112.22 16.3045 3.42151 5
88 10 461.677 384 3.32469 5
88 62 740 372 3.28556 4
88 66 1513.85 632.902 3.3462 3
88 18 276 652 3.34556 4
88 28 1055.65 50.2456 3.54136 5
90 36 1049.99 44.5888 3.54985 5
90 66 846.343 248.235 3.22689 1
94 42 1044.33 38.9319 3.55364 5
94 50 1038.68 33.2751 3.56714 5
24 14 1117.87 33.2751 3.42338 5
96 56 1502.54 632.902 3.34482 3
96 24 1049.99 55.9025 3.4987 5
98 32 1044.33 50.2456 3.54114 5
98 62 1220 660 3.19741 2
98 16 1055.65 61.5593 3.49077 5
98 64 908 268 3.2474 4
100 40 1038.68 44.5887 3.49592 5
26 40 1106.56 10.6476 3.40063 5
26 20 1112.22 27.6182 3.44819 5
104 24 1044.33 61.5593 3.53543 5
106 0 20 732 3.29381 4
106 8 28 724 3.27081 4
106 38 1033.02 50.2456 3.37812 5
106 46 224.089 598.96 3.27662 3
106 18 1049.99 67.2162 3.44379 5
108 46 818.059 378.343 3.28097 1
110 50 823.716 384 3.26697 1
30 8 604 732 3.59278 4
30 16 604 724 3.52737 4
30 30 1106.56 21.9614 3.46916 5
