0 0 476 532 3.31339 4
0 34 1356 380 3.24407 2
0 52 1572 84 3.18255 6
0 18 1332 380 3.33671 2
8 42 1610.02 50.2457 3.28373 7
32 12 1652 60 3.27792 6
34 42 1620 68 3.5035 6
34 18 1644 60 3.4028 6
34 6 388 596 3.21281 2
36 36 1628 68 3.47759 6
38 52 1612 76 3.4467 6
38 58 1604.36 78.53 3.15363 7
10 16 1636 36 3.3317 6
40 26 1636 68 3.45512 6
42 46 1620 76 3.47868 6
42 16 1649.62 67.2163 3.2052 7
42 20 1644 68 3.34451 6
44 38 1628 76 3.45562 6
46 56 1612 84 3.44632 6
46 58 1610.02 84.1868 3.16589 7
12 8 1644 36 3.31585 6
12 38 1620 44 3.42018 6
12 30 1628 44 3.39611 6
50 10 156 388 3.14793 6
50 48 1620 84 3.45196 6
50 64 1214.04 661.186 3.1276 3
50 66 12 692 3.12898 6
50 22 1644 76 3.35564 6
52 40 1628 84 3.45054 6
54 34 1636 84 3.38331 6
54 58 1612 92 3.44606 6
14 10 452 508 3.28831 4
14 46 1612 44 3.47552 6
56 10 1219.7 666.843 3.11208 7
56 26 1644 84 3.35742 6
58 48 1620 92 3.47419 6
58 20 1652 84 3.26578 6
60 42 1628 92 3.47661 6
62 34 1636 92 3.45931 6
62 60 1612 100 3.52296 6
64 52 1620 100 3.50501 6
64 72 1412 12 3.2389 0
64 28 1644 92 3.38191 6
66 66 704.922 559.362 3.27206 7
66 20 1652 92 3.28942 6
68 46 1628 100 3.50685 6
70 0 44 732 3.12961 4
70 38 1636 100 3.50802 6
70 62 1612 108 3.49649 6
70 72 716.236 581.99 3.26151 7
18 38 1620 52 3.43698 6
18 10 1652 44 3.35057 6
18 46 1612 52 3.49178 6
18 16 1636 44 3.33789 6
72 32 1644 100 3.4344 6
72 56 1620 108 3.52497 6
74 0 20 732 3.20344 4
74 48 1628 108 3.54246 6
78 8 20 724 3.17422 4
78 40 1636 108 3.52038 6
78 64 1612 116 3.49476 6
80 32 1644 108 3.44838 6
80 58 1620 116 3.52014 6
80 72 556 444 3.14055 0
80 26 1652 108 3.40334 6
82 0 12 732 3.16471 4
82 50 1628 116 3.50178 6
84 10 28 724 3.17549 4
84 42 1636 116 3.40366 6
86 28 196 396 3.19991 2
22 54 1604 52 3.28255 6
22 30 1628 52 3.44968 6
6 10 468 508 3.32572 4
6 26 1340 372 3.25874 2
24 48 1612 60 3.50615 6
24 22 1636 52 3.44389 6
26 40 1620 60 3.52322 6
26 62 1668 92 3.15431 0
30 0 380 604 3.21857 2
30 32 1628 60 3.47615 6
30 26 1636 60 3.45302 6
