0 32 1412 11.9999 3.36779 2
0 42 716.235 581.99 3.35755 1
0 66 897.255 174.696 3.27985 3
0 66 761.49 627.245 3.33413 1
0 72 902.912 169.04 3.31266 3
0 82 756 356 3.29642 6
0 22 1396 11.9999 3.36608 2
0 26 1404 11.9999 3.37696 2
2 14 1388 11.9999 3.34804 2
8 12 1388 3.99994 3.32308 2
8 54 801.088 451.882 3.4614 7
8 78 1428 3.99994 3.27587 2
32 10 1180.1 38.9319 3.23812 5
34 54 823.716 463.196 3.4806 7
34 16 840.686 423.598 3.39576 7
34 76 823.716 395.314 3.23021 1
36 46 829.373 457.539 3.41741 7
38 32 1242.32 21.9614 3.29095 5
38 38 835.029 451.882 3.36891 7
38 62 1684 132 3.18793 4
38 72 354.197 400.97 3.18861 7
38 88 44 724 3.12227 4
10 46 806.745 446.225 3.4229 7
10 72 789.775 463.196 3.35728 7
40 34 835.029 440.568 3.28773 7
40 58 828 468 3.28887 0
40 16 846.343 429.255 3.39558 7
40 70 1684 124 3.1866 4
42 14 852 434.912 3.35017 7
44 50 835.029 463.196 3.28998 7
46 0 20 732 3.25907 4
46 78 37.413 729.068 3.14665 7
48 46 1168.78 27.6183 3.27062 5
48 62 732 604 3.14888 6
48 62 365.511 400.97 3.17032 7
48 26 1400.72 44.5888 3.24674 5
50 10 20 724 3.22708 4
50 60 1212 652 3.17933 2
50 30 852 452 3.3442 0
54 0 12 732 3.22034 4
14 38 812.402 440.568 3.44402 7
14 64 801.088 463.196 3.43971 7
14 20 818.059 423.598 3.28852 7
56 78 43.0699 734.725 3.15397 7
56 26 1395.06 50.2457 3.24466 5
4 12 1332 620 3.30259 6
16 58 806.745 457.539 3.43553 7
18 48 812.402 451.882 3.44412 7
18 74 801.088 474.51 3.36723 7
18 22 823.716 429.255 3.39473 7
18 88 1513.85 632.902 3.26341 3
18 30 818.059 434.912 3.39656 7
22 42 818.059 446.225 3.43506 7
22 66 806.745 468.853 3.40711 7
22 82 1502.54 632.902 3.24202 3
6 10 1225.35 627.245 3.29009 1
6 6 1500 300 3.21748 6
6 30 710.579 565.019 3.35982 1
24 34 823.716 440.568 3.42147 7
24 58 812.402 463.196 3.46576 7
24 22 1668 284 3.24441 2
24 88 1525.17 632.902 3.22328 3
26 52 818.059 457.539 3.47169 7
26 26 829.373 434.912 3.33552 7
28 70 812.402 474.51 3.33591 7
28 30 684 540 3.28676 4
30 10 1684 492 3.23676 4
30 44 823.716 451.882 3.4528 7
30 30 1247.98 16.3045 3.30073 5
