0 2 20 732 3.24007 2
0 46 12 732 3.20411 2
0 14 44 732 3.1941 2
2 90 468 420 3.21351 4
8 106 468 396 3.73344 4
32 92 444 412 3.85617 4
32 100 444 404 3.86403 4
34 76 444 428 3.84516 4
34 84 444 420 3.84047 4
36 52 444 452 3.80044 4
36 60 444 444 3.82538 4
36 68 444 436 3.80453 4
36 110 436 396 3.85825 4
36 118 436 388 3.85653 4
38 44 444 460 3.77932 4
38 14 548 676 3.22212 6
38 26 908.569 276.52 3.31002 7
38 124 436 380 3.82845 4
10 98 468 404 3.68447 4
10 114 31.7562 553.706 3.34298 3
40 100 436 404 3.84289 4
42 78 436 428 3.7788 4
42 86 436 420 3.82558 4
42 92 436 412 3.85883 4
44 54 436 452 3.84834 4
44 60 436 444 3.84583 4
44 68 436 436 3.79903 4
46 38 436 468 3.84009 4
46 44 436 460 3.83181 4
46 110 428 396 3.8158 4
46 118 428 388 3.82144 4
46 30 436 476 3.81678 4
46 126 428 380 3.77923 4
48 86 428 420 3.83545 4
48 22 436 484 3.79735 4
48 94 428 412 3.83654 4
48 102 428 404 3.83713 4
50 14 436 492 3.73272 4
50 70 428 436 3.84181 4
50 78 428 428 3.85238 4
50 6 436 500 3.645 4
52 54 428 452 3.85105 4
52 62 428 444 3.84448 4
54 38 428 468 3.83308 4
54 46 428 460 3.83076 4
54 110 420 396 3.8219 4
54 118 420 388 3.81757 4
54 30 428 476 3.80856 4
54 126 420 380 3.77075 4
14 70 468 436 3.25111 4
14 90 1525.17 350.059 3.21745 7
14 102 1513.85 304.804 3.36313 3
14 114 460 388 3.84953 4
14 122 460 380 3.83796 4
56 14 428 492 3.80595 4
56 22 428 484 3.80844 4
56 94 420 412 3.79554 4
56 102 420 404 3.80446 4
58 78 420 428 3.85066 4
58 86 420 420 3.84647 4
60 54 420 452 3.84066 4
60 62 420 444 3.82776 4
60 70 420 436 3.82422 4
62 42 574.814 734.725 3.56343 3
62 46 420 460 3.85527 4
62 110 412 396 3.81971 4
62 120 412 388 3.80512 4
16 100 460 404 3.85539 4
16 106 460 396 3.82742 4
64 14 420 492 3.8124 4
64 22 420 484 3.82216 4
64 88 412 420 3.82715 4
64 30 420 476 3.83514 4
66 72 412 436 3.81644 4
66 80 412 428 3.83778 4
66 96 412 412 3.80404 4
66 104 412 404 3.81009 4
66 120 404 388 3.57065 4
68 56 412 452 3.83762 4
68 64 412 444 3.84146 4
68 112 404 396 3.42587 4
70 0 133.58 587.647 3.30049 3
70 38 412 468 3.85974 4
70 48 412 460 3.85118 4
18 64 54.3836 361.372 3.22508 7
18 84 460 420 3.81399 4
18 90 1496.88 310.461 3.42428 3
18 92 460 412 3.86066 4
72 96 404 412 3.81702 4
72 98 970.794 372.686 3.1813 7
74 0 167.521 621.588 3.21953 3
74 12 412 492 3.84454 4
74 72 404 436 3.84701 4
74 20 412 484 3.84862 4
74 80 404 428 3.85061 4
74 88 404 420 3.84082 4
74 106 396 404 3.26946 4
74 118 36 380 3.10265 4
74 124 36 372 3.09807 4
76 56 404 452 3.83849 4
76 64 404 444 3.85172 4
76 90 405.109 610.274 3.26877 3
78 32 404 476 3.85791 4
78 40 404 468 3.85562 4
78 48 404 460 3.8179 4
20 70 460 436 3.51553 4
20 76 460 428 3.59511 4
80 80 396 428 3.65625 4
82 14 404 492 3.85073 4
82 74 396 436 3.82888 4
84 56 396 452 3.82047 4
84 64 396 444 3.82524 4
84 18 404 484 3.85138 4
86 34 396 476 3.81518 4
86 42 396 468 3.79284 4
86 50 396 460 3.82016 4
86 14 529.559 734.725 3.50737 3
86 90 332 492 3.19676 4
22 60 460 444 3.52915 4
22 122 452 380 3.83155 4
88 68 563.5 689.47 3.28241 3
88 18 396 492 3.84651 4
88 74 388 436 3.52112 4
88 24 396 484 3.84307 4
90 66 388 444 3.76373 4
90 88 556 676 3.07489 2
90 88 324 500 3.18284 4
92 12 1132 164 3.22628 0
92 50 388 460 3.80106 4
92 58 388 452 3.82149 4
94 34 388 476 3.83175 4
94 42 388 468 3.82938 4
6 70 36 724 3.18704 2
24 92 452 412 3.83758 4
24 100 452 404 3.86013 4
96 12 12 524 3.42013 2
96 14 320.256 559.362 3.36434 3
96 68 380 444 3.42643 4
96 18 388 492 3.82784 4
96 72 900 244 3.11229 0
96 26 388 484 3.84581 4
98 50 380 460 3.58396 4
98 20 20 524 3.42121 2
100 12 1140 164 3.21858 0
102 34 380 476 3.80834 4
102 42 380 468 3.80788 4
26 76 452 428 3.8327 4
26 84 452 420 3.83258 4
104 58 919.882 265.206 3.30349 3
104 22 380 492 3.77568 4
104 26 380 484 3.80083 4
106 50 914.225 270.863 3.32549 3
106 14 314.599 553.706 3.33981 3
108 34 372 476 3.46256 4
108 14 557.844 695.127 3.28655 7
28 60 452 444 3.79057 4
28 66 452 436 3.78181 4
116 16 12 516 3.34461 2
118 0 43.0698 723.411 3.13969 1
118 34 44 516 3.33257 2
118 40 902.912 270.863 3.32854 3
30 40 468 508 3.29511 4
30 108 444 396 3.85951 4
30 28 356 596 3.12431 6
30 116 444 388 3.865 4
30 124 444 380 3.83286 4
