0 70 20 732 3.2727 2
0 98 44 732 3.25231 2
2 14 467.334 389.657 3.18459 3
8 46 364 676 3.34801 2
8 50 372 676 3.37015 2
8 72 28 724 3.25187 2
32 0 1530.82 502.794 3.23221 3
32 12 1621.33 231.265 3.63623 7
32 76 1570.42 270.863 3.71011 7
32 20 1615.68 236.922 3.6735 7
32 80 1564.76 276.52 3.62734 7
32 28 1610.02 242.579 3.73377 7
34 36 1604.36 248.236 3.73648 7
34 44 1598.7 253.892 3.73097 7
36 52 1593.05 259.549 3.73815 7
36 60 1587.39 265.206 3.69134 7
38 66 1581.73 270.863 3.71431 7
10 58 380 676 3.2965 2
10 60 552.187 678.156 3.34218 5
10 26 1492 468 3.28817 2
10 30 1593.05 225.608 3.56114 7
40 0 1516 356 3.12872 2
40 18 1621.33 242.579 3.64603 7
40 82 1570.42 282.177 3.69585 7
40 92 818.059 378.343 3.14367 3
40 26 1615.68 248.236 3.72489 7
42 34 1610.02 253.892 3.71743 7
42 42 1604.36 259.549 3.72019 7
44 50 1598.7 265.206 3.73545 7
44 58 1593.05 270.863 3.71871 7
46 66 1587.39 276.52 3.73344 7
46 74 1581.73 282.177 3.70567 7
12 38 1587.39 231.265 3.4022 7
48 82 1576.08 287.834 3.72985 7
50 34 1615.68 259.549 3.69055 7
50 40 1610.02 265.206 3.72546 7
50 80 1542.14 265.206 3.27579 3
50 90 1570.42 293.49 3.68804 7
52 48 1604.36 270.863 3.72851 7
52 58 1598.7 276.52 3.71428 7
52 20 1108 44 3.17885 6
54 64 1593.05 282.177 3.73317 7
54 72 1587.39 287.834 3.69031 7
54 30 1304.55 299.147 3.2178 1
14 70 444.707 581.99 3.34077 3
14 74 461.677 553.706 3.30094 3
56 80 1581.73 293.49 3.72387 7
56 88 1576.08 299.147 3.67955 7
56 30 1547.79 508.451 3.23597 5
58 40 1315.86 310.461 3.21722 1
58 54 1610.02 276.52 3.46146 7
58 22 36 740 3.16109 2
60 58 1604.36 282.177 3.60856 7
62 64 1598.7 287.834 3.66203 7
62 72 1593.05 293.49 3.64345 7
16 22 1604.36 225.608 3.65369 7
64 80 1587.39 299.147 3.66428 7
64 90 660 516 3.07578 6
68 62 1124 36 3.22139 6
68 76 1598.7 299.147 3.31932 7
18 38 1593.05 236.922 3.72863 7
18 42 364 660 3.42106 2
18 44 1587.39 242.579 3.71588 7
18 66 427.736 587.647 3.35902 3
18 68 540.873 678.156 3.36902 5
18 30 1598.7 231.265 3.72129 7
72 80 1598.7 310.461 3.23649 7
20 54 1581.73 248.236 3.71866 7
20 60 1576.08 253.892 3.67026 7
22 14 1615.68 225.608 3.62545 7
22 66 1570.42 259.549 3.59909 7
22 78 460 380 3.30628 2
22 80 476 380 3.24782 2
6 46 1308 35.9999 3.31499 2
6 50 1316 35.9999 3.28238 2
24 78 1553.45 276.52 3.45117 7
24 20 1610.02 231.265 3.67376 7
24 28 1604.36 236.922 3.72421 7
26 36 1598.7 242.579 3.74191 7
26 44 1593.05 248.236 3.71852 7
26 84 1445.97 485.823 3.14629 1
26 6 1542.14 502.794 3.22539 3
28 52 1587.39 253.892 3.74361 7
28 60 1581.73 259.549 3.67384 7
30 68 1576.08 265.206 3.71689 7
