0 0 1508 204 3.17606 6
0 68 44 732 3.23115 2
0 30 892 276 3.34479 6
8 10 1324 308 3.27762 2
8 30 892 284 3.352 6
32 48 1356 276 3.45077 2
32 16 1324 468 3.3023 6
34 38 1348 276 3.50015 2
34 14 852 364 3.19585 6
34 62 1324 252 3.14874 0
34 24 836 364 3.25351 6
38 56 1364 268 3.41459 2
10 54 28 724 3.2137 2
10 16 844 332 3.37697 6
42 42 1348 268 3.48132 2
42 22 1462.94 457.539 3.14439 5
44 34 1340 268 3.49769 2
44 30 1332 268 3.25371 2
46 0 20 732 3.23456 4
46 60 1364 260 3.47487 2
12 34 450.363 519.764 3.29787 7
48 38 1004.74 327.432 3.20034 7
48 46 1348 260 3.43319 2
54 54 1356 252 3.52695 2
54 62 1364 252 3.51577 2
14 38 1348 300 3.28984 2
14 18 1332 300 3.35015 2
56 46 1348 252 3.47315 2
58 46 1140 236 3.14593 4
62 36 823.716 395.314 3.04501 7
4 14 852 324 3.3058 6
16 10 1324 300 3.3292 2
64 38 31.7563 700.784 3.11613 5
64 50 1348 244 3.38513 2
64 56 1356 244 3.45881 2
66 42 201.462 598.96 3.21047 1
66 54 1383.74 548.049 3.24604 5
18 34 1348 292 3.41595 2
18 10 580.471 740.382 3.27571 5
18 40 20.4426 519.764 3.22269 5
74 66 1364 228 3.33567 2
20 26 1340 292 3.44077 2
22 38 820 348 3.40417 6
22 22 844 348 3.4251 6
22 22 1332 292 3.37153 2
22 6 1508 324 3.25206 6
22 26 836 348 3.4396 6
6 34 884 284 3.35342 6
24 32 828 348 3.42696 6
24 42 12 516 3.19466 4
24 14 1324 292 3.25946 2
24 62 43.0698 723.411 3.07229 1
26 34 1348 284 3.4108 2
30 56 1364 276 3.37574 2
30 22 1332 284 3.40108 2
