0 70 20 732 3.25372 2
0 102 44 732 3.25953 2
32 32 325.913 576.333 3.70107 3
32 40 331.569 570.676 3.70882 3
32 48 337.226 565.019 3.71003 3
32 56 342.883 559.362 3.70954 3
32 64 348.54 553.706 3.68762 3
34 8 308.942 593.304 3.30758 3
34 16 314.599 587.647 3.65412 3
34 24 320.256 581.99 3.64911 3
38 72 348.54 542.392 3.63207 3
38 84 359.854 531.078 3.36976 3
10 38 348.54 587.647 3.56776 3
10 10 1668 492 3.23347 2
10 14 897.255 276.52 3.19527 7
10 16 1676 492 3.24751 2
10 70 28 724 3.24613 2
10 20 891.598 282.177 3.19841 7
40 40 325.913 565.019 3.71018 3
40 48 331.569 559.362 3.70394 3
40 56 337.226 553.706 3.69248 3
40 64 342.883 548.049 3.6823 3
40 24 314.599 576.333 3.62808 3
42 32 320.256 570.676 3.70067 3
42 16 308.942 581.99 3.57022 3
42 88 1214.04 219.951 3.22398 7
46 38 12 524 3.32916 2
46 72 342.883 536.735 3.63024 3
46 80 348.54 531.078 3.60334 3
46 98 1208.38 225.608 3.20169 7
12 14 331.569 604.617 3.20555 3
48 38 314.599 553.706 3.51511 3
48 42 320.256 548.049 3.49267 3
48 50 325.913 553.706 3.67805 3
48 56 331.569 548.049 3.69589 3
48 64 337.226 542.392 3.66645 3
48 26 44 740 3.20763 2
50 34 1151.81 202.981 3.20642 5
50 18 36 740 3.24126 2
54 74 337.226 531.078 3.57634 3
54 80 342.883 525.421 3.603 3
54 88 348.54 519.765 3.53466 3
14 44 354.197 581.99 3.34853 3
14 22 337.226 598.96 3.26544 3
14 102 48.7267 729.068 3.03035 1
14 28 342.883 593.304 3.55623 3
56 48 314.599 542.392 3.3724 3
62 66 439.05 576.333 3.3614 7
62 66 320.256 536.735 3.42925 3
62 90 342.883 514.108 3.43982 3
62 96 348.54 508.451 3.3087 3
16 38 342.883 581.99 3.66382 3
16 10 908.569 276.52 3.15472 7
16 46 348.54 576.333 3.67733 3
16 50 354.197 570.676 3.54365 3
66 74 331.569 525.421 3.46107 3
18 10 1668 484 3.19881 2
18 50 229.746 491.48 3.19396 5
18 22 331.569 593.304 3.65132 3
18 30 337.226 587.647 3.67684 3
22 62 235.403 655.529 3.25327 1
22 70 365.511 548.049 3.27152 3
6 42 365.511 593.304 3.10191 3
6 24 1692 500 3.15825 2
24 40 337.226 576.333 3.70028 3
24 48 342.883 570.676 3.71048 3
24 56 348.54 565.019 3.71121 3
26 8 314.599 598.96 3.42589 3
26 32 331.569 581.99 3.64546 3
26 16 320.256 593.304 3.65913 3
26 80 546.53 672.5 3.16833 5
28 74 535.216 672.5 3.23839 5
30 38 1174.44 180.353 3.27429 5
30 68 354.197 548.049 3.52851 3
30 72 1072.62 225.608 3.27635 7
30 80 1066.96 231.265 3.22038 7
30 82 1259.29 208.638 3.09634 3
