0 54 20 732 3.25446 2
0 82 44 732 3.26133 2
0 22 314.599 553.706 3.22837 1
0 26 12 524 3.19116 0
8 14 314.599 542.392 3.19401 1
32 46 139.237 27.6182 3.30225 5
32 58 1652 764 3.32113 0
32 20 148 52.0001 3.3721 4
32 28 148 44.0001 3.35486 4
34 8 1124 36 3.31493 4
34 46 140 28.0001 3.41866 4
36 38 140 36.0001 3.4306 4
38 66 761.49 333.088 3.25842 1
10 54 28 724 3.24395 2
10 16 892 284 3.28829 0
40 0 897.255 514.108 3.29767 7
42 8 1116 36 3.31303 4
42 50 132 28.0001 3.39709 4
42 60 1660 764 3.31181 0
42 72 1068 220 3.22149 6
42 24 140 52.0001 3.37703 4
44 0 1116 44 3.32077 4
44 42 132 36.0001 3.39435 4
44 16 140 60.0001 3.35896 4
46 34 132 44.0001 3.39474 4
46 58 124 20.0001 3.37251 4
46 70 460 540 3.25457 2
50 0 1108 44 3.33733 4
50 0 874.628 276.52 3.27864 5
50 44 124 36.0001 3.39471 4
50 26 132 52.0001 3.39111 4
52 36 124 44.0001 3.39392 4
52 18 132 60.0001 3.38671 4
54 10 132 68.0001 3.38315 4
54 54 116 28.0001 3.44393 4
54 62 116 20.0001 3.33817 4
54 74 852 446.225 3.29867 3
54 74 1140.5 33.275 3.25147 1
14 10 900 276 3.2902 0
14 30 164 36.0001 3.27032 4
58 46 116 36.0001 3.42565 4
60 22 124 60.0001 3.36515 4
62 14 124 68.0001 3.39061 4
62 78 444 556 3.33532 2
4 18 1684 516 3.20752 0
16 22 164 44.0001 3.32542 4
16 24 597.442 214.294 3.19496 1
64 32 116 52.0001 3.40457 4
64 58 105.295 27.6181 3.3245 5
64 58 108 28.0001 3.44191 4
66 50 108 36.0001 3.41391 4
66 66 99.9999 20.0001 3.33889 4
66 74 99.9999 12.0001 3.32498 4
66 82 1123.53 38.9319 3.28396 1
66 24 116 60.0001 3.38934 4
70 2 36 4 3.26145 0
70 42 108 44.0001 3.37961 4
70 16 116 68.0001 3.39774 4
70 30 110.952 55.9024 3.3624 5
72 34 108 52.0001 3.401 4
72 38 105.295 50.2455 3.36096 5
74 2 44 4 3.27154 0
74 44 99.9999 44.0001 3.34662 4
74 52 99.9999 36.0001 3.35707 4
76 70 91.9999 20.0001 3.31012 4
76 18 1420 4 3.35819 6
78 14 778.461 632.902 3.31148 5
78 62 91.9999 28.0001 3.28498 4
78 18 1423.34 621.588 3.39457 5
78 74 818.059 400.971 3.22381 1
6 34 20.4424 700.784 3.19239 1
6 78 44 724 3.1878 2
24 26 156 44.0001 3.37369 4
26 32 150.55 38.9319 3.27221 5
26 50 60.0404 197.324 3.20041 1
26 58 884 268 3.23492 2
26 18 156 52.0001 3.3962 4
28 36 148 36.0001 3.3062 4
30 8 885.941 514.108 3.25694 7
30 8 331.569 502.794 3.24586 1
