0 86 20 732 3.30214 2
0 6 342.883 570.676 3.40043 3
2 8 348.54 565.019 3.37006 3
2 102 44 732 3.30666 2
2 30 908 308 3.30764 2
8 10 804 364 3.33836 6
8 42 916 300 3.28493 2
8 88 28 724 3.2912 2
32 46 772 396 3.48148 6
32 18 332 532 3.24715 2
32 78 740 404 3.51728 6
32 94 1516 636 3.30945 4
32 94 518.246 372.686 3.26351 5
34 38 780 396 3.48374 6
36 64 756 404 3.5284 6
38 56 764 404 3.53312 6
38 22 501.275 683.813 3.14938 1
38 88 732 412 3.47792 6
10 54 439.05 576.333 3.30906 3
10 58 444.707 570.676 3.29101 3
10 62 916 268 3.29042 6
40 48 772 404 3.46767 6
40 102 1049.99 67.2162 3.28216 1
42 34 788 404 3.29912 6
42 40 780 404 3.44084 6
42 74 748 412 3.51779 6
42 30 1519.51 638.558 3.22781 1
44 58 764 412 3.50205 6
44 66 756 412 3.49634 6
46 82 740 420 3.52728 6
46 90 732 420 3.46742 6
12 66 1479.91 621.588 3.23935 5
48 68 756 420 3.47435 6
48 76 748 420 3.52072 6
50 34 540.873 440.569 3.20935 5
50 28 1525.17 632.902 3.2014 1
52 92 732 428 3.33321 6
54 50 1308 12 3.35462 6
54 58 1300 12 3.35243 6
54 74 1457.28 666.843 3.31435 5
14 2 320.256 559.362 3.28787 3
14 10 331.569 548.049 3.32039 3
14 70 748 364 3.29491 6
14 18 796 372 3.49195 6
14 74 456.02 548.049 3.28872 3
14 98 44 724 3.243 2
14 26 788 372 3.4816 6
58 70 422.079 615.931 3.314 7
58 86 880.284 712.098 3.28936 5
58 98 801.088 361.373 3.23954 3
16 42 772 380 3.50239 6
18 2 876 292 3.28708 2
18 34 780 380 3.50956 6
18 82 740 372 3.30102 6
20 60 756 388 3.49108 6
20 26 788 380 3.41919 6
22 8 818.059 378.343 3.27959 7
22 52 764 388 3.48047 6
22 66 748 388 3.33069 6
22 18 796 380 3.44106 6
22 90 724 380 3.1391 6
6 36 427.736 598.96 3.3054 3
6 38 852 444 3.29546 4
6 40 433.393 593.304 3.30227 3
6 54 880.284 270.863 3.2837 3
6 16 796 364 3.48208 6
24 8 1500 316 3.23947 6
24 78 740 396 3.52148 6
26 36 780 388 3.50792 6
26 70 748 396 3.53121 6
28 62 756 396 3.53608 6
28 22 796 388 3.34471 6
28 96 1676 492 3.26366 0
30 12 324 532 3.23081 2
30 54 764 396 3.5186 6
30 86 732 404 3.428 6
30 30 788 388 3.44202 6
