2 0 44 732 3.23765 4
8 36 1677.9 491.48 3.18789 3
32 38 452 564 3.37103 0
34 14 1643.96 140.755 3.22838 7
36 38 1476 76 3.80577 6
36 46 1468 76 3.80165 6
36 54 1460 76 3.79645 6
36 30 1484 76 3.80605 6
10 54 1324 364 3.31643 2
10 30 12 756 3.16973 0
40 22 1208.38 33.2751 3.31904 7
42 0 44 724 3.19838 0
42 14 1508 84 3.40474 6
44 38 1476 84 3.82814 6
44 46 1468 84 3.8103 6
44 54 1460 84 3.8015 6
44 22 1492 84 3.81048 6
44 30 1484 84 3.82937 6
12 46 1468 52 3.76726 6
12 54 1460 52 3.76314 6
48 12 1270.61 72.873 3.14701 3
48 6 31.7562 700.784 3.14025 3
52 38 1476 92 3.82795 6
52 46 1468 92 3.80923 6
52 54 1460 92 3.6537 6
52 22 1492 92 3.80986 6
52 30 1484 92 3.82761 6
14 42 892 492 3.20757 2
60 38 1476 100 3.82725 6
60 46 1468 100 3.81201 6
60 54 1460 100 3.78274 6
60 14 1500 100 3.71989 6
60 22 1492 100 3.81033 6
60 30 1484 100 3.82662 6
64 0 1117.87 214.294 3.11072 1
66 14 1508 108 3.39761 6
68 38 1476 108 3.82782 6
68 46 1468 108 3.80895 6
68 54 1460 108 3.80454 6
68 22 1492 108 3.80937 6
68 30 1484 108 3.82751 6
70 2 9.12872 689.47 3.15377 3
18 28 1536.48 429.255 3.18605 7
72 12 14.7856 683.813 3.1411 3
76 38 1476 116 3.78224 6
76 46 1468 116 3.81377 6
76 54 1460 116 3.81119 6
78 30 1052 60 3.20929 6
20 38 1476 60 3.74292 6
20 46 1468 60 3.80416 6
20 54 1460 60 3.80282 6
80 34 1559.11 508.451 3.27718 5
82 48 1468 124 3.4869 6
86 40 1547.79 508.451 3.29637 5
22 36 1581.73 146.412 3.19484 3
6 34 1666.59 491.48 3.17032 3
6 46 1598.7 152.069 3.20306 3
6 48 1460 44 3.42 6
24 26 1553.45 434.912 3.27534 7
26 0 20 732 3.24963 4
26 10 28 724 3.2169 4
28 38 1476 68 3.7601 6
28 46 1468 68 3.80479 6
28 54 1460 68 3.80385 6
28 22 1632.65 152.069 3.26162 3
30 36 1576.08 140.755 3.28262 3
30 28 156.207 350.059 3.24012 5
