0 38 12 732 3.24169 2
0 46 20 732 3.27292 2
0 82 931.196 299.147 3.27339 3
2 0 44 732 3.19275 4
8 78 195.805 604.617 3.25437 7
32 54 236 508 3.68514 4
32 54 444.707 706.441 3.27053 1
32 62 236 500 3.7139 4
32 70 236 492 3.71316 4
32 78 236 484 3.64827 4
32 96 823.716 406.627 3.18671 1
34 38 1151.81 259.549 3.13833 3
38 38 228 524 3.73835 4
38 10 548 676 3.25259 6
38 46 228 516 3.72845 4
38 14 388.138 672.5 3.20266 3
38 76 1519.51 310.461 3.27265 3
38 30 228 532 3.67719 4
10 50 28 724 3.25729 2
10 70 460 540 3.23075 4
10 70 919.882 299.147 3.23465 3
10 70 212.775 598.96 3.23507 7
10 82 260 484 3.30911 4
10 88 260 476 3.41648 4
10 94 1208.38 202.981 3.17457 1
40 54 228 508 3.7469 4
40 62 228 500 3.74976 4
40 70 228 492 3.72062 4
40 76 228 484 3.54181 4
42 16 354.197 559.362 3.33519 3
42 68 372 660 3.43225 2
42 86 823.716 395.314 3.18487 1
44 74 692 628 3.1779 0
44 6 1519.51 367.029 3.28982 1
44 30 220 532 3.69448 4
46 8 337.226 565.019 3.39364 3
46 38 220 524 3.72622 4
46 46 220 516 3.72255 4
46 14 220 548 3.54938 4
46 72 1502.54 304.804 3.31609 3
46 22 220 540 3.60968 4
46 6 220 564 3.31596 4
48 54 220 508 3.73861 4
48 62 220 500 3.73979 4
48 68 220 492 3.70925 4
48 72 427.736 666.843 3.27891 1
48 74 1164 164 3.24859 4
50 2 212 556 3.51253 4
52 12 212 548 3.67305 4
52 20 212 540 3.65861 4
52 30 212 532 3.6522 4
54 38 212 524 3.68108 4
54 44 212 516 3.67646 4
56 60 212 500 3.71384 4
58 70 1252 204 3.19234 2
58 74 1496.88 287.833 3.21172 3
58 76 892 276 3.11889 4
60 70 1491.22 293.49 3.24096 3
60 6 204 556 3.5099 4
62 36 204 524 3.70098 4
62 12 204 548 3.65446 4
62 52 204 508 3.71846 4
62 20 204 540 3.6608 4
62 28 204 532 3.67375 4
16 72 252 492 3.48575 4
16 80 252 484 3.51892 4
64 44 204 516 3.69865 4
64 50 196 508 3.4462 4
64 66 884 284 3.18318 4
70 0 1168.78 174.696 3.29898 7
70 0 308.942 548.049 3.42817 3
70 36 196 524 3.51856 4
70 28 196 532 3.60655 4
18 58 436 572 3.22032 4
18 64 999.078 333.088 3.22088 7
18 88 252 476 3.50798 4
22 36 37.413 740.382 3.073 7
22 44 1440.31 434.912 3.1289 1
22 90 286.315 604.617 3.10989 5
24 46 372 612 3.19859 6
24 62 244 500 3.64315 4
24 70 244 492 3.64885 4
24 78 244 484 3.64355 4
26 46 484 524 3.16734 4
26 86 244 476 3.51789 4
28 52 1168.78 208.638 3.22492 3
30 46 246.717 451.882 3.20869 3
30 50 348 404 3.29883 2
30 62 456.02 717.754 3.25732 1
30 30 244 540 3.12029 4
