0 46 12 732 3.2562 2
0 54 20 732 3.28743 2
0 96 44 732 3.25392 2
8 8 748 364 3.24459 0
8 28 235.403 146.412 3.29238 7
32 36 246.717 169.039 3.61295 7
32 44 241.06 174.696 3.60148 7
32 88 631.383 542.392 3.07925 1
34 2 320.256 4.99078 3.20866 1
34 52 235.403 180.353 3.61457 7
34 60 229.746 186.01 3.6361 7
36 12 269.344 157.726 3.61603 7
36 16 744.52 293.49 3.22912 3
36 68 224.089 191.667 3.62124 7
36 86 1677.9 491.48 3.24497 1
38 8 331.569 4.99078 3.20328 1
38 18 263.687 163.383 3.61019 7
38 74 218.432 197.324 3.56421 7
38 90 178.834 395.314 3.20793 5
38 28 258.03 169.039 3.61704 7
10 34 229.746 152.069 3.24734 7
10 54 28 724 3.26604 2
10 56 20 724 3.24997 2
40 34 252.374 174.696 3.62696 7
40 42 246.717 180.353 3.59095 7
42 0 325.913 -0.666077 3.20581 1
42 52 241.06 186.01 3.60647 7
42 58 235.403 191.667 3.64044 7
42 96 201.462 214.294 3.2836 7
44 14 840.686 242.579 3.19962 7
44 66 229.746 197.324 3.62755 7
44 74 224.089 202.981 3.62975 7
44 20 269.344 169.039 3.32422 7
46 82 218.432 208.637 3.54478 7
46 88 212.776 214.294 3.29114 7
46 26 263.687 174.696 3.56057 7
48 34 258.03 180.353 3.58566 7
48 42 252.374 186.01 3.60401 7
48 50 246.717 191.667 3.61818 7
50 14 846.343 248.235 3.18916 7
50 58 241.06 197.324 3.6381 7
50 66 235.403 202.981 3.61248 7
50 96 207.119 219.951 3.29747 7
52 74 229.746 208.637 3.64096 7
52 82 224.089 214.294 3.55929 7
14 10 229.746 231.265 3.25748 3
14 14 252.374 140.755 3.50658 7
14 22 246.717 146.412 3.56684 7
56 50 252.374 197.324 3.59987 7
58 56 246.717 202.981 3.6405 7
58 80 229.746 219.951 3.4541 7
58 90 1236 644 3.20356 6
60 64 241.06 208.637 3.61252 7
60 72 235.403 214.294 3.61709 7
62 82 44 4 3.22331 2
62 90 925.539 304.804 3.145 7
16 0 1626.99 553.706 3.25591 7
64 46 885.941 514.108 3.24391 1
64 82 444 580 3.21 0
64 88 1228 668 3.07021 2
66 50 1462.94 672.5 3.25852 5
66 56 1457.28 666.843 3.28522 5
66 74 687.951 610.274 3.19104 5
66 82 700 636 3.17622 6
70 74 452 564 3.20877 0
18 34 235.403 157.726 3.37277 7
20 14 258.03 146.412 3.54816 7
20 58 916 268 3.30525 6
20 66 908 268 3.28162 6
22 0 218.432 231.265 3.28602 3
22 20 252.374 152.069 3.60513 7
22 28 246.717 157.726 3.58642 7
6 22 241.06 140.755 3.31802 7
6 94 44 724 3.18039 2
24 36 241.06 163.383 3.59019 7
24 64 1513.85 632.902 3.27683 5
26 44 235.403 169.039 3.5501 7
26 50 229.746 174.696 3.36986 7
26 62 908 276 3.30386 6
26 70 884 284 3.24898 6
28 12 263.687 152.069 3.6227 7
30 56 224.089 180.353 3.26333 7
30 20 258.03 157.726 3.60678 7
30 82 1666.59 491.48 3.23768 1
30 28 252.374 163.383 3.62685 7
