0 34 1692 500 3.21674 2
0 34 953.823 287.833 3.29561 3
0 48 1429 423.598 3.24881 1
2 80 28 724 3.20241 6
32 50 275.001 570.676 3.73707 1
32 18 246.717 553.706 3.69129 1
128 34 308.942 480.167 3.64471 1
128 10 1451.63 412.284 3.31358 1
128 52 325.913 485.823 3.5585 1
128 66 1536.48 157.726 3.27514 7
128 18 1457.28 417.941 3.33396 1
128 6 1516 348 3.18509 2
130 44 320.256 480.167 3.51419 1
130 26 303.285 474.51 3.65429 1
34 42 269.344 565.019 3.72393 1
34 12 241.06 548.049 3.68359 1
34 76 297.628 581.99 3.54446 1
36 34 263.687 559.362 3.71595 1
36 68 291.971 576.333 3.69566 1
36 6 235.403 542.392 3.64416 1
38 60 286.315 570.676 3.71678 1
38 26 258.03 553.706 3.68518 1
10 46 258.03 587.647 3.56857 1
10 64 37.4131 457.539 3.21497 7
10 74 36 740 3.1842 6
40 52 280.658 565.019 3.71291 1
40 18 252.373 548.049 3.69421 1
42 44 275.001 559.362 3.73537 1
42 78 303.285 576.333 3.51154 1
44 36 269.344 553.706 3.73794 1
44 70 297.628 570.676 3.69965 1
46 8 241.06 536.735 3.68893 1
46 62 291.971 565.019 3.72618 1
46 28 263.687 548.049 3.68768 1
12 0 1684 508 3.26025 0
12 36 252.373 581.99 3.64489 1
12 50 452 708 3.24754 4
12 62 1092 67.9999 3.20634 2
12 30 246.717 576.333 3.63801 1
48 54 286.315 559.362 3.7324 1
48 22 258.03 542.392 3.67829 1
50 46 280.658 553.706 3.74325 1
50 72 303.285 565.019 3.689 1
50 80 269.344 678.156 3.31931 7
52 38 275.001 548.049 3.74305 1
52 14 252.373 536.735 3.73428 1
54 64 297.628 559.362 3.69544 1
54 6 246.717 531.078 3.72558 1
54 30 269.344 542.392 3.70735 1
14 54 263.687 593.304 3.5198 1
14 56 268 692 3.2875 0
14 64 331.57 593.304 3.19171 5
14 20 241.06 570.676 3.60101 1
56 2 241.06 525.421 3.65081 1
56 50 286.315 548.049 3.73659 1
56 56 291.971 553.706 3.70372 1
56 80 444.706 706.441 3.28569 7
56 24 263.687 536.735 3.68504 1
58 40 280.658 542.392 3.71794 1
58 16 258.03 531.078 3.72053 1
60 66 303.285 553.706 3.65774 1
62 8 252.373 525.421 3.73164 1
62 34 275.001 536.735 3.69803 1
62 72 308.942 559.362 3.56441 1
16 46 263.687 581.99 3.6711 1
16 54 269.344 587.647 3.68601 1
64 58 297.628 548.049 3.70147 1
66 10 258.03 519.765 3.70617 1
66 50 291.971 542.392 3.66506 1
66 18 263.687 525.421 3.70453 1
68 0 252.373 514.108 3.51291 1
68 42 286.315 536.735 3.73054 1
68 68 308.942 548.049 3.64968 1
70 34 280.658 531.078 3.71086 1
70 80 1596 164 3.22205 0
70 26 275.001 525.421 3.70201 1
18 0 1692 508 3.27657 0
18 38 258.03 576.333 3.71723 1
18 12 235.403 565.019 3.56396 1
18 80 1219.7 -0.666077 3.19782 5
74 52 297.628 536.735 3.66438 1
74 68 314.599 542.392 3.68324 1
74 74 1604 156 3.26448 0
76 36 286.315 525.421 3.72754 1
76 42 291.971 531.078 3.73472 1
76 12 263.687 514.108 3.69922 1
76 22 269.344 519.765 3.71999 1
78 62 308.942 536.735 3.69935 1
20 64 280.658 587.647 3.6726 1
20 30 252.373 570.676 3.72321 1
82 48 297.628 525.421 3.71659 1
82 14 269.344 508.451 3.70485 1
82 22 275.001 514.108 3.67756 1
84 0 396 516 3.31178 6
86 40 291.971 519.765 3.70793 1
86 58 308.942 525.421 3.71846 1
86 64 314.599 531.078 3.67393 1
22 56 275.001 581.99 3.70609 1
88 32 286.315 514.108 3.69557 1
88 24 280.658 508.451 3.70976 1
90 10 269.344 497.137 3.66462 1
90 50 303.285 519.765 3.69777 1
90 18 275.001 502.794 3.7049 1
90 74 874.627 276.52 3.26194 1
92 40 297.628 514.108 3.69722 1
94 58 314.599 519.765 3.70699 1
94 66 320.256 525.421 3.65213 1
6 14 133.58 587.647 3.29606 1
6 56 342.883 593.304 3.24586 5
6 22 139.236 593.304 3.29658 1
24 48 269.344 576.333 3.73235 1
96 72 452 500 3.26689 6
96 26 286.315 502.794 3.70118 1
98 52 308.942 514.108 3.69255 1
98 18 280.658 497.137 3.71532 1
100 10 275.001 491.48 3.70212 1
100 42 303.285 508.451 3.69879 1
102 0 1388 11.9999 3.40716 4
102 36 297.628 502.794 3.6931 1
102 66 325.913 519.765 3.55097 1
26 8 235.403 553.706 3.65982 1
26 16 241.06 559.362 3.66301 1
26 72 291.971 587.647 3.53263 1
26 78 1214.04 4.99078 3.2354 5
104 62 320.256 514.108 3.67298 1
104 28 291.971 497.137 3.70617 1
106 54 314.599 508.451 3.69705 1
106 20 286.315 491.48 3.69986 1
108 44 308.942 502.794 3.7014 1
108 12 280.658 485.823 3.68232 1
110 0 1380 11.9999 3.38735 4
110 38 303.285 497.137 3.70541 1
110 78 897.255 253.892 3.23095 1
28 34 258.03 565.019 3.72601 1
28 40 263.687 570.676 3.71765 1
28 66 286.315 581.99 3.64686 1
28 6 229.746 548.049 3.47845 1
112 30 297.628 491.48 3.70844 1
114 0 1404 11.9999 3.3631 4
114 56 320.256 502.794 3.62149 1
114 74 880.284 270.863 3.27109 1
114 22 291.971 485.823 3.70013 1
118 40 308.942 491.48 3.70475 1
118 64 325.913 508.451 3.61636 1
118 68 1628 148 3.28341 4
30 58 280.658 576.333 3.70091 1
30 24 252.373 559.362 3.68901 1
120 32 303.285 485.823 3.70659 1
120 72 1525.17 157.726 3.27806 7
120 74 885.941 265.206 3.25347 1
122 12 1445.97 417.941 3.33214 1
122 58 325.913 497.137 3.53459 1
122 64 331.569 502.794 3.55235 1
122 22 297.628 480.167 3.68449 1
124 42 314.599 485.823 3.65733 1
124 50 320.256 491.48 3.6437 1
126 10 1304.55 355.716 3.28803 5
126 72 1604 148 3.18244 4
