0 32 1660.93 10.6477 3.38118 7
0 50 710.579 576.333 3.39651 1
0 56 1388 11.9999 3.34928 2
0 74 908.569 163.383 3.3723 3
0 86 761.49 627.245 3.34418 1
0 90 897.255 514.108 3.32912 5
0 98 1436 11.9999 3.29007 2
0 26 1666.59 4.99091 3.36188 7
0 30 532 444 3.37524 2
8 60 1066.96 661.186 3.58714 7
8 22 1038.68 67.2162 3.31036 3
8 108 1434.66 587.647 3.16961 5
32 56 1083.93 678.156 3.72585 7
34 64 1078.27 683.813 3.69807 7
34 72 1072.62 689.47 3.71583 7
36 80 1066.96 695.127 3.65467 7
36 22 348.54 361.373 3.2425 3
36 22 1112.22 661.186 3.71435 7
38 38 1100.9 672.5 3.69493 7
38 10 428 660 3.16062 6
10 14 1556 644 3.30044 6
10 14 1146.16 197.324 3.21498 3
10 66 1061.3 666.843 3.60851 7
10 76 1055.65 672.5 3.64455 7
40 46 1095.24 678.156 3.72048 7
40 54 1089.59 683.813 3.7225 7
40 18 1123.53 661.186 3.17313 7
42 62 1083.93 689.47 3.69923 7
42 70 1078.27 695.127 3.72169 7
42 86 852 446.225 3.2082 1
44 80 1083.93 598.96 3.2553 3
44 84 876 268 3.26931 0
44 30 1112.22 672.5 3.65712 7
46 38 1106.56 678.156 3.68352 7
12 34 1089.59 649.872 3.71706 7
12 84 1049.99 678.156 3.64707 7
12 22 1100.9 638.558 3.35313 7
12 90 1044.33 683.813 3.63174 7
12 26 1095.24 644.215 3.69441 7
48 54 1095.24 689.47 3.67036 7
48 62 1089.59 695.127 3.63582 7
50 68 1083.93 700.784 3.52778 7
50 78 884 260 3.24232 0
50 84 884 268 3.26577 0
54 0 20 732 3.27317 4
54 38 1112.22 683.813 3.43529 7
54 10 20 724 3.2378 4
54 44 1106.56 689.47 3.62598 7
54 24 235.403 372.686 3.20713 3
14 42 1083.93 655.529 3.71925 7
14 50 1078.27 661.186 3.6892 7
14 100 1038.68 689.47 3.55797 7
56 52 1100.9 695.127 3.63139 7
56 60 1095.24 700.784 3.63087 7
58 110 31.7562 734.725 3.00979 7
60 70 892 252 3.26894 0
62 80 900 260 3.09679 0
62 26 44 732 3.20721 2
16 58 1072.62 666.843 3.70895 7
18 66 1066.96 672.5 3.68078 7
18 18 1106.56 644.215 3.60231 7
18 74 1061.3 678.156 3.71725 7
20 32 1095.24 655.529 3.71027 7
20 82 1055.65 683.813 3.66376 7
20 90 1049.99 689.47 3.65512 7
20 24 1100.9 649.872 3.71661 7
22 42 1089.59 661.186 3.69711 7
22 50 1083.93 666.843 3.70483 7
22 6 546.53 434.912 3.24031 3
22 98 1044.33 695.127 3.53122 7
6 40 710.579 565.019 3.4041 1
6 70 897.255 163.383 3.3537 3
6 18 148 308 3.21583 0
6 96 1519.51 559.363 3.2927 5
6 98 196 396 3.2826 6
24 10 1117.87 644.215 3.382 7
24 56 1078.27 672.5 3.68305 7
24 66 1072.62 678.156 3.69718 7
26 42 891.598 157.726 3.28622 3
26 16 1112.22 649.872 3.67993 7
26 74 1066.96 683.813 3.70451 7
28 0 422.079 389.657 3.17183 3
28 32 1100.9 661.186 3.71751 7
28 82 1061.3 689.47 3.61762 7
28 88 1055.65 695.127 3.58669 7
28 24 1106.56 655.529 3.70946 7
30 40 1095.24 666.843 3.71441 7
30 48 1089.59 672.5 3.70813 7
