0 0 43.0698 734.725 2.58048 3
0 40 1188 396 2.61485 6
0 40 1420 628 2.64644 0
0 40 1649.62 44.5887 2.67201 1
8 34 65.6973 248.235 2.60648 1
34 0 1388 11.9999 2.78489 4
34 0 1536.48 565.02 2.76774 7
34 32 77.011 225.608 2.81553 1
34 24 71.3541 219.951 2.82582 1
36 16 65.6973 214.294 2.83938 1
38 8 60.0404 208.638 2.76837 1
10 18 444 556 2.65339 4
10 28 60.0404 242.579 2.71355 1
40 34 82.6678 219.951 2.80996 1
42 24 77.011 214.294 2.82601 1
44 18 71.3541 208.638 2.85848 1
46 10 65.6973 202.981 2.85012 1
46 40 308 524 2.64061 6
12 12 700 628 2.66233 2
48 32 88.3247 214.294 2.75257 1
50 10 1676 4 2.67282 6
50 26 82.6678 208.638 2.8194 1
52 20 77.011 202.981 2.84805 1
54 12 71.3541 197.324 2.85151 1
14 10 925.539 259.549 2.67654 1
56 34 93.9815 208.638 2.77451 1
58 6 1348 4 2.61277 4
58 28 88.3247 202.981 2.83354 1
60 22 82.6678 197.324 2.8097 1
62 32 1500 316 2.69679 2
62 12 77.011 191.667 2.8001 1
16 8 692 620 2.67357 2
16 36 71.3541 242.579 2.67196 1
64 34 99.6384 202.981 2.81642 1
66 30 93.9815 197.324 2.83446 1
68 22 88.3247 191.667 2.81544 1
70 40 308 540 2.71349 6
70 14 82.6678 186.01 2.77576 1
70 6 77.011 180.353 2.76904 1
18 20 60.0404 231.265 2.8404 1
18 30 65.6973 236.922 2.8147 1
74 32 99.6384 191.667 2.82617 1
74 40 1253.64 214.294 2.72295 1
76 16 88.3247 180.353 2.80815 1
76 24 93.9815 186.01 2.81782 1
78 2 908 276 2.63669 2
78 8 82.6678 174.696 2.77235 1
20 38 337.226 338.745 2.60766 7
20 12 54.3835 225.608 2.7448 1
6 18 708 636 2.65813 2
24 0 76 508 2.76089 2
26 22 65.6973 225.608 2.84365 1
26 30 71.3541 231.265 2.82425 1
28 14 60.0404 219.951 2.79498 1
30 34 1396 4 2.67623 0
