0 46 12 732 3.20986 2
0 54 20 732 3.24107 2
2 34 1491.22 293.49 3.31296 5
8 34 1485.57 299.147 3.27949 5
34 0 588 748 3.34821 4
34 36 1225.35 400.971 3.70028 1
34 44 1231.01 406.627 3.63253 1
36 28 1219.7 395.314 3.70251 1
38 12 1208.38 384 3.69808 1
38 50 1236.67 412.284 3.42935 1
38 62 436 588 3.29083 2
38 64 892 252 3.2193 2
38 20 1214.04 389.657 3.69508 1
10 54 20 724 3.20195 2
40 0 1364 11.9999 3.29246 4
40 52 1242.32 406.627 3.69741 1
42 36 1231.01 395.314 3.66935 1
42 46 1236.67 400.971 3.67978 1
42 64 436 580 3.29248 2
44 12 1214.04 378.343 3.70542 1
44 20 1219.7 384 3.71682 1
44 28 1225.35 389.657 3.65764 1
12 24 1202.72 412.284 3.60849 1
48 54 1247.98 400.971 3.70229 1
50 38 1236.67 389.657 3.67634 1
50 10 404 484 3.35463 2
50 46 1242.32 395.314 3.67645 1
50 12 1219.7 372.686 3.71145 1
50 74 900 244 3.21498 2
50 20 1225.35 378.343 3.72287 1
52 30 1231.01 384 3.66801 1
54 62 1259.29 400.971 3.60728 1
14 0 1300 36 3.42616 4
14 8 1191.41 400.971 3.66667 1
14 10 1420 3.99994 3.32869 4
14 16 1197.07 406.627 3.67895 1
14 6 422.079 457.539 3.35053 5
56 8 1214.04 367.029 3.63436 1
56 46 1247.98 389.657 3.68783 1
56 54 1253.64 395.314 3.68916 1
60 32 1236.67 378.343 3.68978 1
62 16 1225.35 367.029 3.67952 1
62 64 1264.95 395.314 3.67951 1
62 24 1231.01 372.686 3.66658 1
4 10 1502.54 304.804 3.3103 5
4 30 1202.72 423.598 3.32386 1
16 0 450.363 712.098 3.31078 3
64 8 1219.7 361.373 3.6312 1
64 56 1185.75 21.9614 3.21586 5
66 32 1242.32 372.686 3.68127 1
66 40 1247.98 378.343 3.69288 1
66 50 1253.64 384 3.68794 1
70 56 1264.95 384 3.68567 1
70 64 1270.61 389.657 3.61086 1
70 18 1231.01 361.373 3.6494 1
70 26 1236.67 367.029 3.67508 1
18 0 1292 36 3.43283 4
18 8 1197.07 395.314 3.66802 1
18 24 1252 12 3.3478 4
72 50 1259.29 378.343 3.67824 1
74 2 1225.35 344.402 3.26465 1
74 8 1231.01 350.059 3.42733 1
74 42 1253.64 372.686 3.70248 1
74 58 297.628 683.813 3.26123 5
74 70 316 556 3.17271 6
76 26 1242.32 361.373 3.64847 1
78 38 1259.29 367.029 3.70512 1
20 34 1214.04 412.284 3.58533 1
20 26 1208.38 406.627 3.60981 1
80 50 1264.95 372.686 3.7069 1
80 60 1270.61 378.343 3.69093 1
82 2 36 732 3.16896 2
82 34 1253.64 361.373 3.67379 1
82 18 1242.32 350.059 3.5517 1
82 26 1247.98 355.716 3.60647 1
84 8 44 732 3.243 2
84 14 1236.67 344.402 3.32875 1
22 40 1219.7 417.941 3.33676 1
22 50 620.069 712.098 3.22654 5
22 16 1202.72 400.971 3.65354 1
88 42 1264.95 361.373 3.72153 1
88 50 1270.61 367.029 3.71526 1
90 36 1259.29 355.716 3.67538 1
90 58 388.138 581.99 3.20668 7
90 26 1253.64 350.059 3.62063 1
94 56 1281.92 367.029 3.53709 1
6 38 436 596 3.22641 2
6 66 28 724 3.21892 2
24 2 596 748 3.41405 4
96 42 1270.61 355.716 3.60993 1
96 52 1276.26 361.373 3.61242 1
26 34 1219.7 406.627 3.711 1
26 42 1225.35 412.284 3.56906 1
26 26 1214.04 400.971 3.69746 1
28 58 292 740 3.19536 0
28 18 1208.38 395.314 3.68683 1
30 10 1202.72 389.657 3.70397 1
30 56 823.716 406.627 3.13025 3
