0 46 20 732 3.1932 2
0 24 1491.22 293.49 3.29737 5
8 8 1502.54 316.118 3.33647 5
32 24 1338.49 16.3045 3.4859 5
34 32 1332.83 10.6476 3.47431 5
34 30 452 548 3.48389 6
36 50 1321.52 -0.666016 3.20597 5
38 16 1338.49 27.6182 3.52657 5
10 40 12 724 3.15049 2
10 14 300 668 3.35877 4
40 2 308 676 3.36243 4
42 30 1327.18 16.3045 3.51262 5
44 38 1321.52 10.6476 3.52058 5
46 54 450.363 497.137 3.16061 7
48 14 1332.83 33.2751 3.52302 5
50 36 1315.86 16.3045 3.54682 5
50 22 1327.18 27.6182 3.51903 5
52 42 444 564 3.50367 6
52 58 897.255 276.52 3.35589 5
52 30 1321.52 21.9614 3.52909 5
54 44 1310.21 10.6477 3.52161 5
54 50 1304.55 4.99084 3.40716 5
14 58 43.0698 723.411 3.03779 1
14 6 263.687 412.284 3.25712 5
58 2 852 400.971 3.35137 7
58 42 468 532 3.52462 6
58 28 1315.86 27.6182 3.53518 5
60 36 1310.21 21.9614 3.51878 5
62 50 1298.89 10.6477 3.52257 5
16 34 428 556 3.42561 6
64 8 1349.8 38.9319 3.4116 5
66 50 460 540 3.52632 6
66 56 444 548 3.40011 6
66 22 1444 428 3.34408 4
68 34 1304.55 27.6182 3.51634 5
70 10 36 740 3.12038 2
70 42 1298.89 21.9614 3.53243 5
70 48 1293.23 16.3046 3.52931 5
70 26 1310.21 33.2751 3.51475 5
72 56 1287.58 10.6477 3.49643 5
76 32 1298.89 33.2751 3.51545 5
78 40 1293.23 27.6183 3.51193 5
78 54 1281.92 16.3046 3.47316 5
80 48 1287.58 21.9614 3.50663 5
84 0 43.0698 734.725 3.12214 5
22 42 1684 500 3.08679 0
22 16 452 572 3.47237 6
22 18 1349.8 16.3045 3.44781 5
6 58 28 724 3.17545 2
24 34 428 564 3.42814 6
24 26 1344.15 10.6477 3.46 5
28 40 444 524 3.4168 6
30 14 1270.61 27.6183 3.36405 5
30 16 1344.15 21.9614 3.49162 5
