0 34 1348 396 3.28488 6
2 2 44 732 3.23723 4
2 54 552.187 678.156 3.33759 5
8 40 14.7856 208.638 3.46868 1
8 26 9.12872 531.078 3.25331 1
34 64 1052 59.9999 3.26186 2
34 64 48.7267 197.324 3.54782 1
36 32 20.4424 180.353 3.5331 1
36 58 43.0699 191.667 3.55228 1
38 48 37.413 186.01 3.55749 1
38 24 14.7856 174.696 3.57282 1
10 32 9.12872 202.981 3.44593 1
10 64 540.873 678.156 3.34004 5
10 66 1076 220 3.32422 6
40 40 31.7561 180.353 3.55617 1
40 18 9.12872 169.04 3.49625 1
42 34 26.0993 174.696 3.55511 1
42 12 68 436 3.21284 2
42 66 54.3836 191.667 3.44008 1
44 58 48.7267 186.01 3.50757 1
44 26 20.4424 169.04 3.58398 1
46 50 43.0699 180.353 3.5655 1
12 58 31.7562 214.294 3.43491 1
48 44 37.413 174.696 3.57532 1
48 18 14.7856 163.383 3.53241 1
48 6 4 764 3.22934 0
50 36 31.7562 169.04 3.57072 1
50 14 9.12872 157.726 3.42349 1
50 62 54.3836 180.353 3.516 1
52 8 885.941 514.108 3.22347 7
52 28 26.0993 163.383 3.56562 1
54 54 48.7267 174.696 3.56461 1
54 64 60.0404 186.01 3.36878 1
14 50 26.0993 208.638 3.56546 1
14 26 76 460 3.27048 2
56 46 43.0699 169.04 3.55981 1
56 20 20.4424 157.726 3.52711 1
58 38 37.413 163.383 3.56942 1
58 14 14.7856 152.069 3.50457 1
58 64 60.0404 174.696 3.50347 1
60 30 31.7562 157.726 3.54701 1
62 0 1116 44 3.26461 4
62 48 48.7267 163.383 3.5315 1
62 58 54.3835 169.04 3.54085 1
16 44 20.4424 202.981 3.57016 1
66 0 320.256 593.304 3.30876 1
66 42 43.0698 157.726 3.52532 1
66 16 20.4424 146.412 3.51886 1
66 66 65.6973 169.04 3.38096 1
68 8 14.7856 140.755 3.36213 1
68 34 37.413 152.069 3.5217 1
68 58 60.0404 163.383 3.55037 1
70 52 54.3835 157.726 3.53368 1
70 26 31.7561 146.412 3.51825 1
18 0 20 732 3.23862 4
18 34 1496.88 423.598 3.27514 5
18 36 14.7856 197.324 3.55126 1
18 60 37.413 208.638 3.54257 1
18 28 9.12872 191.667 3.49359 1
72 18 26.0993 140.755 3.48657 1
74 10 20.4424 135.098 3.34919 1
74 44 48.7267 152.069 3.50393 1
74 66 71.3541 163.383 3.38029 1
76 34 43.0699 146.412 3.49424 1
76 60 65.6973 157.726 3.54716 1
76 6 331.569 593.304 3.29916 1
78 54 60.0404 152.069 3.52933 1
78 62 320.256 661.186 3.38428 5
78 26 37.413 140.755 3.46288 1
20 52 31.7561 202.981 3.54375 1
80 38 48.7267 140.755 3.38052 1
80 44 54.3835 146.412 3.48694 1
80 62 518.246 723.411 3.36709 5
80 20 31.7561 135.098 3.37648 1
82 66 324 564 3.36187 6
82 6 1100 68 3.30631 6
82 30 348.54 598.96 3.32165 1
22 8 28 724 3.21825 4
22 18 3.47189 186.01 3.26054 1
6 46 20.4424 214.294 3.3182 1
6 62 535.216 672.5 3.30604 5
24 36 20.4424 191.667 3.51594 1
24 16 68 452 3.29834 2
24 70 1388 12 3.28258 0
26 56 846.343 248.235 3.33385 3
26 62 43.0699 202.981 3.55886 1
28 54 37.413 197.324 3.55613 1
28 30 14.7856 186.01 3.52565 1
30 46 31.7561 191.667 3.55151 1
30 64 472.991 508.451 3.30335 3
30 22 9.12872 180.353 3.5544 1
