0 0 1428 428 2.73642 2
0 0 65.6973 350.059 2.72075 7
0 0 60.0404 446.225 2.72858 1
0 8 524 668 2.68296 6
0 8 60.0405 355.716 2.69855 7
0 10 1236 644 2.70703 2
0 14 840.686 457.539 2.65254 5
2 30 884 268 2.61951 2
8 0 724 748 2.72043 6
8 0 1242.32 191.667 2.68788 7
36 34 721.892 746.039 2.67314 1
10 30 348 596 2.62921 4
12 34 892 252 2.6539 2
14 32 1684 492 2.64127 0
14 34 1123.53 38.9319 2.63179 1
14 24 980 92 2.64244 6
16 16 988 92 2.66482 6
18 0 268 404 2.67558 6
18 40 900 244 2.67038 2
22 24 980 100 2.66838 6
6 8 71.3541 446.225 2.66638 1
24 8 1492 324 2.65048 6
24 12 682.294 763.009 2.66444 5
28 34 972 108 2.64971 6
28 18 467.334 514.108 2.6952 7
30 18 670.981 763.009 2.66993 5
30 22 340 564 2.67901 6
