0 6 20 732 3.27257 2
2 46 902.912 270.863 3.21592 7
2 58 1570.42 372.686 3.27601 3
2 64 1564.76 367.029 3.3554 3
2 72 1259.29 208.638 3.15394 3
8 74 1676 492 3.19828 0
8 22 28 724 3.25688 2
32 2 976.451 378.343 3.16601 3
32 34 1525.17 372.686 3.71756 3
32 42 1530.82 367.029 3.73023 3
32 26 1519.51 378.343 3.72388 3
36 10 1508.2 389.657 3.52578 3
36 68 1542.14 344.402 3.71186 3
36 18 1513.85 384 3.69069 3
36 74 1547.79 338.745 3.69906 3
38 52 1530.82 355.716 3.7432 3
38 60 1536.48 350.059 3.69416 3
10 40 1547.79 384 3.53226 3
10 42 1500 292 3.27654 6
40 0 1428 484 3.24024 4
40 36 1519.51 367.029 3.73149 3
42 84 1547.79 327.432 3.65607 3
42 28 1513.85 372.686 3.73356 3
44 12 1502.54 384 3.55844 3
44 76 1542.14 333.088 3.6549 3
44 20 1508.2 378.343 3.69313 3
46 42 1519.51 355.716 3.74907 3
46 52 1525.17 350.059 3.74691 3
46 58 1530.82 344.402 3.68533 3
46 66 1536.48 338.745 3.68449 3
12 32 224.089 485.823 3.20818 5
12 64 1559.11 361.373 3.67075 3
48 36 1513.85 361.373 3.72448 3
50 42 340 572 3.436 6
50 76 1536.48 327.432 3.65907 3
50 28 1508.2 367.029 3.72202 3
52 70 1530.82 333.088 3.68192 3
52 22 1502.54 372.686 3.6798 3
54 8 77.011 497.137 3.21239 3
54 54 1519.51 344.402 3.70902 3
54 62 1525.17 338.745 3.64591 3
54 78 908.569 333.088 3.25243 7
14 38 1500 300 3.28316 6
14 40 1151.81 169.04 3.31728 7
14 48 1547.79 372.686 3.67771 3
14 56 1553.45 367.029 3.69059 3
14 78 1570.42 350.059 3.34459 3
56 38 1508.2 355.716 3.70903 3
56 46 1513.85 350.059 3.71229 3
56 74 840.686 423.598 3.17376 1
58 30 1502.54 361.373 3.70707 3
62 56 1513.85 338.745 3.70893 3
62 18 1468.6 485.823 3.18382 5
16 40 1542.14 378.343 3.69719 3
64 48 1508.2 344.402 3.68004 3
64 54 948.167 304.804 3.23217 7
64 70 919.882 333.088 3.23544 7
64 74 356 596 3.14266 2
66 32 1496.88 355.716 3.67951 3
66 40 1502.54 350.059 3.68066 3
66 70 1492 84 3.11489 6
70 58 846.343 429.255 3.18976 1
70 22 31.7563 700.784 3.21478 5
18 32 1536.48 384 3.53589 3
18 82 1692 500 3.21598 0
18 24 1530.82 389.657 3.45544 3
72 34 1491.22 350.059 3.36282 3
72 40 1496.88 344.402 3.561 3
72 26 77.011 485.823 3.10773 3
74 56 936.853 327.432 3.13156 7
78 50 9.12891 689.47 3.07299 5
78 24 26.0994 706.441 3.15785 5
20 66 1553.45 355.716 3.68032 3
20 72 1559.11 350.059 3.60617 3
22 48 1542.14 367.029 3.66027 3
22 58 1547.79 361.373 3.66729 3
22 18 1525.17 395.314 3.32093 3
22 80 1564.76 344.402 3.45288 3
6 28 36 724 3.22078 2
24 34 1530.82 378.343 3.65474 3
26 42 1536.48 372.686 3.69199 3
26 74 1553.45 344.402 3.71037 3
26 22 1180 180 3.21376 6
26 26 1525.17 384 3.67503 3
28 66 1547.79 350.059 3.71595 3
28 18 1519.51 389.657 3.62089 3
30 10 1513.85 395.314 3.50542 3
30 50 1536.48 361.373 3.72974 3
30 58 1542.14 355.716 3.70707 3
