0 0 275.001 389.657 3.32596 5
0 2 308.942 548.049 3.31277 1
0 54 20 732 3.22445 2
0 62 44 732 3.21365 2
0 26 908 268 3.31748 6
2 24 1536.48 429.255 3.34052 5
8 10 99.6384 304.804 3.45828 5
32 2 276 676 3.425 4
34 42 54.3838 304.804 3.59832 5
34 54 897.255 276.52 3.29552 5
36 36 60.0405 310.461 3.72032 5
36 26 65.6975 316.118 3.72307 5
38 12 77.011 327.431 3.72545 5
38 20 71.3542 321.775 3.73915 5
10 54 28 724 3.20195 2
10 4 105.295 310.461 3.2847 5
40 12 260 660 3.37926 4
42 44 48.7268 310.461 3.65118 5
42 14 342.883 661.186 3.45863 5
44 36 54.3838 316.118 3.74245 5
44 56 852 446.225 3.26668 3
44 28 60.0405 321.775 3.7488 5
46 20 65.6975 327.431 3.75955 5
12 32 77.0112 293.49 3.61748 5
12 42 71.3542 287.833 3.27558 5
12 24 82.668 299.147 3.6888 5
48 14 71.3542 333.088 3.7573 5
50 46 43.0701 316.118 3.63897 5
50 52 37.4131 310.461 3.3673 5
50 58 1684 492 3.311 0
50 62 190.148 598.96 3.26619 5
50 6 246.717 417.941 3.37212 5
52 38 48.7268 321.775 3.73414 5
52 28 54.3838 327.431 3.74894 5
54 22 60.0405 333.088 3.76446 5
14 16 88.325 304.804 3.72735 5
58 0 246.717 429.255 3.36149 5
58 46 37.4131 321.775 3.64748 5
58 54 31.7563 316.118 3.50831 5
60 38 43.0701 327.431 3.7519 5
60 30 48.7268 333.088 3.75733 5
62 2 1388 11.9999 3.34121 4
62 14 60.0405 344.402 3.75806 5
62 22 54.3838 338.745 3.75154 5
16 10 93.9817 310.461 3.70809 5
64 0 105.295 559.362 3.33913 3
68 32 43.0701 338.745 3.75953 5
68 40 37.4132 333.088 3.75095 5
68 54 1612 548 3.19988 2
70 54 12 516 3.19384 4
70 56 276 404 3.18792 0
70 16 54.3837 350.059 3.76137 5
70 24 48.7269 344.402 3.767 5
72 52 65.6974 451.882 3.18523 5
74 10 60.0405 355.716 3.29384 5
74 42 687.951 610.274 3.25535 5
74 6 228 668 3.20614 4
76 16 48.7268 355.716 3.51977 5
76 24 43.0701 350.059 3.52989 5
20 34 71.3542 299.147 3.68114 5
20 40 65.6975 293.49 3.41279 5
20 24 77.0112 304.804 3.70055 5
80 62 43.0698 723.411 3.11988 3
22 18 82.668 310.461 3.7125 5
24 10 88.3247 316.118 3.69515 5
26 2 284 676 3.42168 4
28 34 65.6975 304.804 3.73025 5
28 42 60.0405 299.147 3.44501 5
28 54 902.912 270.863 3.29249 5
28 26 71.3542 310.461 3.71584 5
30 18 77.0112 316.118 3.73347 5
