0 34 1089.59 72.873 3.42699 3
0 26 1083.93 78.5299 3.4151 3
2 14 902.912 270.863 3.35796 7
8 10 914.225 270.863 3.29306 7
8 46 1112.22 581.99 3.40535 3
8 18 908.569 276.52 3.37456 7
32 14 428 548 3.18768 4
32 14 65.6973 350.059 3.28908 3
32 18 1452 588 3.67893 2
34 32 1468 588 3.69489 2
34 64 380 516 3.25311 0
34 24 1460 588 3.70658 2
36 40 1476 588 3.7147 2
36 48 1484 588 3.72029 2
38 56 1492 588 3.71812 2
38 64 1500 588 3.70687 2
10 0 452 564 3.28146 4
42 32 1468 580 3.70075 2
42 50 572 740 3.41159 6
42 14 1444 572 3.26341 2
42 24 1460 580 3.68566 2
44 40 1476 580 3.70938 2
46 0 36 732 3.18585 4
46 52 1492 580 3.70529 2
46 66 1500 580 3.70938 2
46 30 184.491 514.108 3.25486 7
12 34 1468 612 3.69705 2
12 44 1476 612 3.70102 2
12 58 252 412 3.15926 2
12 26 1460 612 3.5819 2
48 38 316 660 3.37979 6
48 58 501.275 378.343 3.39654 7
48 70 1508 580 3.68524 2
50 30 1468 572 3.69034 2
52 38 1476 572 3.69677 2
54 0 20 732 3.27518 4
54 44 1484 572 3.6993 2
54 54 1492 572 3.71128 2
54 62 1500 572 3.67815 2
14 50 1484 612 3.69612 2
14 58 324 540 3.15563 6
14 20 1452 612 3.44054 2
56 8 28 724 3.24684 4
56 68 1508 572 3.61717 2
56 18 1444 564 3.16259 2
56 26 1460 564 3.2026 2
58 38 1476 564 3.66705 2
60 46 1484 564 3.67556 2
62 52 1492 564 3.69598 2
62 60 1500 564 3.69327 2
16 10 1444 604 3.59325 2
16 18 1452 604 3.66518 2
64 68 1508 564 3.67969 2
66 38 1476 556 3.64201 2
66 26 359.854 -0.666077 3.00945 1
68 44 1484 556 3.70074 2
70 52 1492 556 3.70831 2
70 60 1500 556 3.71098 2
18 26 1460 604 3.66842 2
72 38 1044.33 253.892 3.05366 1
72 68 1508 556 3.69692 2
74 32 36 740 3.13008 2
74 46 1484 548 3.28455 2
78 52 1492 548 3.49322 2
78 58 1500 548 3.62752 2
20 32 1468 604 3.68268 2
20 42 1476 604 3.71591 2
20 50 1484 604 3.71274 2
80 66 1508 548 3.64927 2
86 50 1638.3 485.823 3.12088 5
86 52 1492 540 3.24422 2
86 60 1500 540 3.31329 2
22 0 1428 596 3.19377 2
22 56 433.393 378.343 3.19588 7
22 58 1492 604 3.63837 2
6 50 1372 340 3.10744 6
6 22 1095.24 67.2162 3.38892 3
24 64 1500 604 3.43566 2
24 18 1452 596 3.68611 2
26 34 1468 596 3.70533 2
26 24 1460 596 3.66781 2
28 40 1476 596 3.69919 2
28 50 1484 596 3.69799 2
30 12 1444 588 3.64711 2
30 56 1492 596 3.72325 2
30 4 456.02 400.971 3.19258 1
