0 146 44 732 3.27578 2
0 54 1564.76 118.128 3.13879 7
0 58 1604 148 3.19863 6
0 86 20 732 3.28397 2
8 34 1548 276 3.13025 0
8 88 28 724 3.26325 2
32 62 1500 180 3.56796 2
32 122 1108 43.9999 3.19371 2
34 132 1315.86 253.892 3.1668 3
34 134 1553.45 514.108 3.11687 1
34 10 31.7562 700.784 3.18202 3
34 42 1484 172 3.57148 2
34 84 1524 188 3.55079 2
34 94 1532 188 3.57412 2
34 26 1468 164 3.44372 2
34 124 1310.21 259.549 3.20432 3
36 50 1492 172 3.58004 2
38 34 1476 164 3.52033 2
38 70 1516 180 3.55519 2
38 6 20.4424 700.784 3.18518 3
38 102 1540 188 3.53879 2
38 110 1547.79 191.667 3.34791 1
40 82 1524 180 3.56868 2
40 22 1468.6 157.726 3.37087 1
42 132 1310.21 248.235 3.19339 3
42 40 1484 164 3.51462 2
42 14 1460 156 3.29082 2
42 66 1508 172 3.57638 2
42 22 1468 156 3.49154 2
42 92 1532 180 3.57738 2
42 110 1548 188 3.46153 2
42 116 1556 188 3.44734 2
46 8 1457.28 146.412 3.21981 1
46 142 1457.28 485.823 3.09766 1
46 54 1500 164 3.55291 2
46 72 1516 172 3.57092 2
46 98 1540 180 3.54854 2
46 30 1476 156 3.50964 2
46 122 1564 188 3.39898 2
12 50 1484 196 3.51337 2
48 130 1572 188 3.43176 2
48 14 1460 148 3.3562 2
48 80 1524 172 3.56386 2
48 106 1548 180 3.53721 2
50 138 1580 188 3.20488 2
50 36 1484 156 3.57836 2
50 46 1492 156 3.55673 2
50 64 1508 164 3.57595 2
50 20 1468 148 3.49553 2
50 88 1532 172 3.56958 2
50 114 1556 180 3.44823 2
52 26 1476 148 3.5078 2
54 54 1500 156 3.59089 2
54 122 1564 180 3.37914 2
14 42 1476 196 3.15846 2
14 46 1479.91 191.667 3.26543 1
14 58 1492 196 3.49409 2
14 78 1420 51.9999 3.29551 2
14 80 1513.85 202.981 3.26501 1
56 104 1548 172 3.51765 2
56 126 1572 180 3.44256 2
58 134 1580 180 3.28731 2
58 58 1508 156 3.58595 2
58 18 1468 140 3.43063 2
58 72 1532 164 3.57827 2
60 10 1129.19 214.294 3.07698 1
60 42 1492 148 3.54977 2
62 34 1484 140 3.59556 2
62 50 1500 148 3.55773 2
62 24 1476 140 3.43645 2
16 42 1476 188 3.52366 2
16 66 1500 196 3.46244 2
64 32 1485.57 140.755 3.47862 1
64 136 1298.89 350.059 3.2004 5
66 38 1492 140 3.58465 2
66 64 1524 156 3.62088 2
66 72 1532 156 3.59134 2
66 22 1468 132 3.22467 2
66 110 1564 164 3.3442 2
68 82 1540 156 3.4984 2
70 130 1572 156 3.32383 2
70 46 1500 140 3.55705 2
70 60 1516 148 3.60917 2
70 96 1548 156 3.49671 2
70 30 1484 132 3.56818 2
18 48 1484 188 3.51451 2
18 74 1508 196 3.41877 2
72 128 1580 164 3.3468 2
72 76 1532 148 3.55551 2
72 104 1556 156 3.39742 2
72 114 1564 140 3.28344 2
72 30 1476 124 3.24666 2
72 122 1572 164 3.36682 2
74 38 1492 132 3.54008 2
74 86 1540 148 3.47746 2
76 62 1516 140 3.58021 2
78 42 1500 132 3.54671 2
78 54 1508 140 3.60978 2
78 94 1548 148 3.47077 2
78 102 1553.45 152.069 3.39248 1
20 38 1621.33 186.01 3.15872 7
80 128 1572 140 3.14505 2
80 76 1532 140 3.51538 2
80 94 1547.79 146.412 3.43415 1
80 102 1556 148 3.3553 2
82 38 1492 124 3.34701 2
82 70 1524 140 3.60051 2
82 70 1530.82 129.442 3.48797 1
82 84 1540 140 3.50999 2
82 94 1548 140 3.32029 2
82 26 172 540 3.11411 2
82 108 1564 148 3.2823 2
84 42 1500 124 3.50666 2
86 60 1516 132 3.56353 2
22 56 1492 188 3.48005 2
22 82 1516 196 3.4363 2
22 28 1259.29 72.873 3.14497 3
88 74 1532 132 3.48113 2
88 98 1524 428 3.19603 2
94 42 1004.73 327.431 3.09054 1
94 90 902.912 270.863 3.21038 3
24 38 1476 180 3.5295 2
24 64 1500 188 3.50258 2
98 72 133.58 587.647 3.19543 5
100 78 885.941 276.52 3.23474 3
26 44 1484 180 3.58074 2
26 98 1530.82 197.324 3.26101 1
26 112 924 332 3.15969 2
28 34 1474.25 174.696 3.32402 1
28 54 1492 180 3.58357 2
28 18 660 516 3.13456 2
28 28 1468 172 3.40344 2
30 78 1516 188 3.52251 2
30 90 1532 196 3.54221 2
30 110 1476 484 3.17857 2
30 114 1564.76 265.206 3.14911 7
30 122 880.284 270.863 3.16068 3
