0 0 452 580 3.26592 4
0 0 71.3541 502.794 3.2901 1
0 34 733.206 372.686 3.30575 7
0 42 207.119 219.951 3.22509 1
0 62 28 732 3.16767 2
0 16 1666.59 4.99091 3.36088 7
0 72 44 732 3.19829 2
0 26 1660.93 10.6477 3.36654 7
2 50 258.031 -0.666077 3.22061 5
2 24 1388 11.9999 3.36104 2
8 2 77.011 497.137 3.24676 1
8 62 28 724 3.18937 2
32 12 258.031 44.5887 3.65813 5
32 20 252.374 38.9319 3.67711 5
34 36 241.06 27.6182 3.66321 5
34 70 444 580 3.28257 2
34 28 246.717 33.2751 3.64894 5
36 44 235.403 21.9614 3.67062 5
36 66 1460 668 3.30507 0
38 52 229.746 16.3045 3.67778 5
38 72 444 572 3.29288 2
38 6 914.226 146.412 3.29599 5
10 32 263.687 16.3045 3.65168 5
10 40 258.031 10.6476 3.62335 5
10 22 269.344 21.9614 3.54263 5
40 18 246.717 44.5888 3.67901 5
40 26 241.06 38.9319 3.65782 5
42 34 235.403 33.2751 3.66549 5
42 72 1492 684 3.27786 0
44 42 229.746 27.6182 3.68597 5
46 0 908.569 163.383 3.32693 5
46 10 246.717 55.9023 3.63457 5
46 50 224.089 21.9614 3.67344 5
46 58 218.432 16.3045 3.67381 5
46 64 212.776 10.6476 3.62072 5
12 54 884 508 3.20283 4
48 18 241.06 50.2456 3.65143 5
50 0 476 508 3.34699 6
50 32 229.746 38.9319 3.66485 5
50 64 201.462 10.6476 3.35909 5
50 26 235.403 44.5887 3.63909 5
52 42 224.089 33.275 3.64874 5
52 48 218.432 27.6182 3.66207 5
54 2 897.255 276.52 3.34246 1
54 14 241.06 61.5592 3.39676 5
54 56 212.776 21.9613 3.65372 5
14 8 275.001 38.9318 3.44852 5
56 16 235.403 55.9025 3.64024 5
56 64 207.119 16.3044 3.65927 5
56 66 942.51 118.128 3.2458 1
56 24 229.746 50.2456 3.65453 5
58 32 224.089 44.5887 3.66413 5
60 40 218.432 38.9319 3.67161 5
60 48 212.776 33.275 3.63207 5
62 2 902.912 270.863 3.33967 1
62 8 891.598 282.177 3.33248 1
62 56 207.119 27.6182 3.63788 5
16 14 269.344 33.275 3.66536 5
16 22 263.687 27.6182 3.66954 5
64 62 201.462 21.9613 3.60433 5
64 72 1044 68 3.25564 0
64 22 224.089 55.9025 3.66127 5
66 10 1684 492 3.26596 4
66 12 908.568 276.52 3.3293 1
66 66 823.716 666.843 3.28689 7
66 30 218.432 50.2456 3.66679 5
68 38 212.776 44.5887 3.66984 5
68 46 207.119 38.9319 3.65132 5
70 54 201.462 33.275 3.67495 5
18 38 252.374 16.3045 3.63839 5
18 58 1089.59 593.304 3.21728 5
18 30 258.031 21.9614 3.66208 5
72 60 195.805 27.6182 3.53309 5
72 20 218.432 61.5593 3.60604 5
74 36 207.119 50.2456 3.62673 5
74 12 914.225 270.863 3.29605 1
74 64 1485.57 627.245 3.28071 3
74 66 1100 44 3.25004 0
74 28 212.776 55.9025 3.62029 5
76 44 201.462 44.5887 3.65336 5
78 52 195.805 38.9319 3.66316 5
20 46 246.717 10.6476 3.62671 5
82 36 201.462 55.9025 3.55825 5
82 42 195.805 50.2456 3.40004 5
82 22 212.776 67.2162 3.41651 5
82 28 207.119 61.5593 3.59095 5
84 50 190.148 44.5887 3.42676 5
86 18 1434.66 587.647 3.28717 1
22 52 241.06 4.99078 3.54224 5
22 56 444 556 3.30754 2
22 6 269.344 44.5887 3.54869 5
6 42 263.687 4.99078 3.27635 5
24 22 258.031 33.2751 3.66233 5
24 30 252.374 27.6182 3.63919 5
26 38 246.717 21.9614 3.62244 5
26 62 452 556 3.29546 2
28 46 241.06 16.3045 3.63259 5
28 4 263.687 50.2455 3.44151 5
30 54 235.403 10.6476 3.62431 5
30 64 436 580 3.28976 2
30 66 823.716 406.627 3.26487 3
