0 38 1692 500 3.3642 2
0 62 908 268 3.27994 6
0 6 20 732 3.20873 2
0 30 1684 500 3.32122 2
2 58 1513.85 632.902 3.28984 5
8 62 1502.54 632.902 3.27565 5
8 30 1684 492 3.36916 2
32 82 801.088 361.373 3.19729 3
34 38 812 204 3.76106 0
34 46 812 212 3.76293 0
34 54 812 220 3.72977 0
34 62 812 228 3.71912 0
34 70 812 236 3.6578 0
34 82 331.569 570.676 3.15938 7
34 22 812 188 3.62499 0
34 30 812 196 3.66393 0
36 10 36 748 3.2454 2
36 80 682.294 593.304 3.22306 5
38 76 1076 220 3.18903 4
10 46 788 212 3.69309 0
10 30 908.569 276.52 3.30034 7
40 62 820 228 3.64086 0
40 30 820 196 3.60009 0
42 38 820 204 3.75946 0
42 46 820 212 3.75555 0
42 54 820 220 3.71716 0
46 10 36 740 3.26872 2
46 74 1068 220 3.20034 4
46 6 44 732 3.24211 2
46 26 331.569 502.794 3.22077 3
12 38 788 204 3.62623 0
12 54 788 220 3.65371 0
48 54 828 220 3.36543 0
50 32 868.971 282.177 3.23906 7
50 42 229.746 231.265 3.25226 5
50 46 828 212 3.40969 0
54 56 844 244 3.28705 0
14 62 788 228 3.62788 0
14 70 788 236 3.28821 0
14 80 439.05 565.019 3.19024 3
14 88 308.942 548.049 3.17425 7
56 38 224.089 236.922 3.24133 5
56 6 44 724 3.23583 2
18 38 796 204 3.75499 0
18 10 1225.35 627.245 3.21278 1
18 46 796 212 3.7581 0
18 54 796 220 3.74881 0
18 62 796 228 3.74617 0
18 70 796 236 3.66836 0
18 88 314.599 553.706 3.22493 7
18 88 818.059 367.029 3.23379 3
18 30 796 196 3.68492 0
20 78 796 244 3.4365 0
6 8 28 724 3.20943 2
6 42 1044.33 61.5593 3.25044 3
6 68 1108 43.9999 3.25913 2
6 80 892 276 3.24605 6
26 38 804 204 3.7628 0
26 46 804 212 3.76283 0
26 54 804 220 3.75518 0
26 14 804 180 3.57306 0
26 62 804 228 3.74591 0
26 70 804 236 3.67027 0
26 78 804 244 3.49078 0
26 22 804 188 3.65036 0
26 88 812.402 361.373 3.20557 3
26 6 804 172 3.26844 0
26 30 804 196 3.68736 0
