0 60 1655.27 16.3046 3.29715 7
0 64 1140 164 3.21347 6
0 80 207.119 593.304 3.2308 5
2 34 897.255 276.52 3.36079 7
2 46 891.598 282.177 3.29717 7
2 26 902.912 270.863 3.34022 7
8 64 993.421 587.647 3.43774 1
8 22 1340 620 3.16932 6
32 32 999.078 548.049 3.4918 1
32 48 512.589 740.382 3.28947 5
32 58 1010.39 570.676 3.50607 1
32 22 625.726 763.009 3.31313 5
32 26 993.421 542.392 3.52198 1
34 62 167.521 621.588 3.19351 5
34 64 1016.05 576.333 3.50751 1
36 10 987.765 525.421 3.21789 1
36 40 1004.73 553.706 3.52124 1
38 48 1010.39 559.362 3.50404 1
38 16 993.421 531.078 3.47431 1
38 66 1231.01 485.823 3.17834 7
38 72 68 452 3.17121 6
10 56 987.765 581.99 3.29924 1
10 72 999.078 593.304 3.4647 1
10 6 28 724 3.18978 4
10 26 908.569 276.52 3.35333 7
40 42 1276.26 610.274 3.17411 1
40 24 999.078 536.735 3.48165 1
42 32 1004.73 542.392 3.43251 1
42 48 1016.05 553.706 3.27805 1
42 72 1231.01 497.137 3.13135 7
44 66 1236.67 491.48 3.16744 7
46 2 184.491 695.127 3.21801 1
46 14 999.078 525.421 3.39433 1
46 20 1004.73 531.078 3.35941 1
12 38 982.108 565.019 3.51918 1
12 46 987.765 570.676 3.56838 1
12 24 1668 484 3.30369 2
48 36 1270.61 593.304 3.17004 1
48 52 1428 12 3.18107 6
14 54 993.421 576.333 3.57597 1
14 6 44 732 3.21991 0
14 30 976.451 559.362 3.38245 1
4 50 885.941 287.833 3.31035 7
4 24 1668 492 3.30573 2
16 12 4 764 3.19256 0
16 62 999.078 581.99 3.55585 1
16 28 982.108 553.706 3.47936 1
18 0 44 724 3.21245 0
18 36 987.765 559.362 3.52953 1
18 68 1004.73 587.647 3.53011 1
18 78 1315.86 615.931 3.2921 3
20 44 993.421 565.019 3.55617 1
22 8 382.481 598.96 3.18859 1
22 52 999.078 570.676 3.55978 1
22 20 982.108 542.392 3.5032 1
6 0 20 732 3.20804 4
24 60 1004.73 576.333 3.55252 1
24 78 204 596 3.18649 4
24 80 1310.21 610.274 3.25693 3
24 26 987.765 548.049 3.52043 1
26 34 993.421 553.706 3.50916 1
26 66 1010.39 581.99 3.52004 1
26 74 1134.84 163.383 3.17382 3
26 80 52 356 3.17307 4
28 42 999.078 559.362 3.53178 1
28 18 852 265.206 3.20109 7
30 50 1004.73 565.019 3.5452 1
30 16 987.765 536.735 3.50195 1
