0 80 806.745 355.716 3.30036 5
0 22 20 732 3.26737 2
2 74 812.402 361.373 3.28324 5
8 80 801.088 361.373 3.33245 5
8 28 28 724 3.25363 2
32 54 1185.75 678.156 3.3436 3
32 80 908 268 3.29535 4
34 0 1228 636 3.19678 2
34 62 1191.41 672.5 3.27929 3
34 24 1524 436 3.21379 6
36 34 1168.78 683.813 3.33126 3
36 74 342.883 593.304 3.2676 3
36 22 897.255 152.069 3.21796 7
38 0 880.284 304.804 3.20115 3
38 44 1174.44 678.156 3.34876 3
10 48 1033.02 72.8729 3.25391 3
10 18 12 724 3.22036 2
40 52 1180.1 672.5 3.32025 3
42 34 897.255 163.383 3.31091 7
42 46 925.539 135.098 3.25886 7
42 58 919.882 140.755 3.25206 7
42 66 914.225 146.412 3.21583 7
42 26 1412 4 3.2661 6
42 30 204 604 3.24228 2
46 0 308.942 548.049 3.31133 3
46 8 314.599 542.392 3.25161 3
46 58 1388 12 3.22452 6
14 74 1214.04 683.813 3.23233 3
16 58 1197.07 689.47 3.32983 3
18 66 1202.72 683.813 3.31103 3
20 72 1208.38 678.156 3.2631 3
22 48 1185.75 689.47 3.34623 3
22 16 897.255 276.52 3.3726 7
22 18 1532 428 3.27282 6
22 78 924 268 3.23733 4
22 26 885.941 287.833 3.29768 7
6 46 1668 492 3.23482 2
6 52 1676 492 3.26193 2
6 58 1684 492 3.3174 2
6 64 1044.33 61.5593 3.24013 3
6 66 1692 492 3.23323 2
24 56 1191.41 683.813 3.33269 3
24 80 916 268 3.30239 4
24 6 902.912 270.863 3.33622 7
26 64 1197.07 678.156 3.30737 3
28 38 1174.44 689.47 3.35731 3
28 40 874.627 163.383 3.20615 7
30 10 908.569 276.52 3.35747 7
30 46 1180.1 683.813 3.35652 3
30 16 902.912 282.177 3.33885 7
