0 14 12 732 3.18169 2
0 58 1236.67 615.931 3.24238 7
0 60 1676 476 3.23841 0
0 64 1231.01 621.588 3.24367 7
0 72 1676 492 3.37223 0
2 0 44 732 3.22252 4
8 74 891.598 282.177 3.30493 5
32 32 212 172 3.17809 4
32 64 196 132 3.18594 4
34 0 44 724 3.17504 0
34 32 1676 356 3.17039 0
36 50 204 156 3.21734 4
36 16 1231.01 474.51 3.17019 3
38 10 268 412 3.15497 4
38 42 204 164 3.21406 4
38 74 364 548 3.14029 0
38 80 919.882 253.892 3.14203 5
10 74 1684 492 3.38038 0
40 34 204 172 3.17942 4
42 52 196 156 3.23782 4
42 66 1668 44 3.11005 6
42 22 1231.01 463.196 3.15903 3
44 10 20 532 3.13583 2
44 44 196 164 3.21797 4
44 66 44 4 3.18993 2
44 26 204 180 3.15946 4
46 2 1491.22 293.49 3.12921 7
46 8 252 412 3.25621 4
46 58 36 4 3.18273 2
12 68 220 132 3.27595 4
48 36 196 172 3.17722 4
48 10 980 452 3.10467 4
52 2 1378.09 293.49 3.07955 7
52 22 196 188 3.12732 4
54 8 1496.88 310.461 3.09748 7
54 54 195.805 389.657 3.1953 3
54 22 484.304 44.5888 3.13391 1
14 60 220 140 3.2833 4
14 80 1692 500 3.33397 0
56 46 348 596 3.17634 2
58 0 1502.54 304.804 3.12393 7
58 32 885.941 287.833 3.2504 3
58 28 1202.72 649.872 3.19366 1
16 74 428 580 3.26846 2
64 8 700 764 3.05629 6
64 34 880.284 282.177 3.23317 3
64 42 885.941 276.52 3.22921 3
64 22 71.3542 457.539 3.10521 5
18 46 220 156 3.15659 4
18 52 220 148 3.27032 4
18 74 902.912 282.177 3.26704 5
20 70 212 132 3.27521 4
22 0 20 732 3.2172 4
22 62 212 140 3.2938 4
6 36 36 724 3.15443 2
6 54 1570.42 350.059 3.10506 5
6 80 1684 500 3.35513 0
24 54 212 148 3.28258 4
26 32 892 244 3.13484 4
26 10 28 724 3.20158 4
26 78 1700 500 3.26027 0
28 22 892 252 3.14675 4
30 40 212 164 3.21399 4
30 56 204 148 3.19771 4
30 64 204 140 3.26183 4
