0 40 359.854 598.96 3.30211 5
0 16 1684 500 3.32404 2
0 70 20 732 3.29988 2
0 24 1692 500 3.37617 2
2 42 916 268 3.35987 6
2 86 44 732 3.31365 2
8 14 1684 492 3.36818 2
32 74 748 300 3.46867 6
32 24 796 316 3.47024 6
34 0 716.236 581.99 3.306 3
34 50 772 308 3.50818 6
34 56 764 308 3.48695 6
34 80 740 300 3.28426 6
36 34 788 316 3.4879 6
38 40 780 316 3.47063 6
38 14 804 324 3.52483 6
38 64 756 308 3.47545 6
10 8 1684 516 3.18691 0
10 56 1513.85 632.902 3.31957 5
10 74 28 724 3.28678 2
10 30 796 292 3.44505 6
40 0 1660.93 10.6476 3.37072 1
40 46 772 316 3.50837 6
40 74 748 308 3.48074 6
40 86 670.981 763.009 3.20254 7
40 22 796 324 3.54627 6
42 54 764 316 3.49985 6
44 28 788 324 3.47549 6
46 36 780 324 3.47751 6
46 12 804 332 3.49839 6
46 64 756 316 3.48214 6
12 38 788 292 3.47843 6
12 58 516 372 3.28975 6
48 44 772 324 3.46868 6
48 20 796 332 3.53906 6
50 0 1666.59 4.99072 3.35657 1
50 52 764 324 3.46376 6
50 66 1095.24 395.314 3.16884 1
50 66 410.765 604.617 3.24796 7
50 78 1612 380 3.13182 2
50 26 788 332 3.47194 6
52 34 780 332 3.47918 6
54 62 756 324 3.4452 6
54 64 748 324 3.44181 6
54 76 9.12891 519.764 3.13556 5
14 2 1692 508 3.17942 0
14 46 780 292 3.44225 6
14 82 44 724 3.25457 2
56 38 780 340 3.40783 6
58 8 156.207 598.96 3.36139 5
58 76 68 460 3.12596 6
58 22 796 340 3.45453 6
58 26 788 340 3.48439 6
60 52 764 332 3.47231 6
62 58 756 332 3.45633 6
62 16 144.893 598.96 3.39103 5
4 10 1668 492 3.29058 2
64 34 133.58 587.647 3.3886 5
64 10 150.55 604.617 3.39488 5
64 10 552.187 678.156 3.3102 1
64 42 127.923 581.99 3.33868 5
64 62 1492 292 3.28026 2
64 66 1225.35 638.558 3.21028 5
64 66 478.648 389.657 3.20576 7
64 18 804 348 3.40681 6
64 72 900 252 3.08596 0
18 52 772 292 3.39647 6
18 64 1502.54 632.902 3.32984 5
18 28 796 300 3.42865 6
20 36 788 300 3.49448 6
20 10 812 308 3.35755 6
22 44 780 300 3.49785 6
22 18 804 308 3.46948 6
22 74 388.138 593.303 3.2615 7
22 82 382.481 598.96 3.24889 7
24 52 772 300 3.43655 6
26 0 548 444 3.27594 4
26 60 764 300 3.45798 6
26 72 1491.22 632.902 3.26249 5
28 8 812 316 3.368 6
28 36 788 308 3.50061 6
28 30 796 308 3.43928 6
30 40 780 308 3.48739 6
30 16 804 316 3.47956 6
30 66 756 300 3.48 6
