0 48 31.7563 723.411 3.13819 5
2 38 1684 148 3.24467 0
8 44 902.912 270.863 3.24565 5
32 38 796 644 3.57153 6
34 0 916 268 3.28563 0
34 8 916 276 3.23413 0
34 40 224.089 598.96 3.24623 3
36 10 828 652 3.34069 6
36 16 820 652 3.57941 6
38 40 796 652 3.59615 6
38 30 804 652 3.58816 6
10 16 670.981 763.009 3.19251 3
10 20 892 284 3.25603 0
42 54 953.823 514.108 3.1669 3
44 0 268 404 3.21902 6
44 14 820 660 3.58188 6
46 40 796 660 3.56334 6
46 22 812 660 3.57569 6
46 30 804 660 3.59254 6
12 6 44 732 3.19272 0
48 46 788 660 3.56926 6
50 18 201.462 598.96 3.26259 3
50 22 1191.41 27.6183 3.26216 7
50 6 331.57 570.676 3.19859 5
52 22 812 668 3.56344 6
54 38 796 668 3.58319 6
54 30 804 668 3.57618 6
14 32 804 628 3.42381 6
14 46 340 588 3.12786 4
14 26 812 628 3.45745 6
56 46 788 668 3.53165 6
56 54 780 668 3.32839 6
62 38 796 676 3.50933 6
62 18 1106.56 587.647 3.12277 1
62 28 804 676 3.50749 6
4 26 1684 132 3.24381 0
64 44 788 676 3.50612 6
66 34 1242.32 10.6477 3.14113 7
66 50 780 676 3.47361 6
70 0 28 732 3.18898 4
70 36 796 684 3.4709 6
70 10 28 724 3.21656 4
18 10 900 276 3.26156 0
18 42 891.598 282.177 3.24206 5
72 44 788 684 3.48822 6
74 0 20 732 3.23633 4
74 46 846.343 406.627 3.19267 1
74 28 1380 428 3.10556 0
74 30 1556 84 3.1191 6
78 36 796 692 3.31039 6
78 54 772 684 3.30705 6
82 6 20 724 3.2029 4
22 32 804 636 3.54445 6
22 48 65.6973 451.882 3.22485 7
22 18 820 636 3.3221 6
22 26 812 636 3.5218 6
6 42 1668 492 3.1854 0
6 14 892 276 3.21028 0
24 46 1660 44 3.16896 0
26 46 139.236 593.303 3.21906 7
28 16 820 644 3.58411 6
30 32 804 644 3.60079 6
30 48 71.3541 457.539 3.22877 7
30 6 908 276 3.27253 0
30 24 812 644 3.59001 6
