0 34 716.235 581.99 3.39021 1
0 40 1532 636 3.38895 6
0 46 1055.65 61.5593 3.30505 3
0 62 1044 67.9999 3.35407 2
0 24 744.52 361.373 3.37418 7
8 14 1516 636 3.35833 6
8 68 1052 59.9999 3.35436 2
32 18 796 84 3.36597 6
32 18 795.432 84.1867 3.35422 5
32 80 1525.17 632.902 3.2553 3
34 0 1655.27 16.3044 3.39911 1
34 36 778.461 78.5299 3.42181 5
34 10 801.088 89.8436 3.34691 5
34 52 761.49 72.873 3.39931 5
34 66 748 68 3.34015 6
38 32 780 84 3.42714 6
38 46 767.147 78.5298 3.41639 5
10 0 761.49 355.716 3.25729 7
10 50 772.804 50.2456 3.40172 5
10 18 750.177 367.029 3.35325 7
10 74 540.873 440.569 3.30059 1
40 40 772 84 3.39501 6
40 14 796 92 3.4056 6
42 38 772.804 84.1867 3.39266 5
42 56 755.834 78.5299 3.40919 5
42 22 788 92 3.42181 6
44 0 1666.59 4.99072 3.35312 1
44 68 644 500 3.28499 6
46 68 524 364 3.30745 4
46 30 780 92 3.37781 6
12 44 778.461 55.9025 3.40091 5
12 26 795.432 61.5593 3.37191 5
48 40 767.147 89.8436 3.38688 5
48 50 761.49 84.1867 3.39123 5
48 24 784.118 95.5004 3.45521 5
50 14 789.775 101.157 3.44234 5
50 62 516 372 3.29502 4
54 72 28 724 3.15146 0
54 80 36 724 3.1206 4
14 0 1692 508 3.26577 0
14 58 764 52 3.43219 6
14 62 761.49 50.2456 3.4146 5
56 32 772 100 3.41285 6
56 44 761.49 95.5004 3.39686 5
58 0 750.177 355.716 3.33306 1
58 40 764 100 3.40811 6
58 20 784.118 106.814 3.43615 5
62 30 772.804 106.814 3.42219 5
16 38 784.118 61.5593 3.36655 5
16 40 780 60 3.40971 6
16 66 756 52 3.4064 6
16 74 546.53 434.912 3.26777 1
64 22 778.461 112.471 3.43034 5
66 38 764 108 3.38693 6
66 70 37.413 729.068 3.11158 7
18 48 772 60 3.38187 6
18 80 818.059 367.029 3.23353 3
18 80 693.608 763.009 3.2516 1
74 70 43.0699 734.725 3.11922 7
74 80 44 732 3.1724 0
22 14 804 76 3.32389 6
22 56 764 60 3.38832 6
22 22 795.432 72.873 3.36143 5
24 64 756 60 3.41103 6
24 66 608.755 598.96 3.28587 1
24 20 796 76 3.37941 6
26 0 588 460 3.26248 4
26 34 784.118 72.873 3.41796 5
26 46 772 68 3.41464 6
28 50 767.147 67.2162 3.40002 5
30 60 756 68 3.40637 6
30 66 750.177 61.5593 3.34204 5
30 26 789.775 78.5299 3.43382 5
