0 0 28 740 3.13556 0
0 34 761.49 627.245 3.30421 1
0 16 348.54 395.314 3.23596 3
0 70 20 732 3.27531 2
0 82 44 732 3.27769 2
0 30 801.088 655.529 3.28854 1
2 42 1140 35.9999 3.30259 2
32 70 614.412 695.127 3.60984 7
32 6 670.981 661.186 3.3758 7
34 44 637.039 683.813 3.59621 7
34 12 665.324 666.843 3.64301 7
34 74 608.755 700.784 3.42124 7
36 52 631.383 689.47 3.60488 7
36 20 659.667 672.5 3.6469 7
38 36 648.353 683.813 3.58148 7
38 60 625.726 695.127 3.58325 7
38 28 654.01 678.156 3.59267 7
10 70 28 724 3.26164 2
10 18 648.353 649.872 3.63449 7
10 72 20 724 3.23682 2
40 68 620.069 700.784 3.60108 7
42 10 670.981 672.5 3.62168 7
42 42 642.696 689.47 3.59405 7
42 74 614.412 706.441 3.50568 7
44 52 637.039 695.127 3.60022 7
44 18 665.324 678.156 3.61897 7
46 58 631.383 700.784 3.55688 7
46 26 659.667 683.813 3.63086 7
12 26 642.696 655.529 3.64866 7
48 32 654.01 689.47 3.61959 7
48 74 620.069 712.098 3.39193 7
50 0 704.922 570.676 3.35214 3
50 10 676.638 678.156 3.58279 7
50 42 648.353 695.127 3.57057 7
50 50 642.696 700.784 3.53787 7
50 74 1676 180 3.19548 2
52 16 670.981 683.813 3.62624 7
54 56 637.039 706.441 3.58088 7
54 66 631.383 712.098 3.56909 7
54 70 1532 156 3.21284 2
54 24 665.324 689.47 3.63014 7
14 8 659.667 649.872 3.27233 7
14 34 637.04 661.186 3.62565 7
14 10 552.187 440.568 3.26266 3
14 46 620.069 666.843 3.42084 7
14 62 252 420 3.16361 2
56 0 532 444 3.34446 4
56 74 1540 156 3.19078 2
58 40 654.01 700.784 3.58138 7
58 48 648.353 706.441 3.499 7
58 56 642.696 712.098 3.36176 7
58 72 1615.68 146.412 3.17061 3
60 14 676.638 689.47 3.54238 7
60 64 637.04 717.754 3.28086 7
60 22 670.981 695.127 3.48296 7
60 30 665.324 700.784 3.41134 7
62 28 716.236 570.676 3.35702 5
16 42 631.383 666.843 3.6175 7
18 0 908 268 3.23817 0
18 8 1052 60 3.28103 4
18 48 625.726 672.5 3.593 7
18 16 654.01 655.529 3.64386 7
18 74 36 740 3.14265 6
20 56 620.069 678.156 3.51797 7
20 24 648.353 661.186 3.65505 7
22 32 642.696 666.843 3.6479 7
6 10 337.226 395.314 3.23024 3
6 46 1519.51 559.363 3.24148 5
6 78 44 724 3.20416 2
26 38 637.039 672.5 3.62824 7
26 46 631.383 678.156 3.60556 7
26 14 659.667 661.186 3.65431 7
28 54 625.726 683.813 3.61501 7
28 22 654.01 666.843 3.64002 7
30 62 620.069 689.47 3.59924 7
30 82 268 404 3.17398 2
30 30 648.353 672.5 3.58528 7
